# Chunk number: 4 of 37

 -0.045517,
      0.136907,
      0.029007,
      0.045471,
      -0.180707,
      -0.083406,
      0.037676,
      0.15038,
      -0.212669,
      0.050964,
      -0.089013,
      0.134958,
      -0.146663,
      0.046251,
      -0.025383,
      0.115538,
      -0.061438,
      0.103114,
      -0.027728,
      -0.04964,
      -0.009591,
      0.157352,
      -0.116571,
      0.055045,
      -0.113564,
      -0.085404,
      0.011673,
      0.110497,
      0.050901,
      -0.008619,
      0.023359,
      0.066128,
      -0.02235,
      -0.037896,
      -0.057897,
      0.182071,
      0.05243,
      -0.014047,
      -0.071804,
      -0.099036,
      0.037238,
      -0.005311,
      -0.078862,
      -0.097546,
      0.028306,
      0.014286,
      0.049944,
      0.035234,
      -0.036729,
      0.036685,
      -0.004418,
      0.106199,
      0.063812,
      -0.020947,
      -0.00457,
      0.028774,
      -0.042817,
      -0.021796,
      0.085822,
      -0.035026,
      0.055308,
      0.097361,
      0.002505,
      0.10033,
      0.12201,
      0.008788,
      0.026729,
      0.035219,
      0.113713,
      0.058522,
      -0.067955,
      0.026161,
      -0.023972,
      -0.07632,
      0.02741,
      -0.015941,
      -0.094477,
      0.087415,
      -0.126216,
      -0.070817,
      0.070644,
      0.05855,
      -0.055209,
      -0.124641,
      -0.067381,
      0.007401,
      0.022823,
      0.044771,
      -0.175668,
      -0.073406,
      0.003622,
      -0.029666,
      -0.032314,
      -0.133743,
      0.0915,
      -0.056507,
      -0.008109,
      0.027258,
      0.116487,
      -0.109526,
      0.018985,
      -0.066565,
      0.104822,
      0.026053,
      -0.044796,
      -0.00492,
      -0.026248,
      -0.04442,
      -0.102425,
      0.145485,
      0.131274,
      -0.174695,
      -0.071247,
      -0.084867,
      0.00458,
      0.048474,
      -0.036662,
      -0.075234,
      -0.029868,
      0.042434,
      0.106841,
      -0.138724,
      -0.020326,
      0.018091,
      0.025013,
      -0.10547,
      0.04804,
      0.035556,
      0.085128,
      -0.015337,
      -0.026028,
      0.060634,
      0.076018,
      -0.070861,
      -0.056208,
      -0.097705,
      0.055936,
      0.005825,
      -0.004588,
      -0.033296,
      0.004725,
      0.115343,
      0.080067,
      0.12936,
      0.056085,
      -0.003384,
      -0.004475,
      -0.053132,
      0.13507,
      0.103227,
      0.175934,
      -0.051094,
      0.095893,
      -0.086739,
      -0.105984,
      -0.117067,
      -0.083259,
      0.07933,
      -0.154624,
      0.002897,
      0.043966,
      0.147953,
      -0.104047,
      -0.018051,
      -0.002411,
      -0.0188,
      0.048697,
      -0.082434,
      0.028775,
      -0.01853,
      -0.055455,
      0.027824,
      0.028904,
      0.075881,
      -0.071635,
      -0.084944,
      0.024007,
      -0.00607,
      -0.118293,
      0.047981,
      -0.13686,
      0.026336,
      -0.141384,
      -0.090968,
      -0.008955,
      -0.007437,
      0.097706,
      -0.01483,
      0.079917,
      -0.033829,
      0.101248,
      -0.022226,
      -0.049615,
      -0.061966,
      0.142397,
      0.123464,
      -0.160713,
      -0.005775,
      0.081705,
      -0.003599,
      -0.070787,
      -0.13085,
      -0.000744,
      0.127336,
      -0.044548,
      0.057557,
      0.098485,
      0.191391,
      -0.010155,
      0.024893,
      -0.052489,
      0.052215,
      -0.006992,
      -0.014094,
      -0.045197,
      -0.077467,
      -0.129918,
      0.127107,
      -0.047873,
      -0.14578,
      -0.012884,
      -0.041364,
      0.027789,
      0.068216,
      0.065624,
      0.055231,
      0.083199,
      0.009617,
      0.125935,
      -0.082675,
      0.06162,
      -0.008775,
      -0.043962,
      -0.184306,
      -0.030851,
      -0.015484,
      -0.01206,
      0.164177,
      0.053022,
      -0.082885,
      -0.112059,
      -0.015293,
      0.132308,
      0.009727,
      -0.191284,
      0.101803,
      -0.065981,
      -0.03946,
      0.023577,
      -0.025513,
      -0.099842,
      0.1482,
      -0.049787,
      0.042169,
      -0.113882,
      -0.015147,
      0.065594,
      -0.068903,
      0.122005,
      0.121176,
      0.080556,
      0.058366,
      0.075155,
      -0.01316,
      0.008215,
      -0.073688,
      0.048912,
      -0.036645,
      -0.05309,
      0.169083,
      0.094865,
      0.03103,
      0.03409,
      -0.03583,
      -0.056385,
      -0.043312,
      -0.093439,
      -0.00828,
      0.063693,
      -0.023474,
      0.037194,
      0.01997,
      0.181478,
      0.145346,
      0.077865,
      0.133586,
      0.070803,
      0.047064,
      -0.027554,
      0.149161,
      -0.034235,
      0.007209,
      -0.039568,
      -0.005272,
      0.089306,
      0.049056,
      -0.063077,
      -0.048927,
      -0.080479,
      0.044785,
      -0.078449,
      -0.003087,
      -0.147638,
      -0.006846,
      0.023811,
      -0.147461,
      -0.000744,
      -0.004576,
      0.024022,
      0.027482,
      -0.003598,
      0.100817,
      -0.133234,
      0.033488,
      -0.219692,
      -0.002605,
      0.041773,
      -0.1145,
      0.194624,
      0.153283,
      -0.001897,
      -0.074019,
      0.066781,
      -0.029201,
      -0.067824,
      -0.029115,
      0.113571,
      -0.010044,
      0.16336,
      0.018302,
      0.051323,
      0.233183,
      0.115949,
      -0.191754,
      -0.154624,
      0.037705,
      -0.033603,
      0.061243,
      -0.061426,
      0.095353,
      0.01116,
      -0.130622,
      -0.142257,
      -0.006353,
      -0.019067,
      -0.00735,
      -0.01383,
      -0.04806,
      -0.012299,
      0.053035,
      0.14185,
      -0.009631,
      -0.200529,
      -0.029586,
      0.036778,
      0.098972,
      0.030822,
      -0.086961,
      0.179904,
      -0.111281,
      0.060935,
      0.094227,
      0.105035,
      0.196457,
      0.085264,
      -0.031142,
      0.129856,
      -0.024996,
      -0.017131,
      0.176009,
      0.076472,
      -0.058137,
      -0.049645,
      0.117678,
      0.047535,
      0.160754,
      -0.155535,
      0.12819,
      -0.069404,
      0.043536,
      -0.014872,
      -0.068544,
      0.139538,
      0.13563,
      -0.069193,
      -0.029805,
      -0.16481,
      -0.203571,
      -0.084308,
      0.142218,
      0.086915,
      0.047773,
      0.040405,
      0.012311,
      -0.047903,
      0.086481,
      -0.009105,
      0.111334,
      -0.180734,
      -0.047753,
      -0.034347,
      -0.115686,
      0.083916,
      0.076996,
      0.020955,
      0.021302,
      0.144167,
      0.08781,
      0.099382,
      0.159587,
      0.022395,
      0.065364,
      0.173851,
      0.047808,
      0.008233,
      0.048951,
      -0.024342,
      -0.060623,
      0.040022,
      -0.033218,
      -0.015156,
      -0.138602,
      -0.03402,
      0.111556,
      0.151747,
      0.130337,
      -0.141304,
      0.013764,
      -0.107613,
      -0.10454,
      -0.017259,
      0.031549,
      0.030365,
      -0.144963,
      -0.071268,
      0.110854,
      -0.102156,
      0.114424,
      0.045009,
      -0.082668,
      -0.08086,
      -0.046961,
      0.002221,
      0.026525,
      -0.111989,
      0.056562,
      0.179164,
      -0.019482,
      0.061106,
      -0.048842,
      0.041802,
      -0.059713,
      0.035237,
      0.085802,
      0.03677,
      0.127978,
      -0.100003,
      -0.160307,
      0.073868,
      -0.049141,
      0.000157,
      0.0047,
      0.155772,
      -0.013642,
      -0.105643,
      0.033857,
      0.033051,
      0.04999,
      0.003038,
      -0.029078,
      0.148738,
      -0.007126,
      -0.11233,
      -0.119131,
      -0.041535,
      0.005549,
      -0.094254,
      -0.073713,
      0.0002,
      0.01918,
      0.007837,
      0.005475,
      -0.060115,
      0.07478,
      0.11349,
      0.122357,
      0.039931,
      -0.159407,
      -0.174993,
      0.075801,
      -0.095087,
      -0.102779,
      0.028317,
      0.03439,
      -0.074547,
      -0.057403,
      0.163699,
      0.071228,
      0.047559,
      0.101754,
      0.014534,
      0.008607,
      0.050169,
      -0.013122,
      -0.102529,
      0.104513,
      0.13007,
      0.066783,
      -0.099529,
      0.107635,
      0.024188,
      -0.017775,
      0.06494,
      0.048705,
      0.037402,
      -0.082256,
      -0.052218,
      0.046645,
      0.092178,
      -0.025073,
      -0.071474,
      -0.093042,
      -0.061764,
      -0.035437,
      -0.058853,
      0.11428,
      -0.076224,
      0.027307,
      0.186768,
      -0.100764,
      0.034097,
      -0.019571,
      0.036294,
      0.070892,
      -0.111165,
      -0.050023,
      -0.104347,
      0.047716,
      -0.017568,
      -0.021448,
      0.130113,
      -0.044407,
      0.215162,
      0.002261,
      0.146083,
      -0.062886,
      -0.104394,
      0.032905,
      -0.192205,
      0.055397,
      -0.136478,
      -0.097107,
      0.031574,
      -0.120819,
      0.030317,
      0.19918,
      0.079823,
      -0.094874,
      -0.17459,
      -0.066305,
      -0.176247,
      -0.032066,
      0.058903,
      -0.022112,
      -0.04174,
      -0.094741,
      -0.032452,
      0.052165,
      0.029631,
      0.016098,
      0.07825,
      -0.010572,
      -0.060572,
      0.104406,
      -0.213264,
      -0.078761,
      -0.08272,
      -0.037222,
      -0.03746,
      -0.003162,
      -0.111561,
      -0.104862,
      -0.05722,
      -0.130942,
      0.000833,
      0.09197,
      -0.108638,
      -0.037753,
      -0.076598,
      0.045657,
      -0.068506,
      -0.069209,
      0.014538,
      0.075626,
      0.059747,
      -0.115811,
      0.008799,
      0.168678,
      0.071552,
      0.033141,
      0.183505,
      -0.179223,
      0.116964,
      0.038649,
      -5.7e-05,
      0.038501,
      -0.147185,
      -0.002089,
      -0.011259,
      0.156763,
      0.020689,
      0.073239,
      0.032852,
      0.045302,
      0.004869,
      -0.149413,
      0.016237,
      -0.046322,
      0.012785,
      -0.020007,
      0.049723,
      -0.064444,
      0.153594,
      -0.020305,
      0.118965,
      -0.095636,
      -0.023824,
      0.072974,
      0.101515,
      0.075835,
      0.08855,
      -0.011738,
      0.166482,
      -0.027703,
      -0.106887,
      0.008816,
      0.02119,
      0.227568,
      -0.062026,
      -0.045158,
      -0.183234,
      0.140963,
      0.09736,
      -0.001012,
      0.102226,
      -0.07562,
      -0.05341,
      0.0164,
      -0.193179,
      0.210384,
      -0.036022,
      0.000914,
      -0.021707,
      0.002582,
      -0.006401,
      0.041029,
      -0.029193,
      -0.075043,
      -0.18229,
      0.155546,
      0.081974,
      -0.007622,
      -0.119757,
      0.145749,
      -0.130354,
      0.028877,
      -0.084177,
      0.050649,
      0.156788,
      -0.114059,
      0.226121,
      0.109386,
      -0.017827,
      0.121101,
      -0.175322,
      -0.065968,
      -0.188622,
      -0.054879,
      0.093599,
      0.010768,
      -0.125041,
      -0.03233,
      0.095576,
      0.215009,
      -0.026884,
      0.06117,
      0.007425,
      -0.027385,
      -0.023269,
      -0.114404,
      0.150783,
      -0.019047,
      -0.154819,
      -0.066012,
      -0.114354,
      0.082004,
      -0.095675,
      0.068783,
      -0.109053,
      -0.172437,
      0.030286,
      0.084332,
      -0.021042,
      -0.029344,
      -0.079048,
      -0.185614,
      -0.155723,
      0.14019,
      -0.025215,
      -0.079954,
      0.006275,
      0.083293,
      0.030385,
      -0.014713,
      0.214261,
      0.216405,
      0.002731,
      -0.030674,
      0.149702,
      -0.015552,
      -0.158917,
      0.089194,
      0.053746,
      0.124072,
      0.040551,
      -0.105055,
      0.101965,
      0.139644,
      -0.052775,
      0.155979,
      -0.080911,
      0.010982,
      0.145949,
      0.039586,
      0.076631,
      0.093753,
      -0.028336,
      -0.128678,
      -0.086201,
      -0.090654,
      -0.102034,
      -0.139478,
      -0.051075,
      0.13024,
      -0.125496,
      -0.03789,
      0.009291,
      -0.084105,
      0.016778,
      0.166443,
      -0.067001,
      0.072757,
      -0.082699,
      0.042652,
      0.127392,
      -0.050308,
      -0.130166,
      -0.036608,
      0.031811,
      0.057519,
      0.06861,
      -0.023158,
      -0.030233,
      0.057075,
      0.0167,
      -0.131198,
      0.151026,
      -0.047298,
      -0.009988,
      -0.1549,
      0.054245,
      0.090869,
      -0.11249,
      -0.123132,
      -0.053372,
      -0.074789,
      -0.136043,
      0.006041,
      0.06255,
      0.065304,
      -0.023467,
      0.106103,
      -0.091867,
      0.163191,
      -0.018911,
      -0.032042,
      0.032815,
      0.095337,
      -0.003883,
      0.135042,
      -0.020154,
      -0.023938,
      0.135108,
      0.190562,
      -0.088683,
      0.089028,
      -0.03809,
      0.071878,
      0.112488,
      -0.093223,
      0.059116,
      -0.053197,
      0.09726,
      0.01581,
      0.003052,
      -0.08743,
      -0.002525,
      0.09061,
      -0.158983,
      -0.003235,
      0.108785,
      0.01937,
      -0.133194,
      0.065954,
      -0.103326,
      0.134477,
      -0.056765,
      -0.173461,
      0.001016,
      0.088484,
      -0.062786,
      -0.067324,
      0.078367,
      -0.117763,
      0.222222,
      0.063769,
      0.073478,
      -0.033014,
      -0.122984,
      0.082608,
      -0.007541,
      -0.022352,
      0.012257,
      -0.146345,
      0.03217,
      0.001432,
      -0.116341,
      0.046059,
      -0.051304,
      -0.028954,
      0.012776,
      -0.03309,
      -0.124374,
      -0.00045,
      -0.035753,
      -0.030716,
      0.034523,
      -0.141365,
      0.077986,
      -0.056413,
      0.02027,
      0.025643,
      0.063046,
      -0.042528,
      -0.098537,
      0.039359,
      0.053868,
      -0.109685,
      -0.017565,
      0.033233,
      0.082084,
      -0.046224,
      -0.073512,
      0.063811,
      -0.050702,
      -0.074726,
      -0.028134,
      0.044838,
      0.006833,
      0.047465,
      -0.012008,
      0.125745,
      -0.060614,
      -0.038535,
      -0.045163,
      -0.026844,
      0.029336,
      0.006681,
      -0.075054,
      0.190499,
      -0.041489,
      0.050834,
      -0.050159,
      0.044017,
      0.136113,
      0.006695,
      0.032156,
      -0.101055,
      -0.090256,
      0.074049,
      -0.122591,
      -0.003787,
      -0.012732,
      -0.089809,
      0.01998,
      0.028434,
      0.223422,
      -0.198898,
      -0.136705,
      0.058363,
      -0.175581,
      -0.043023,
      -0.039067,
      0.188171,
      0.067705,
      -0.170644,
      0.0483,
      0.008978,
      0.045127,
      -0.131776,
      -0.185593,
      0.035357,
      -0.062552,
      0.074332,
      0.070657,
      -0.013791,
      -0.001499,
      -0.145041,
      -0.028805,
      -0.112723,
      0.0134,
      0.099208,
      0.034328,
      0.00791,
      -0.024631,
      0.073245,
      0.020038,
      0.068681,
      0.019284,
      0.042939,
      0.088895,
      0.041622,
      -0.044933,
      0.036246,
      0.045931,
      0.101237,
      -0.029357,
      0.042196,
      -0.101481,
      0.080562,
      -0.019534,
      -0.015063,
      -0.171942,
      -0.050202,
      0.003871,
      -0.124729,
      -0.107616,
      -0.161792,
      0.021331,
      -0.045731,
      0.00899,
      0.102582,
      -0.041717,
      -0.007835,
      -0.030426,
      0.070589,
      0.091797,
      -0.122757,
      0.124637,
      0.156407,
      0.015277,
      -0.000616,
      -0.016477,
      -0.06204,
      0.027563,
      -0.107712,
      0.062713,
      0.053325,
      -0.067388,
      -0.077478,
      0.189252,
      0.201829,
      -0.141584,
      -0.005,
      -0.046593,
      0.040625,
      -0.055407,
      0.024986,
      0.128656,
      0.053388,
      0.019166,
      0.002283,
      -0.022672,
      0.119528,
      -0.098437,
      0.084816,
      -0.095331,
      0.098627,
      0.102077,
      0.028701,
      -0.146516,
      -0.055587,
      -0.168283,
      0.049922,
      -0.017544,
      0.052194,
      0.002937,
      -0.167034,
      0.116559,
      0.011146,
      0.055733,
      0.180491,
      0.084229,
      -0.01543,
      0.019431,
      -0.015721,
      0.029703,
      -0.003936,
      -0.031482,
      -0.151458,
      0.046785,
      -0.12711,
      0.018618,
      0.030284,
      -0.052264,
      -0.043203,
      -0.039863,
      0.030622,
      0.122923,
      0.049818,
      0.000331,
      -0.008106,
      -0.009015,
      -0.028577,
      -0.041487,
      -0.01244,
      -0.056749,
      -0.172735,
      0.039847,
      -0.006909,
      0.101181,
      0.031212,
      -0.203737,
      -0.084349,
      -0.04546,
      0.0731,
      -0.11359,
      0.052338,
      -0.181091,
      0.046258,
      0.08361,
      -0.088763,
      -0.091278,
      -0.095068,
      0.042831,
      -0.001199,
      -0.067713,
      -0.113613,
      -0.055347,
      -0.014506,
      0.072046,
      0.066096,
      -0.051479,
      0.021059,
      0.059215,
      0.153117,
      0.004133,
      0.063784,
      0.044394,
      -0.152012,
      -0.002615,
      -0.061412,
      0.074249,
      -0.058577,
      -0.009188,
      0.008887,
      -0.082813,
      0.041688,
      -0.070577,
      -0.087063,
      -0.14102,
      0.008266,
      0.038475,
      -0.14772,
      -0.094608,
      0.097979,
      0.00639,
      0.044728,
      -0.08834,
      0.036366,
      0.006597,
      0.144554,
      0.015379,
      -0.002068,
      0.166459,
      0.045047,
      0.005857,
      -0.034014,
      -0.107842,
      -0.029772,
      -0.035564,
      0.02529,
      0.16982,
      -0.092643,
      0.076245,
      0.048854,
      -0.032525,
      -0.049302,
      0.036754,
      -0.115079,
      0.078129,
      0.141562,
      -0.107321,
      -0.016306,
      -0.006569,
      -0.072019,
      -0.035408,
      0.045809,
      0.165209,
      0.017048,
      0.058406,
      0.028785,
      -0.046252,
      0.012467,
      -0.01711,
      0.045956,
      -0.080527,
      0.103606,
      -0.00451,
      0.141126,
      0.1128,
      0.119534,
      -0.021331,
      -0.155191,
      0.07131,
      -0.02589,
      0.067697,
      0.047589,
      0.084572,
      -0.126387,
      -0.101297,
      -0.009571,
      -0.115481,
      0.046503,
      -0.155553,
      -0.02765,
      -0.067077,
      0.043107,
      0.079086,
      -0.014807,
      -0.05158,
      -0.0045,
      0.145129,
      -0.029457,
      -0.001196,
      0.064187,
      0.056226,
      0.006341,
      0.025591,
      0.038921,
      -0.029992,
      -0.10259,
      -0.012254,
      -0.093479,
      -0.120132,
      -0.024339,
      0.060929,
      -0.162617,
      -0.13984,
      -0.167383,
      0.089229,
      0.20053,
      -0.123671,
      0.096429,
      0.085481,
      0.037638,
      -0.009132,
      0.032733,
      -0.008625,
      0.08238,
      -0.001362,
      0.065611,
      -0.032804,
      -0.14376,
      0.017695,
      -0.136441,
      0.117428,
      0.095494,
      0.192053,
      -0.1068,
      -0.168938,
      0.124993,
      -0.195407,
      -0.065126,
      -0.00753,
      -0.180492,
      0.142314,
      -0.000714,
      0.131831,
      -0.039362,
      -0.064982,
      -0.027483,
      -0.04671,
      -0.023826,
      -0.024782,
      0.081354,
      0.034488,
      -0.021805,
      -0.043659,
      -0.065418,
      0.039722,
      0.103521,
      0.197331,
      -0.0704,
      0.020053,
      -0.032633,
      -0.03416,
      0.064796,
      -0.073339,
      0.032353,
      -0.093053,
      0.029978,
      0.189619,
      -0.152258,
      0.112461,
      0.043279,
      -0.035876,
      0.08673,
      0.025502,
      -0.19643,
      -0.098946,
      -0.159406,
      0.052704,
      0.124198,
      -0.009236,
      0.140463,
      0.046812,
      0.08585,
      -0.036702,
      0.128626,
      -0.061566,
      0.039572,
      -0.105083,
      -0.059868,
      0.079303,
      0.047584,
      0.00887,
      -0.010727,
      -0.095366,
      0.123066,
      -0.060923,
      0.041047,
      0.081741,
      -0.043699,
      0.006216,
      0.071096,
      -0.197919,
      0.021479,
      -0.121462,
      -0.149197,
      0.018927,
      -0.151954,
      0.033424,
      -0.105165,
      -0.110909,
      0.183022,
      -0.020751,
      0.106067,
      -0.132725,
      0.00377,
      -0.071971,
      0.08947,
      0.155827,
      -0.091186,
      -0.103654,
      -0.050612,
      -0.104415,
      -0.009379,
      0.022036,
      0.007691,
      0.070063,
      -0.076358,
      0.142136,
      -0.005605,
      0.163234,
      0.142964,
      0.062977,
      0.044664,
      0.046216,
      0.131375,
      0.101763,
      0.090016,
      0.036114,
      -0.175626,
      -0.095976,
      0.02368,
      0.020173,
      0.152686,
      0.024093,
      -0.132994,
      -0.023828,
      -0.028223,
      -0.063363,
      -0.018921,
      -0.024631,
      -0.02446,
      0.04811,
      0.005664,
      -0.05813,
      -0.076522,
      -0.108805,
      -0.111358,
      0.041529,
      0.052221,
      -0.015886,
      0.036712,
      0.027381,
      0.102685,
      -0.169516,
      -0.182907,
      0.031177,
      0.021383,
      0.175463,
      -0.066138,
      0.04275,
      0.035197,
      -0.170752,
      0.086716,
      0.088571,
      -0.047302,
      0.010855,
      0.09918,
      0.025303,
      0.04398,
      -0.086109,
      0.03024,
      0.159805,
      -0.229021,
      -0.075525,
      0.02482,
      -0.158829,
      -0.099905,
      0.021341,
      -0.044242,
      0.097817,
      -0.090599,
      -0.053902,
      0.063313,
      0.078042,
      0.125309,
      -0.078085,
      0.027996,
      0.056778,
      0.077428,
      0.018406,
      0.070237,
      -0.017166,
      0.022832,
      -0.027153,
      -0.077851,
      0.074437,
      0.077473,
      -0.090182,
      0.005832,
      -0.019376,
      0.091705,
      -0.108384,
      -0.084779,
      0.00852,
      -0.150227,
      0.124952,
      -0.109568,
      -0.056022,
      0.042394,
      0.08042,
      -0.103203,
      -0.076159,
      -0.010715,
      0.076185,
      -0.023698,
      0.109235,
      0.025341,
      -0.06073,
      -0.080716,
      -0.034599,
      0.082427,
      0.064427,
      0.066509,
      0.023471,
      -0.065676,
      0.10055,
      -0.01668,
      0.058821,
      -0.064062,
      0.021882,
      -0.077562,
      -0.110478,
      0.00738,
      -0.027563,
      0.110542,
      -0.093115,
      -0.025525,
      0.099622,
      0.041743,
      0.00673,
      0.015208,
      -0.076503,
      0.000195,
      0.139343,
      0.028277,
      -0.191616,
      -0.066926,
      0.109006,
      -0.060714,
      -0.016687,
      -0.066978,
      -0.009633,
      0.04071,
      0.133144,
      0.056266,
      0.004262,
      -0.091404,
      -0.129433,
      0.00843,
      -0.028598,
      0.030094,
      -0.100863,
      -0.063014,
      -0.090717,
      -0.111794,
      -0.134968,
      0.140319,
      0.025876,
      -0.205964,
      0.015035,
      -0.117695,
      0.210971,
      0.116552,
      0.039939,
      -0.03035,
      -0.063258,
      -0.087898,
      -0.030308,
      -0.066334,
      0.156004,
      0.081712,
      -0.05253,
      0.111591,
      0.107381,
      0.101526,
      0.092405,
      0.081309,
      0.024141,
      0.021023,
      0.01616,
      -0.053788,
      0.048805,
      0.108786,
      0.016483,
      -0.072076,
      -0.163741,
      0.084845,
      -0.00429,
      0.080509,
      -0.038041,
      0.014182,
      0.032296,
      0.043841,
      -0.01332,
      0.084383,
      -0.029758,
      -0.087811,
      0.085577,
      0.173728,
      0.093257,
      0.184515,
      0.021227,
      0.061929,
      0.140209,
      -0.045632,
      -0.020324,
      0.009544,
      -0.050751,
      -0.025362,
      -0.05739,
      -0.002794,
      -0.074297,
      -0.073317,
      -0.071117,
      -0.06343,
      0.072629,
      0.061374,
      -0.207148,
      0.020365,
      -0.036663,
      -0.052468,
      -0.072954,
      0.067777,
      -0.080244,
      -0.02162,
      -0.097289,
      0.101797,
      -0.128497,
      -0.067015,
      -0.002618,
      -0.023262,
      -0.031667,
      0.113278,
      -0.020873,
      0.109062,
      0.095775,
      0.113432,
      -0.197609,
      0.04621,
      -0.023062,
      -0.113185,
      0.017982,
      0.159169,
      0.113054,
      -0.126263,
      0.101425,
      0.056706,
      0.034614,
      0.124383,
      -0.118934,
      0.005304,
      -0.141987,
      0.000782,
      -0.037796,
      0.003334,
      -0.0761,
      0.064685,
      -0.06492,
      0.07059,
      -0.119175,
      0.072046,
      -0.060005,
      -0.028413,
      0.159387,
      -0.000514,
      -0.007192,
      -0.071649,
      -0.078445,
      0.061162,
      0.067204,
      -0.196056,
      -0.126148,
      -0.129585,
      -0.127482,
      0.058386,
      -0.078663,
      -0.064116,
      -0.063229,
      0.02001,
      0.137882,
      -0.095741,
      0.085623,
      -0.139819,
      -0.038786,
      0.053585,
      -0.074305,
      0.117377,
      0.020799,
      0.135426,
      0.060952,
      0.019892,
      0.030439,
      -0.124635,
      -0.109909,
      0.039802,
      0.051275,
      -0.097198,
      -0.232921,
      0.015866,
      -0.10668,
      -0.063746,
      0.140368,
      0.078847,
      0.166807,
      0.007193,
      0.062945,
      -0.134959,
      -0.065799,
      -0.009108,
      0.088153,
      0.104527,
      0.022628,
      -0.031021,
      -0.010242,
      -0.01706,
      -0.026673,
      0.024899,
      0.171804,
      -0.139701,
      0.078466,
      -0.030881,
      0.034622,
      -0.042313,
      -0.071956,
      0.084003,
      -0.050555,
      -0.041663,
      -0.080616,
      0.130686,
      0.076615,
      -0.049642,
      -0.044269,
      0.100361,
      0.005291,
      0.003304,
      0.115771,
      0.09249,
      -0.089503,
      -0.08016,
      0.067157,
      -0.063071,
      0.011164,
      0.002298,
      0.01088,
      0.060576,
      -0.136927,
      0.002283,
      -0.116148,
      0.100366,
      -0.041039,
      -0.054561,
      0.129575,
      -0.102694,
      -0.075062,
      -0.021994,
      0.140247,
      -0.028189,
      -0.024838,
      -0.091913,
      0.083225,
      -0.149551,
      -0.167485,
      0.002284,
      0.076652,
      -0.001126,
      -0.081906,
      -0.113483,
      0.024284,
      0.100182,
      0.016795,
      -0.032078,
      0.184002,
      0.015732,
      0.00461,
      0.023711,
      0.0522,
      -0.009882,
      -0.018018,
      -0.11908,
      0.004328,
      -0.074368,
      0.007629,
      0.028567,
      0.041017,
      -0.052282,
      0.034034,
      0.082334,
      0.050981,
      -0.06466,
      -0.008778,
      0.15089,
      -0.007386,
      0.025426,
      -0.103277,
      -0.057203,
      0.145798,
      -0.038709,
      0.113547,
      0.001034,
      0.177507,
      0.0225,
      -0.175101,
      -0.030593,
      -0.191238,
      -0.104691,
      0.195291,
      0.160905,
      -0.225582,
      0.139168,
      -0.074289,
      -0.074,
      -0.014785,
      -0.058857,
      0.02027,
      0.051672,
      -0.014534,
      -0.043149,
      0.039552,
      -0.030685,
      0.073358,
      0.004334,
      0.127936,
      -0.152857,
      0.007571,
      -0.165524,
      0.02454,
      -0.040471,
      -0.142012,
      0.029677,
      0.012496,
      -0.021179,
      0.003383,
      0.029079,
      0.097774,
      0.005004,
      -0.010408,
      0.037442,
      -0.0469,
      -0.088417,
      -0.03844,
      0.126491,
      -0.039858,
      -0.024568,
      0.031858,
      -0.031869,
      0.050116,
      0.078752,
      0.076225,
      -0.035239,
      -0.056282,
      0.082261,
      -0.081631,
      -0.134291,
      0.0527,
      -0.081793,
      -0.099775,
      0.04327,
      0.069844,
      -0.027262,
      0.085845,
      -0.051705,
      0.134052,
      -0.12323,
      -0.080485,
      -0.171685,
      -0.039957,
      -0.020402,
      0.000349,
      0.121097,
      -0.145227,
      0.085383,
      0.053364,
      -0.043339,
      0.124374,
      0.007373,
      0.051126,
      -0.007616,
      0.087902,
      -0.152175,
      -0.114725,
      -0.018191,
      0.13869,
      0.128943,
      0.035509,
      -0.118067,
      0.068507,
      0.113877,
      0.118243,
      0.1255,
      0.155715,
      -0.004348,
      -0.055163,
      0.066641,
      -0.136161,
      0.000313,
      0.026444,
      -0.124793,
      -0.072805,
      -0.000338,
      0.099472,
      -0.039162,
      0.032169,
      -0.077044,
      0.188099,
      0.105124,
      -0.059007,
      -0.020482,
      0.113155,
      -0.015706,
      -0.036229,
      -0.050514,
      -0.088919,
      0.11264,
      -0.029201,
      0.018994,
      0.064864,
      0.075691,
      -0.073816,
      -0.004521,
      0.035944,
      0.058511,
      0.147278,
      0.013047,
      0.068332,
      -0.001761,
      0.080235,
      0.097219,
      0.089876,
      0.112958,
      -0.149126,
      -0.164855,
      0.000272,
      0.023629,
      -0.096455,
      0.033263,
      -0.057948,
      0.031452,
      -0.09709,
      0.08992,
      -0.07996,
      0.074281,
      -0.130987,
      -0.066504,
      -0.011223,
      -0.11443,
      -0.048271,
      -0.129946,
      0.009781,
      -0.093872,
      0.046877,
      0.054024,
      0.018092,
      -0.014201,
      0.055003,
      -0.020527,
      0.008229,
      -0.015602,
      0.076053,
      0.054108,
      0.035411,
      0.070496,
      0.099665,
      -0.067129,
      0.194707,
      -0.046424,
      -0.011476,
      -0.051368,
      -0.05097,
      0.059351,
      -0.095701,
      0.116845,
      0.024213,
      0.049584,
      -0.20116,
      -0.018375,
      0.054957,
      0.139898,
      -0.097095,
      -0.035073,
      0.070526,
      0.135826,
      -0.12405,
      0.065388,
      0.117549,
      -0.084884,
      -0.08925,
      0.126303,
      0.111793,
      -0.046687,
      0.026467,
      -0.051736,
      -0.075652,
      -0.04592,
      0.103039,
      -0.054432,
      0.027977,
      0.052934,
      0.09146,
      -0.066407,
      0.001759,
      -0.093348,
      0.052077,
      0.098036,
      0.100899,
      0.00408,
      -0.063613,
      -0.004725,
      -0.133434,
      -0.093068,
      -0.183471,
      0.003936,
      0.059949,
      0.082788,
      0.024795,
      0.004642,
      -0.037982,
      -0.098458,
      -0.023726,
      -0.072498,
      0.158851,
      -0.078489,
      -0.023898,
      0.085366,
      -0.023485,
      0.016515,
      0.112444,
      0.011923,
      -0.164844,
      -0.077402,
      0.069968,
      -0.009553,
      -0.03018,
      -0.024273,
      0.043987,
      -0.057936,
      -0.03301,
      0.099366,
      0.074885,
      -0.068876,
      -0.117121,
      -0.120739,
      0.05759,
      0.025293,
      -0.005801,
      -0.125996,
      -0.056952,
      0.055215,
      -0.050988,
      0.114351,
      0.093199,
      0.107825,
      -0.095591,
      0.006847,
      -0.053978,
      -0.097544,
      -0.154295,
      0.097226,
      -0.10321,
      -0.003976,
      -0.07644,
      -0.099687,
      -0.156442,
      0.017359,
      0.023427,
      0.066195,
      -0.181017,
      -0.042091,
      0.123024,
      -0.006557,
      0.036772,
      0.085122,
      0.079414,
      -0.017528,
      0.039319,
      0.123168,
      0.021272,
      -0.096864,
      -0.006857,
      0.010488,
      0.053821,
      -0.062372,
      0.10705,
      -0.065277,
      -0.042596,
      -0.0395,
      0.09649,
      0.152273,
      0.119078,
      0.019223,
      0.025184,
      -0.076195,
      0.073772,
      -0.084293,
      0.123732,
      -0.075697,
      -0.104916,
      -0.107751,
      0.021047,
      -0.013279,
      0.02958,
      -0.051512,
      -0.098386,
      -0.009972,
      0.093573,
      -0.134186,
      -0.04844,
      -0.051171,
      -0.067506,
      -0.048139,
      0.136376,
      0.15518,
      -0.033599,
      -0.014349,
      0.001751,
      0.036638,
      0.079324,
      -0.0032,
      0.083672,
      0.084348,
      -0.052334,
      0.055588,
      -0.02058,
      -0.083171,
      -0.136438,
      0.009501,
      0.105896,
      -0.102304,
      -0.062979,
      0.154138,
      0.04297,
      -0.055974,
      -0.14619,
      0.039457,
      0.166751,
      0.085703,
      -0.063903,
      0.022356,
      0.014557,
      -0.045473,
      0.039146,
      0.132944,
      -0.061099,
      -0.03055,
      0.062677,
      -0.081675,
      -0.057017,
      -0.111814,
      -0.101927,
      -0.094632,
      -0.032018,
      -0.195561,
      -0.006925,
      -0.00566,
      0.097131,
      0.018736,
      0.087433,
      0.018285,
      0.006846,
      -0.076713,
      -0.029465,
      0.043281,
      0.033351,
      0.007173,
      0.038963,
      -0.009418,
      -0.00376,
      -0.029627,
      0.077575,
      -0.010892,
      -0.136375,
      0.049246,
      0.074102,
      -0.018928,
      -0.087502,
      0.067747,
      -0.043328,
      -0.060313,
      0.171036,
      -0.048604,
      0.007645,
      -0.055948,
      -0.177133,
      -0.164788,
      0.106788,
      -0.075398,
      0.014531,
      -0.093606,
      -0.233107,
      -0.013754,
      -0.070199,
      -0.197402,
      0.117556,
      -0.169192,
      0.02712,
      0.015069,
      0.075864,
      0.013163,
      0.079392,
      0.026503,
      -0.177025,
      0.091249,
      0.091002,
      0.000118,
      -0.051881,
      -0.124239,
      0.057829,
      0.083363,
      0.061469,
      0.002693,
      0.175039,
      0.008383,
      -0.06289,
      0.021201,
      -0.031992,
      -0.064109,
      -0.009771,
      -0.080967,
      -0.008754,
      0.026724,
      -0.11168,
      -0.034606,
      -0.16306,
      0.138864,
      0.062512,
      0.092455,
      -0.11494,
      0.156451,
      0.016966,
      0.028347,
      -0.111503,
      -0.182332,
      -0.012042,
      0.125999,
      0.002369,
      -0.060363,
      0.032965,
      -0.069413,
      -0.191379,
      0.042957,
      0.040453,
      0.166864,
      -0.059689,
      -0.098002,
      -0.071279,
      -0.034083,
      0.189862,
      0.11113,
      0.108671,
      -0.133355,
      0.028599,
      0.011789,
      0.009934,
      -0.050929,
      0.03442,
      0.125134,
      -0.180849,
      -0.134809,
      -0.104358,
      0.163499,
      -0.147261,
      0.076039,
      0.141212,
      -0.129747,
      -0.020898,
      -0.097752,
      -0.010036,
      -0.04745,
      -0.020974,
      -0.021035,
      -0.213251,
      0.033521,
      -0.189859,
      0.026055,
      -0.00848,
      -0.148335,
      -0.001995,
      0.067935,
      0.232454,
      0.031822,
      0.037752,
      -0.023232,
      0.008031,
      -0.030629,
      -0.003712,
      -0.093837,
      0.031971,
      0.11022,
      -0.1427,
      -0.113119,
      0.067533,
      0.150919,
      -0.130537,
      0.089463,
      -0.076532,
      -0.104643,
      -0.157433,
      0.040945,
      -0.013546,
      -0.019086,
      0.010362,
      0.036336,
      -0.097321,
      0.155686,
      -0.055827,
      0.022748,
      -0.155849,
      0.123992,
      0.017993,
      -0.116371,
      0.045017,
      -0.003737,
      0.11494,
      -0.129684,
      0.060498,
      0.153323,
      0.046468,
      -0.034207,
      -0.092792,
      -0.053237,
      -0.036015,
      0.061261,
      -0.082126,
      -0.048164,
      0.177769,
      0.028945,
      0.068346,
      -0.008951,
      0.043208,
      -0.01812,
      -0.131781,
      0.008812,
      0.007821,
      -0.042136,
      -0.043215,
      0.121952,
      0.05845,
      -0.012323,
      -0.019986,
      0.113857,
      0.044076,
      0.029721,
      0.132801,
      0.058784,
      -0.098566,
      -0.006252,
      -0.073396,
      0.021633,
      -0.076013,
      0.02502,
      0.019631,
      0.06149,
      -0.091942,
      -0.003046,
      0.065563,
      -0.141904,
      0.045071,
      0.203546,
      0.150025,
      0.022065,
      0.033507,
      -0.060905,
      0.131432,
      -0.065665,
      0.060964,
      -0.003042,
      0.15755,
      -0.078379,
      -0.215618,
      -0.084168,
      -0.08138,
      0.048888,
      -0.027816,
      0.000949,
      0.072461,
      0.126766,
      -0.023534,
      -0.049418,
      0.05046,
      -0.111255,
      -0.097109,
      -0.059828,
      0.001916,
      -0.060809,
      0.152192,
      0.182241,
      0.125857,
      0.009428,
      -0.084095,
      0.018767,
      0.177926,
      0.154985,
      -0.067098,
      -0.060806,
      -0.114147,
      0.037082,
      0.010099,
      -0.14409,
      0.104811,
      -0.014114,
      -0.047461,
      0.09625,
      0.053829,
      0.053262,
      0.086285,
      0.110134,
      -0.080417,
      -0.051277,
      -0.184732,
      -0.086084,
      -0.129477,
      0.037717,
      0.03202,
      -0.028503,
      0.011446,
      -0.109782,
      0.090287,
      0.119285,
      -0.054391,
      -0.042519,
      0.001113,
      -0.138066,
      -0.108613,
      -0.081844,
      -0.030775,
      -0.009343,
      -0.084452,
      -0.082323,
      0.020228,
      0.05477,
      -0.020938,
      -0.043696,
      0.18761,
      -0.036188,
      -0.071896,
      -0.132188,
      0.039798,
      0.038093,
      0.011885,
      -0.053632,
      0.19767,
      0.011399,
      -0.061641,
      0.091327,
      0.055326,
      0.155176,
      -0.205844,
      -0.183025,
      -0.131952,
      -0.087279,
      -0.069235,
      -0.204745,
      0.121766,
      -0.123984,
      -0.051616,
      0.018559,
      0.058109,
      -0.013969,
      -0.161715,
      0.031506,
      -0.108218,
      0.060566,
      -0.033848,
      0.135755,
      -0.026499,
      -0.049276,
      -0.043883,
      0.140097,
      -0.044568,
      0.079177,
      -0.010222,
      0.105312,
      0.131355,
      -0.222766,
      -0.006898,
      0.010933,
      0.044786,
      -0.006378,
      0.095491,
      0.066153,
      -0.105607,
      -0.002087,
      0.046428,
      -0.038257,
      0.004806,
      0.088579,
      0.148307,
      -0.038926,
      -0.031971,
      -0.00862,
      -0.053996,
      -0.054032,
      -0.097143,
      -0.137473,
      0.04373,
      0.086693,
      -0.018614,
      0.186413,
      -0.065304,
      -0.097929,
      -0.009592,
      0.08264,
      0.037214,
      0.195522,
      0.01577,
      -0.024717,
      -0.014156,
      0.001099,
      -0.058124,
      -0.046785,
      0.020081,
      0.196754,
      -0.025732,
      0.082152,
      -0.128026,
      -0.011457,
      -0.027515,
      0.023878,
      0.176933,
      0.145112,
      0.083764,
      -0.198383,
      0.07595,
      -0.030812,
      -0.074097,
      0.118475,
      0.060614,
      -0.023046,
      -0.130291,
      -0.118422,
      -0.101971,
      -0.077236,
      -0.009267,
      -0.10935,
      0.054829,
      0.100924,
      -0.054714,
      0.065596,
      0.182886,
      -0.039544,
      -0.164252,
      0.034798,
      -0.082667,
      0.146861,
      -0.112156,
      0.159517,
      -0.146432,
      -0.033304,
      0.025605,
      -0.024068,
      0.223194,
      -0.058882,
      -0.145525,
      -0.005954,
      -0.075064,
      0.079153,
      0.151665,
      -0.103271,
      0.088018,
      0.076083,
      -0.154266,
      -0.062139,
      0.082264,
      0.033411,
      0.122495,
      0.061144,
      -0.14072,
      -0.002099,
      0.038604,
      0.041563,
      0.048921,
      0.073638,
      -0.086205,
      -0.01374,
      0.16619,
      0.005371,
      -0.139699,
      0.110907,
      0.121276,
      -0.068914,
      -0.008362,
      -0.078472,
      -0.022489,
      -0.145367,
      -0.172159,
      -0.054271,
      -0.145265,
      0.083841,
      -0.096918,
      0.177316,
      -0.108286,
      0.167893,
      0.102571,
      0.009193,
      0.078653,
      0.059703,
      -0.072966,
      0.014934,
      0.101591,
      0.012858,
      0.121706,
      -0.002642,
      0.072757,
      0.010284,
      0.109429,
      0.124694,
      0.006407,
      -0.126937,
      -0.05678,
      0.006902,
      0.003905,
      -0.019462,
      0.024004,
      0.1652,
      0.053596,
      -0.099228,
      0.062193,
      -0.025147,
      -0.032804,
      -0.024536,
      0.134442,
      0.021494,
      0.131611,
      -0.17048,
      0.076309,
      -0.050851,
      -0.137138,
      0.068247,
      0.093773,
      0.145826,
      0.109984,
      -0.16491,
      0.051414,
      -0.064799,
      -0.061934,
      0.108515,
      0.019386,
      0.005207,
      -0.10077,
      -0.137879,
      0.021536,
      0.001882,
      0.003136,
      -0.121174,
      -0.060335,
      -0.056495,
      -0.096085,
      0.081124,
      0.05324,
      0.206067,
      0.093937,
      -0.060001,
      -0.025831,
      -0.040567,
      0.034112,
      0.107309,
      -0.05931,
      0.078703,
      -0.176047,
      -0.01294,
      -0.013922,
      -0.159947,
      0.022756,
      -0.129692,
      0.105657,
      -0.017426,
      0.172907,
      0.051287,
      0.12169,
      -0.059192,
      -0.111826,
      -0.16576,
      0.167712,
      -0.052605,
      -0.14187,
      -0.045863,
      0.002039,
      -0.017514,
      -0.004901,
      -0.095914,
      -0.073817,
      -0.112286,
      -0.135634,
      -0.005047,
      0.020434,
      -0.186381,
      -0.016642,
      0.05155,
      -0.021297,
      0.146889,
      -0.009901,
      -0.102126,
      0.008979,
      0.020735,
      -0.020101,
      -0.0215,
      -0.07059,
      0.121925,
      0.187232,
      -0.183585,
      -0.046623,
      0.070906,
      0.14387,
      0.051163,
      0.09504,
      0.090544,
      0.113848,
      0.094486,
      -0.094774,
      -0.037596,
      -0.053788,
      -0.041029,
      -0.0342,
      -0.127493,
      0.008698,
      -0.026215,
      -0.079332,
      -0.065146,
      0.002729,
      -0.0051,
      -0.124108,
      0.015855,
      -0.08609,
      -0.117083,
      5.2e-05,
      0.041828,
      0.002883,
      -0.06935,
      -0.060577,
      -0.07149,
      -0.019064,
      0.087374,
      0.095687,
      -0.075123,
      0.080049,
      -0.056581,
      0.208381,
      -0.024402,
      0.019695,
      0.025012,
      0.057801,
      -0.07034,
      0.147985,
      0.095101,
      -0.110399,
      0.06338,
      0.16037,
      -0.149493,
      -0.002873,
      0.020806,
      0.123545,
      -0.167836,
      -0.031189,
      -0.101715,
      0.070094,
      -0.128819,
      0.007576,
      -0.040895,
      -0.18224,
      -0.046161,
      0.02546,
      0.014179,
      0.090971,
      0.087603,
      0.127834,
      0.096286,
      -0.017496,
      -0.042344,
      0.032344,
      0.045242,
      -0.09601,
      -0.155129,
      0.119818,
      -0.004904,
      0.08062,
      0.05818,
      0.153436,
      -0.099158,
      -0.002884,
      -0.022496,
      -0.129283,
      -0.049313,
      0.052892,
      0.159156,
      -0.058802,
      0.051347,
      0.062085,
      0.057084,
      0.042186,
      0.182482,
      0.000173,
      0.155084,
      -0.06372,
      -0.226582,
      -0.025892,
      -0.055602,
      -0.14677,
      -0.04905,
      0.007925,
      0.049711,
      0.038466,
      -0.105711,
      -0.060738,
      -0.000612,
      -0.128179,
      0.030634,
      0.04999,
      -0.150997,
      -0.095909,
      -0.054583,
      0.053428,
      0.187401,
      0.028182,
      -0.165943,
      0.055004,
      -0.024348,
      0.056704,
      0.063937,
      0.065313,
      0.114464,
      -0.014257,
      0.032741,
      -0.187598,
      -0.005034,
      -0.104091,
      -0.069956,
      -0.154035,
      0.078736,
      -0.181558,
      -0.012282,
      0.095616,
      0.034238,
      0.14821,
      0.066556,
      -0.160225,
      0.04529,
      -0.087294,
      0.115602,
      -0.13266,
      0.027712,
      -0.119042,
      0.005977,
      -0.112095,
      -0.026172,
      0.053313,
      -0.035882,
      -0.039024,
      0.026355,
      0.030325,
      0.101486,
      -0.121425,
      0.067578,
      0.028085,
      0.106722,
      -0.012569,
      -0.070651,
      -0.079697,
      -0.105508,
      0.005305,
      0.04487,
      0.084953,
      -0.052183,
      0.003549,
      0.228893,
      -0.122515,
      -0.124787,
      0.082989,
      -0.014582,
      -0.132706,
      -0.060695,
      0.021342,
      0.104779,
      -0.098869,
      0.020698,
      -0.041561,
      0.044764,
      -0.014545,
      0.091741,
      0.035405,
      0.024918,
      0.056065,
      -0.012143,
      -0.028356,
      0.160131,
      -0.050805,
      -0.051786,
      0.068933,
      -0.09018,
      0.138036,
      -0.059208,
      0.07823,
      0.09985,
      -0.049408,
      0.024039,
      0.032103,
      0.015369,
      -0.049505,
      -0.006875,
      -0.013159,
      -0.007267,
      0.057145,
      -0.008565,
      0.020581,
      -0.063606,
      -0.061915,
      -0.02118,
      -0.140846,
      -0.224158,
      -0.102991,
      0.044612,
      -0.148593,
      0.073348,
      -0.15751,
      -0.03937,
      -0.090693,
      -0.085964,
      -0.148379,
      0.061092,
      0.032419,
      0.05004,
      0.031602,
      -0.031065,
      -0.085843,
      0.141448,
      -0.117436,
      0.060341,
      0.064977,
      0.037477,
      0.012819,
      -0.074709,
      0.014964,
      0.059146,
      0.120819,
      -0.021725,
      -0.056507,
      0.110581,
      0.014153,
      -0.088823,
      0.029858,
      -0.049688,
      0.076261,
      0.037341,
      -0.009566,
      -0.124014,
      -0.085976,
      0.081801,
      0.161319,
      0.063596,
      0.137134,
      -0.04609,
      -0.024524,
      -0.020225,
      0.066815,
      0.009238,
      0.038289,
      -0.084668,
      -0.024218,
      0.059718,
      0.016138,
      -0.04589,
      0.056223,
      -0.09728,
      -0.176444,
      -0.094278,
      -0.064126,
      -0.004744,
      -0.071399,
      0.134826,
      0.001827,
      -0.068597,
      -0.036159
    ],
    "posEmb": [
      -0.009008,
      0.270817,
      -0.221553,
      -0.109769,
      -0.152519,
      -0.006766,
      -0.06494,
      0.247933,
      0.270544,
      -0.152815,
      0.139384,
      -0.22369,
      -0.193269,
      -0.160127,
      -0.145949,
      0.302958,
      -0.279998,
      -0.203204,
      -0.169516,
      0.108759,
      -0.035535,
      -0.247154,
      0.037803,
      -0.078689,
      0.161746,
      -0.074166,
      -0.140042,
      -0.30087,
      -0.128306,
      0.176604,
      0.260725,
      0.171749,
      0.233595,
      -0.364794,
      0.336079,
      -0.285549,
      0.2861,
      0.224116,
      0.055681,
      0.007829,
      0.06416,
      0.105178,
      -0.283153,
      0.33738,
      -0.117359,
      0.146438,
      -0.022523,
      -0.071649,
      -0.208491,
      -0.012839,
      -0.215657,
      -0.230011,
      -0.085121,
      0.118678,
      0.116985,
      -0.021422,
      -0.069248,
      0.20599,
      -0.104295,
      0.263773,
      -0.192618,
      -0.257679,
      -0.003494,
      -0.231292,
      0.201282,
      -0.288536,
      -0.271596,
      0.115195,
      0.179066,
      0.240594,
      -0.26258,
      0.131303,
      0.020305,
      0.234008,
      0.130513,
      0.194247,
      -0.159446,
      0.140667,
      0.201479,
      -0.101178,
      -0.156409,
      0.047103,
      -0.046398,
      0.086946,
      -0.217233,
      -0.163043,
      0.216098,
      -0.057932,
      -0.071235,
      0.224625,
      0.08213,
      -0.159677,
      0.320439,
      -0.299644,
      -0.11054,
      0.164325,
      0.08393,
      -0.09934,
      0.143907,
      -0.21491,
      -0.208558,
      -0.238102,
      0.088459,
      0.164237,
      -0.067679,
      -0.072967,
      0.176348,
      -0.29052,
      0.086782,
      -0.167174,
      0.11742,
      0.084019,
      -0.211099,
      0.09708,
      0.243285,
      -0.317282,
      -0.060178,
      0.210823,
      -0.001826,
      0.030651,
      0.252937,
      -0.177603,
      -0.284161,
      0.273927,
      -0.036051,
      0.105024,
      0.077898,
      -0.223645,
      0.158941,
      -0.300234,
      0.261615,
      0.229815,
      -0.120046,
      0.03978,
      0.054539,
      0.041969,
      0.186519,
      0.28467,
      -0.296515,
      0.212823,
      0.036411,
      0.107187,
      0.181352,
      -0.149301,
      -0.215134,
      0.190565,
      0.255634,
      -0.184444,
      0.194855,
      0.289388,
      -0.014624,
      0.156842,
      -0.136537,
      -0.202604,
      0.092897,
      0.039455,
      -0.275518,
      0.088995,
      0.065953,
      -0.007932,
      0.143102,
      0.157215,
      0.249136,
      -0.30689,
      -0.153344,
      0.240109,
      -0.01012,
      -0.17355,
      -0.081749,
      0.019536,
      -0.080221,
      -0.188022,
      0.161282,
      0.271702,
      -0.008794,
      -0.269623,
      -0.261048,
      -0.111939,
      -0.234522,
      0.108715,
      -0.107424,
      0.294347,
      -0.043503,
      0.00091,
      -0.245909,
      0.190339,
      0.216005,
      0.189334,
      -0.169115,
      -0.2715,
      0.012999,
      -0.083101,
      -0.199848,
      0.092926,
      -0.027165,
      -0.028014,
      -0.178491,
      -0.211803,
      0.067868,
      -0.046054,
      -0.049182,
      0.016014,
      -0.129225,
      0.036062,
      -0.158078,
      -0.204351,
      -0.003464,
      0.29823,
      -0.063573,
      0.211506,
      -0.155876,
      -0.227311,
      -0.007863,
      -0.274491,
      -0.236874,
      0.241185,
      0.120528,
      -0.017204,
      -0.19483,
      0.045682,
      0.032875,
      0.142819,
      -0.091892,
      -0.004514,
      0.18471,
      0.124751,
      0.123919,
      0.240156,
      -0.087199,
      0.190637,
      0.112279,
      -0.232,
      -0.225278,
      0.237591,
      0.10151,
      -0.156018,
      -0.111642,
      0.18235,
      -0.086939,
      -0.162073,
      0.234974,
      0.328903,
      0.055282,
      0.292871,
      -0.035551,
      -0.09725,
      -0.206179,
      0.101919,
      0.264429,
      -0.209656,
      -0.228006,
      0.119693,
      0.23887,
      -0.217879,
      -0.237689,
      0.072013,
      0.210624,
      0.258842,
      0.171598,
      0.061714,
      0.217295,
      -0.181699,
      -0.182302,
      -0.2601,
      0.133106,
      -0.204088,
      -0.283135,
      0.163127,
      -0.117143,
      0.171343,
      -0.151793,
      -0.207869,
      -0.023957,
      0.01576,
      -0.248099,
      -0.072773,
      0.131952,
      0.034273,
      -0.159854,
      -0.170762,
      0.165102,
      -0.272262,
      -0.249825,
      0.248643,
      0.009202,
      0.149491,
      -0.228962,
      0.20494,
      0.090399,
      -0.073838,
      0.163767,
      0.169508,
      -0.019713,
      -0.142445,
      0.207363,
      0.227748,
      -0.234952,
      -0.14945,
      -0.1816,
      0.048596,
      0.095508,
      0.099507,
      -0.166164,
      -0.165556,
      -0.1931,
      -0.297289,
      0.237216,
      0.000875,
      -0.088394,
      0.031663,
      -0.140332,
      -0.20982,
      -0.276374,
      -0.167267,
      0.143235,
      0.169777,
      -0.174115,
      0.091414,
      0.032211,
      -0.147554,
      0.14593,
      0.03815,
      0.222646,
      -0.036554,
      -0.127526,
      -0.072876,
      -0.245319,
      -0.050914,
      0.096305,
      -0.171773,
      -0.197463,
      -0.1048,
      0.080069,
      -0.088801,
      -0.01085,
      -0.195423,
      0.026109,
      -0.080671,
      -0.147366,
      0.010946,
      0.116687,
      -0.02391,
      0.091402,
      0.015187,
      0.269006,
      0.295476,
      0.10532,
      -0.010528,
      0.232389,
      -0.243008,
      -0.202012,
      -0.018631,
      -0.144528,
      0.067704,
      -0.262992,
      -0.047248,
      -0.01239,
      0.194757,
      -0.192051,
      0.240602,
      0.037496,
      0.149828,
      0.099261,
      -0.078087,
      0.075524,
      -0.027304,
      -0.173937,
      0.237298,
      -0.168058,
      -0.256689,
      0.231645,
      0.144787,
      0.169712,
      -0.126762,
      0.142915,
      -0.109193,
      -0.000443,
      0.095104,
      0.234333,
      -0.085314,
      0.179846,
      0.186682,
      -0.02068,
      0.065244,
      -0.11615,
      0.059605,
      0.035085,
      0.255578,
      0.20797,
      -0.087579,
      0.008138,
      0.277063,
      -0.174094,
      -0.134231,
      -0.129824,
      -0.133974,
      -0.217579,
      0.179014,
      -0.094145,
      0.01864,
      0.184006,
      -0.14096,
      -0.232175,
      0.240826,
      0.267,
      -0.314352,
      -0.099461,
      0.01595,
      0.25188,
      0.272206,
      0.005895,
      0.064939,
      0.158956,
      -0.047321,
      0.163105,
      -0.217247,
      -0.196785,
      -0.144956,
      -0.084761,
      -0.228534,
      -0.267047,
      -0.127809,
      0.027998,
      -0.023346,
      -0.179685,
      0.065308,
      0.231814,
      -0.359952,
      0.251078,
      0.24191,
      -0.024551,
      0.225349,
      -0.157127,
      0.080813,
      0.190929,
      -0.207327,
      0.246074,
      0.219942,
      0.145092,
      -0.011807,
      -0.177774,
      0.072006,
      0.003095,
      -0.040689,
      0.072408,
      -0.200913,
      -0.008753,
      -0.029346,
      0.236541,
      0.131385,
      0.073504,
      0.169705,
      0.145509,
      0.268548,
      -0.171955,
      0.077932,
      0.137605,
      0.168188,
      -0.224104,
      0.231841,
      -0.115938,
      0.1067,
      0.127052,
      -0.079887,
      0.030852,
      0.055333,
      -0.014175,
      0.162204,
      -0.200689,
      0.031534,
      -0.209585,
      -0.16872,
      0.038026,
      -0.183335,
      -0.055653,
      -0.150703,
      -0.067208,
      -0.161294,
      -0.093389,
      0.298618,
      0.156461,
      -0.128199,
      -0.007253,
      0.156702,
      0.083602,
      0.222411,
      0.038641,
      0.139874,
      -0.234381,
      0.030633,
      0.046274,
      -0.008996,
      0.150106,
      0.227639,
      0.072403,
      0.24157,
      -0.162042,
      -0.157604,
      0.086318,
      -0.059501,
      0.167173,
      -0.03249,
      -0.158176,
      0.042142,
      -0.03443,
      0.269092,
      0.092597,
      -0.05519,
      0.078022,
      -0.230272,
      0.128721,
      -0.214611,
      -0.210502,
      0.133949,
      -0.099704,
      -0.214798,
      -0.039131,
      0.202438,
      -0.084326,
      -0.080499,
      -0.185384,
      0.23088,
      0.304374,
      0.071751,
      0.123568,
      0.017253,
      -0.204089,
      -0.185933,
      -0.29734,
      0.096466,
      -0.045825,
      0.088539,
      -0.136983,
      -0.100655,
      -0.305748,
      -0.12353,
      0.058483,
      0.246633,
      0.286732,
      -0.121927,
      0.255874,
      -0.011227,
      -0.234211,
      -0.255555,
      -0.06334,
      -0.163748,
      -0.165633,
      -0.24047,
      0.085314,
      -0.106813,
      0.055258,
      -0.125314,
      -0.182776,
      0.046874,
      0.179704,
      -0.188797,
      -0.063591,
      -0.079907,
      -0.25679,
      -0.231195,
      0.206858,
      -0.300542,
      0.18091,
      -0.061152,
      0.289026,
      -0.227674,
      -0.182328,
      0.23847,
      -0.167971,
      -0.094836,
      0.210702,
      -0.226282,
      -0.21991,
      -0.182521,
      0.118768,
      -0.176426,
      0.222753,
      -0.123077,
      0.241896,
      0.106901,
      -0.017075,
      0.067754,
      0.060347,
      0.193372,
      0.224186,
      0.132461,
      -0.276448,
      -0.295149,
      -0.141604,
      -0.091584,
      -0.262382,
      -0.001527,
      0.12837,
      -0.08792,
      0.236388,
      0.249767,
      -0.0387,
      0.230981,
      -0.0753,
      0.261485,
      -0.262942,
      0.202621,
      -0.270111,
      -0.161695,
      -0.238897,
      0.114482,
      0.258612,
      -0.202169,
      -0.277279,
      0.290039,
      0.000307,
      0.041665,
      0.101734,
      -0.159467,
      -0.005007,
      0.142165,
      -0.01203,
      -0.285177,
      0.215118,
      -0.198163,
      0.287841,
      0.051243,
      -0.150881,
      0.125605,
      0.246535,
      0.164088,
      0.290085,
      -0.213222,
      0.273603,
      0.118338,
      -0.014813,
      0.296495,
      -0.001751,
      0.24367,
      0.208643,
      0.266851,
      0.038623,
      -0.271774,
      0.206473,
      -0.073022,
      -0.224825,
      0.289682,
      0.188606,
      -0.181499,
      -0.254112,
      -0.301788,
      -0.173664,
      -0.221856,
      0.125345,
      0.004413,
      -0.147164,
      -0.045978,
      -0.070531,
      -0.042878,
      0.227194,
      0.096982,
      0.250894,
      0.085475,
      -0.008408,
      0.236418,
      0.2369,
      -0.089657,
      -0.085768,
      -0.160029,
      0.008936,
      0.020138,
      -0.072522,
      -0.132106,
      0.133798,
      -0.064238,
      0.085316,
      0.274059,
      -0.20873,
      -0.218838,
      0.04254,
      0.0302,
      -0.034029,
      0.093504,
      -0.076864,
      -0.217298,
      0.001688,
      0.223849,
      0.109336,
      -0.150273,
      0.185183,
      -0.206484,
      -0.266837,
      -0.145924,
      -0.109095,
      0.025174,
      -0.205257,
      -0.278594,
      0.295847,
      -0.218754,
      -0.248319,
      -0.300353,
      0.004533,
      0.031868,
      0.003784,
      -0.303657,
      0.233834,
      -0.139461,
      -0.060124,
      -0.004975,
      -0.214035,
      -0.066727,
      0.224565,
      -0.188337,
      0.064156,
      0.269859,
      -0.187201,
      -0.2315,
      0.086765,
      -0.239422,
      0.187586,
      -0.218895,
      -0.281081,
      0.090907,
      0.032925,
      -0.298516,
      0.255072,
      0.135003,
      0.205525,
      0.137855,
      0.277937,
      -0.054366,
      0.234034,
      -0.09421,
      0.037371,
      0.169879,
      0.290918,
      -0.298095,
      -0.137272,
      -0.106487,
      -0.170269,
      0.301258,
      -0.078943,
      0.233532,
      0.060809,
      -0.251958,
      -0.139119,
      -0.204277,
      -0.073387,
      0.107778,
      0.06038,
      0.178959,
      0.209093,
      -0.0513,
      -0.023915,
      0.171862,
      -0.154546,
      -0.107659,
      0.282476,
      -0.27162,
      -0.007924,
      0.009968,
      0.142849,
      -0.118592,
      -0.048691,
      -0.147525,
      0.208668,
      0.302489,
      0.075041,
      0.304809,
      0.126115,
      0.208632,
      0.301158,
      -0.01839,
      -0.234824,
      -0.142206,
      -0.075089,
      -0.232428,
      -0.303796,
      0.192781,
      -0.29287,
      0.023925,
      -0.144286,
      0.065154,
      0.227255,
      -0.130302,
      -0.001008,
      -0.154383,
      -0.281234,
      0.115466,
      0.092314,
      -0.251477,
      -0.168044,
      0.048262,
      0.013108,
      -0.147071,
      -0.153324,
      0.148514,
      -0.12027,
      -0.013099,
      0.273795,
      0.039653,
      0.242262,
      -0.235099,
      -0.09787,
      -0.015244,
      0.149319,
      -0.147909,
      0.140306,
      0.252641,
      -0.208785,
      -0.159276,
      -0.010733,
      0.180923,
      -0.198074,
      -0.145048,
      0.160537,
      0.087248,
      -0.237481,
      0.266459,
      -0.044574,
      0.142755,
      -0.16369,
      0.142785,
      0.263964,
      -0.03572,
      -0.033744,
      0.234832,
      -0.103124,
      -0.071499,
      0.0047,
      -0.210608,
      0.300742,
      -0.141844,
      0.217667,
      0.269726,
      -0.094575,
      0.108396,
      -0.248055,
      -0.043387,
      0.100157,
      0.065139,
      -0.117533,
      -0.190255,
      -0.014502,
      -0.299201,
      0.079262,
      -0.302567,
      -0.211157,
      0.103016,
      0.116604,
      -0.168086,
      0.134026,
      0.077059,
      0.063645,
      0.154241,
      0.246452,
      0.233844,
      0.23487,
      0.218057,
      0.061343,
      -0.200745,
      -0.237678,
      0.260972,
      -0.088374,
      -0.076252,
      -0.258996,
      -0.10212,
      0.033646,
      -0.134067,
      -0.23632,
      0.24722,
      -0.052315,
      0.066864,
      -0.087759,
      -0.102526,
      -0.210669,
      0.025849,
      -0.103141,
      0.155491,
      0.116959,
      0.244021,
      -0.155274,
      -0.077783,
      -0.281379,
      0.276192,
      -0.285951,
      -0.134847,
      0.118665,
      0.046295,
      0.060637,
      -0.222141,
      -0.297862,
      0.229047,
      0.079581,
      0.002033,
      -0.009609,
      -0.115693,
      0.026083,
      0.025906,
      -0.251748,
      -0.009429,
      -0.087851,
      -0.129473,
      -0.178855,
      0.279941,
      0.144978,
      0.015738,
      0.029907,
      -0.140229,
      0.057046,
      0.052925,
      -0.003503,
      0.27278,
      0.218765,
      0.21815,
      0.222538,
      -0.021613,
      -0.222312,
      0.244479,
      0.016321,
      -0.300359,
      0.263658,
      -0.085643,
      -0.226832,
      0.226296,
      -0.181811,
      -0.21322,
      0.063667,
      -0.073506,
      -0.172296,
      0.201656,
      -0.22509,
      0.276301,
      0.232999,
      -0.067877,
      0.085574,
      0.115106,
      0.157996,
      0.277524,
      0.156249,
      0.050454,
      -0.228348,
      -0.022224,
      0.090482,
      -0.010552,
      0.081533,
      0.085387,
      -0.165416,
      0.120521,
      0.302838,
      -0.195059,
      0.167851,
      0.003383,
      -0.199345,
      -0.05317,
      0.025953,
      0.279331,
      0.184547,
      0.293362,
      0.014517,
      -0.079609,
      0.09585,
      -0.135029,
      0.213127,
      -0.110477,
      0.197535,
      0.063575,
      0.047654,
      -0.203292,
      0.037614,
      0.032051,
      -0.279146,
      0.233415,
      -0.245279,
      0.098238,
      0.173871,
      -0.155617,
      -0.229953,
      -0.267061,
      -0.090572,
      -0.005585,
      0.193768,
      -0.289167,
      -0.297517,
      0.269822,
      0.234736,
      -0.039862,
      0.041952,
      -0.031902,
      0.164781,
      -0.21387,
      -0.019147,
      -0.083609,
      -0.226703,
      -0.228308,
      -0.270486,
      0.257476,
      0.0276,
      -0.15436,
      -0.240614,
      0.302152,
      0.021325,
      -0.0933,
      -0.103238,
      -0.084432,
      0.208015,
      0.158302,
      0.088641,
      -0.271803,
      0.251486,
      0.013809,
      0.225124,
      -0.085454,
      0.052809,
      -0.177745,
      -0.213887,
      0.257132,
      -0.079263,
      -0.172819,
      -0.09885,
      0.132905,
      0.230056,
      -0.241675,
      0.143957,
      -0.272373,
      -0.203283,
      -0.128553,
      0.15184,
      0.203798
    ],
    "blocks": [
      {
        "ln1Gamma": [
          0.918361,
          0.973837,
          0.943321,
          0.96164,
          0.957436,
          0.959468,
          0.969948,
          0.950727,
          0.959351,
          0.952735,
          0.941543,
          1.062024,
          1.018077,
          0.996448,
          0.958564,
          0.975283,
          0.938596,
          1.037847,
          0.947301,
          0.969874,
          1.031632,
          1.008375,
          0.924253,
          0.955042,
          0.985415,
          1.054279,
          0.979747,
          0.990745,
          0.998554,
          0.983339,
          0.959397,
          0.965067
        ],
        "ln1Beta": [
          0.013207,
          -0.039702,
          -0.010736,
          0.009527,
          0.049827,
          0.003048,
          0.025349,
          -0.017738,
          -0.009232,
          -0.000526,
          -0.00611,
          0.079275,
          0.011805,
          0.002628,
          0.006563,
          0.013128,
          0.005569,
          -0.025338,
          -0.025103,
          0.022586,
          -0.006212,
          0.009527,
          0.029079,
          -0.015448,
          0.004475,
          -0.014359,
          0.014399,
          0.041703,
          0.012077,
          0.002654,
          -0.022025,
          -0.009688
        ],
        "wQ": [
          0.042785,
          -0.031637,
          0.198404,
          0.086435,
          -0.188314,
          0.051547,
          -0.071444,
          0.145426,
          0.224718,
          -0.034438,
          -0.1217,
          0.285208,
          0.112474,
          -0.144557,
          -0.209099,
          -0.016048,
          0.127063,
          0.02339,
          -0.262289,
          0.01684,
          0.200555,
          -0.277436,
          0.075024,
          -0.258998,
          -0.124352,
          -0.273015,
          -0.13059,
          0.126862,
          0.082625,
          -0.222746,
          -0.218515,
          0.253219,
          -0.011534,
          0.156325,
          -0.076089,
          -0.015798,
          -0.233491,
          -0.296421,
          -0.026932,
          0.032053,
          -0.105428,
          0.031097,
          -0.199645,
          -0.154377,
          0.119217,
          0.242897,
          -0.035817,
          -0.169633,
          -0.074686,
          -0.059526,
          -0.236796,
          0.109628,
          0.136665,
          0.170608,
          0.257531,
          -0.228934,
          0.235534,
          -0.01794,
          0.198388,
          -0.299084,
          -0.292806,
          -0.225876,
          -0.110088,
          0.054266,
          0.047116,
          0.266372,
          -0.283223,
          0.103722,
          0.25465,
          -0.094983,
          0.132311,
          -0.17422,
          0.015995,
          0.185647,
          -0.216026,
          0.298076,
          0.007191,
          0.261272,
          -0.049419,
          0.007825,
          -0.092867,
          0.005147,
          -0.082991,
          0.193646,
          -0.136913,
          -0.044423,
          0.134169,
          0.09978,
          0.367217,
          0.249218,
          -0.047276,
          0.009761,
          -0.077508,
          -0.183614,
          0.157647,
          -0.075794,
          0.171283,
          0.173622,
          -0.226531,
          0.034955,
          0.148993,
          -0.171976,
          0.272358,
          -0.160059,
          0.188618,
          0.127101,
          -0.139331,
          -0.113155,
          -0.228819,
          0.122711,
          -0.048951,
          -0.139783,
          -0.007301,
          0.239699,
          -0.155278,
          0.189896,
          -0.011009,
          -0.126675,
          0.188321,
          -0.05606,
          -0.259199,
          0.082451,
          0.028915,
          0.167815,
          0.29674,
          -0.162259,
          0.069353,
          0.006729,
          -0.174185,
          -0.277482,
          0.119355,
          0.083791,
          -0.075489,
          -0.159376,
          -0.019648,
          -0.209206,
          -0.207746,
          0.238394,
          0.048661,
          0.274378,
          -0.20916,
          -0.240601,
          0.029413,
          -0.181032,
          -0.035446,
          0.010854,
          -0.062623,
          0.132015,
          -0.071429,
          -0.049409,
          0.232464,
          -0.11426,
          -0.01956,
          0.085191,
          0.037086,
          -0.01959,
          -0.174478,
          -0.065966,
          -0.175365,
          -0.117926,
          0.11074,
          -0.182485,
          -0.239996,
          0.080329,
          -0.154047,
          -0.1991,
          -0.115078,
          -0.3014,
          0.011284,
          -0.145531,
          0.0026,
          -0.095664,
          0.1089,
          0.278803,
          0.215771,
          0.013318,
          -0.198153,
          0.128998,
          0.006154,
          0.258318,
          0.152042,
          -0.064698,
          -0.259276,
          0.016257,
          0.23465,
          -0.12756,
          -0.087671,
          0.017443,
          0.327518,
          -0.012487,
          0.252654,
          0.214388,
          0.150365,
          -0.291894,
          -0.219845,
          -0.14366,
          -0.036843,
          0.152237,
          0.151875,
          0.311959,
          0.189369,
          0.074004,
          0.201783,
          0.192009,
          0.097509,
          -0.10647,
          0.041796,
          0.162599,
          0.097379,
          -0.132373,
          0.287465,
          0.042263,
          -0.072321,
          0.12981,
          -0.170981,
          -0.071554,
          -0.271188,
          -0.250002,
          0.075317,
          0.206127,
          0.274811,
          0.207169,
          0.013115,
          0.125148,
          -0.189729,
          -0.184147,
          -0.185072,
          -0.253904,
          -0.109717,
          -0.004753,
          0.093024,
          0.17375,
          0.212364,
          0.141968,
          -0.182903,
          0.114049,
          0.041994,
          -0.061757,
          0.009413,
          -0.042932,
          -0.081906,
          -0.142328,
          -0.134879,
          -0.15402,
          0.072616,
          -0.205346,
          0.002552,
          -0.020187,
          0.138014,
          -0.073738,
          -0.158184,
          -0.35597,
          -0.162172,
          0.359072,
          -0.245027,
          0.253645,
          -0.088813,
          0.010246,
          -0.224115,
          0.20533,
          -0.26629,
          -0.06944,
          -0.095153,
          0.162042,
          0.027232,
          -0.218306,
          0.321567,
          0.20191,
          0.107718,
          0.130659,
          0.007921,
          0.189584,
          0.05239,
          -0.236789,
          -0.209086,
          -0.173383,
          -0.241519,
          -0.260671,
          0.079413,
          0.030399,
          0.08035,
          0.272381,
          -0.23673,
          0.021705,
          -0.008465,
          -0.097907,
          0.215525,
          0.05321,
          -0.179328,
          0.217469,
          0.301195,
          -0.063337,
          0.053911,
          0.193797,
          0.31315,
          0.147248,
          0.041827,
          0.243106,
          -0.043761,
          0.090715,
          0.166469,
          -0.038789,
          0.079328,
          0.117564,
          -0.014626,
          0.310264,
          0.27954,
          0.159887,
          -0.1161,
          0.061927,
          0.144558,
          0.224343,
          -0.080157,
          0.161822,
          -0.075621,
          0.160026,
          -0.063962,
          -0.09342,
          -0.049565,
          0.180743,
          0.107167,
          0.224891,
          0.099576,
          -0.201962,
          -0.126336,
          0.238202,
          -0.042571,
          -0.175397,
          0.053807,
          0.151039,
          0.105377,
          0.081109,
          -0.155549,
          0.226666,
          0.256431,
          0.027314,
          -0.023542,
          -0.322382,
          -0.021345,
          0.19078,
          0.053761,
          -0.089559,
          0.001718,
          0.033236,
          0.130824,
          0.048155,
          -0.307362,
          -0.125736,
          -0.257671,
          -0.300703,
          -0.032896,
          0.18822,
          0.250481,
          0.096454,
          -0.270126,
          -0.292641,
          -0.169359,
          0.160903,
          -0.101625,
          0.239779,
          0.049967,
          0.284392,
          0.252897,
          -0.124032,
          -0.311375,
          0.07644,
          -0.084429,
          -0.017503,
          -0.164621,
          -0.159288,
          0.179405,
          0.01792,
          -0.059309,
          0.050039,
          -0.314898,
          0.135738,
          0.174288,
          0.254344,
          -0.189982,
          -0.183759,
          -0.242865,
          -0.08326,
          -0.213898,
          -0.232352,
          0.235636,
          0.045358,
          0.225271,
          -0.076327,
          0.096991,
          -0.295323,
          0.184363,
          0.227974,
          -0.044016,
          -0.140255,
          0.238541,
          0.056976,
          -0.176218,
          -0.308316,
          0.119101,
          -0.058786,
          0.28757,
          0.168531,
          0.052052,
          0.236298,
          -0.183485,
          -0.258246,
          0.082983,
          0.136892,
          -0.233848,
          0.199802,
          -0.143817,
          -0.16264,
          0.063093,
          0.019385,
          -0.003944,
          -0.19454,
          0.218983,
          0.060813,
          0.110132,
          -0.320514,
          0.282188,
          0.052851,
          -0.113261,
          -0.262596,
          -0.121451,
          0.072664,
          0.157889,
          -0.180654,
          0.156906,
          -0.02395,
          -0.199827,
          0.062684,
          0.063479,
          -0.245462,
          0.203182,
          -0.259842,
          -0.271889,
          0.229489,
          -0.174032,
          -0.034346,
          0.004615,
          0.133855,
          -0.018759,
          0.140221,
          -0.15604,
          0.281336,
          0.227543,
          -0.023687,
          -0.105918,
          0.050562,
          0.088843,
          -0.09073,
          0.025896,
          -0.177338,
          -0.012497,
          -0.242567,
          0.133525,
          -0.128427,
          -0.101765,
          -0.166056,
          0.020474,
          -0.222781,
          0.085031,
          -0.333515,
          0.223248,
          0.179847,
          0.111193,
          0.166021,
          -0.26166,
          -0.007304,
          -0.015129,
          0.033669,
          0.031211,
          0.028882,
          0.038563,
          0.090848,
          -0.273727,
          0.134728,
          -0.261986,
          0.131635,
          -0.195183,
          -0.01462,
          0.176104,
          0.325079,
          -0.065006,
          -0.009375,
          0.274237,
          0.004137,
          -0.296746,
          -0.00688,
          -0.025553,
          0.044431,
          0.009681,
          0.106249,
          -0.287163,
          0.100512,
          0.045383,
          0.357231,
          0.155272,
          -0.061216,
          -0.231749,
          0.219241,
          -0.176013,
          0.095446,
          -0.024874,
          0.077429,
          0.074139,
          0.064305,
          0.163479,
          0.105861,
          0.214883,
          0.234588,
          0.324109,
          0.198561,
          0.288667,
          0.172465,
          -0.18006,
          -0.295484,
          0.222472,
          -0.337397,
          -0.046152,
          0.19082,
          0.035913,
          0.087759,
          -0.150593,
          0.26985,
          -0.051301,
          0.29719,
          0.067528,
          -0.13263,
          -0.254139,
          -0.097765,
          0.172847,
          -0.203624,
          -0.205423,
          -0.106074,
          0.046079,
          -0.077681,
          -0.008694,
          0.249486,
          -0.042702,
          0.198454,
          0.168616,
          -0.290998,
          0.1302,
          0.274413,
          -0.196136,
          0.048297,
          0.263532,
          -0.031344,
          -0.123252,
          0.171278,
          0.028392,
          -0.140986,
          -0.04993,
          0.031073,
          0.293719,
          -0.150293,
          0.034181,
          -0.259263,
          0.151328,
          0.178008,
          -0.02477,
          -0.00331,
          0.161048,
          -0.100939,
          0.10277,
          -0.132124,
          0.251746,
          -0.144274,
          0.166752,
          0.141434,
          0.078114,
          0.031385,
          0.097855,
          0.289462,
          0.16117,
          -0.277891,
          -0.263155,
          -0.20157,
          0.226357,
          -0.310679,
          -0.313778,
          -0.043331,
          -0.267985,
          0.180733,
          0.062882,
          -0.264737,
          -0.077185,
          0.226527,
          -0.088229,
          -0.12918,
          0.101708,
          0.061066,
          -0.321944,
          -0.004626,
          0.000868,
          0.200093,
          0.07378,
          -0.01323,
          0.068653,
          -0.06571,
          0.085825,
          -0.113121,
          -0.22524,
          0.052158,
          0.12428,
          -0.135125,
          0.26246,
          0.24043,
          -0.044578,
          0.031498,
          -0.089072,
          0.096361,
          0.263507,
          0.247843,
          0.150425,
          -0.082555,
          0.264792,
          -0.046467,
          0.228004,
          -0.145152,
          -0.24666,
          -0.067672,
          0.367899,
          0.013135,
          0.356429,
          -0.362929,
          0.09608,
          0.127529,
          0.335802,
          -0.10898,
          0.187535,
          -0.105782,
          0.187177,
          -0.159653,
          -0.068667,
          -0.157767,
          -0.157707,
          -0.107975,
          0.210441,
          0.059106,
          -0.082