# Chunk number: 8 of 37

012,
      -0.099224,
      -0.034525,
      -0.162904,
      -0.088683,
      -0.128769,
      0.068789,
      0.058963,
      -0.109002,
      -0.021634,
      -0.066912,
      -0.192627,
      -0.024889,
      -0.055988,
      -0.117701,
      -0.189374,
      -0.087874,
      0.133376,
      0.012242,
      0.068623,
      0.03842,
      -0.032168,
      -0.052734,
      -0.077615,
      -0.053832,
      -0.07906,
      0.020557,
      -0.036276,
      0.091447,
      0.024078,
      -0.05532,
      -0.09334,
      0.104631,
      -0.056828,
      -0.04258,
      0.127427,
      0.007633,
      -0.067523,
      -0.122872,
      0.103539,
      0.083032,
      0.027368,
      -0.012608,
      0.019285,
      0.100394,
      -0.040715,
      0.144843,
      -0.018285,
      0.10524,
      0.089045,
      -0.051471,
      -0.004336,
      -0.071043,
      0.010609,
      -0.002325,
      0.029958,
      0.13462,
      -0.078643,
      -0.057662,
      0.157673,
      -0.024277,
      0.138988,
      -0.021095,
      0.036284,
      -0.159396,
      0.007258,
      -0.006516,
      0.025182,
      -0.12231,
      0.048787,
      0.022964,
      -0.02303,
      0.025103,
      0.165852,
      0.083776,
      0.028018,
      0.028872,
      -0.03519,
      -0.063466,
      0.089715,
      0.036539,
      0.052905,
      0.003507,
      0.230768,
      0.172106,
      0.188289,
      0.192283,
      0.108114,
      0.18542,
      -0.077539,
      -0.034944,
      -0.00265,
      -0.120636,
      -0.105547,
      -0.126275,
      0.017098,
      0.049915,
      -0.010502,
      0.227256,
      0.00115,
      0.072023,
      0.027472,
      0.204943,
      -0.018136,
      -0.030753,
      -0.000681,
      0.067178,
      0.00289,
      -0.024939,
      -0.067616,
      -0.017176,
      0.015548,
      -0.113037,
      0.103876,
      0.061416,
      0.209712,
      0.165293,
      0.019267,
      0.115908,
      0.034191,
      0.131161,
      -0.106824,
      -0.029093,
      0.164203,
      0.108424,
      -0.0023,
      -0.04625,
      -0.083459,
      -0.014217,
      -0.012925,
      0.135062,
      0.031047,
      0.011839,
      -0.008149,
      -0.089037,
      0.030841,
      -0.07934,
      -0.022599,
      0.060279,
      -0.140858,
      0.144364,
      0.072945,
      0.120577,
      0.075243,
      0.047427,
      -0.01941,
      0.163695,
      0.073944,
      0.222959,
      0.069536,
      0.024525,
      0.137837,
      -0.040729,
      0.012361,
      0.117943,
      -0.016294,
      0.149144,
      0.121522,
      0.161022,
      0.183775,
      0.036849,
      0.136779,
      0.020911,
      0.140877,
      -0.034439,
      0.052696,
      0.025291,
      -0.0755,
      0.12472,
      0.044453,
      0.045839,
      0.123776,
      0.027161,
      0.021043,
      0.065739,
      0.050181,
      0.046396,
      -0.046593,
      0.151451,
      0.086907,
      0.202512,
      0.026391,
      0.099349,
      0.212148,
      0.030984,
      0.138134,
      0.011526,
      0.152436,
      -0.057653,
      -0.036259,
      -0.045948,
      0.122465,
      0.086641,
      -0.017706,
      0.003061,
      0.074848,
      0.036913,
      0.110345,
      -0.069732,
      0.153478,
      0.049452,
      0.161651,
      0.008685,
      -0.039006,
      0.056887,
      0.077246,
      -0.021288,
      0.061774,
      0.081176,
      0.155518,
      -0.047469,
      -0.006186,
      0.136776,
      -0.012443,
      0.089063,
      -0.056451,
      -0.001991,
      -0.030662,
      0.078744,
      0.057613,
      0.178429,
      -0.031914,
      0.172681,
      0.127881,
      -0.031746,
      0.029894,
      0.060211,
      0.088078,
      -0.038061,
      0.109784,
      0.09192,
      0.144913,
      0.02975,
      0.041774,
      0.006399,
      0.067207,
      0.188887,
      0.105267,
      0.009803,
      0.10705,
      0.103139,
      0.15946,
      0.108339,
      0.097825,
      -0.003606,
      0.1907,
      0.090188,
      0.020353,
      0.091698,
      0.06627,
      0.195995,
      0.101464,
      -0.039909,
      0.105401,
      0.003997,
      0.076017,
      0.139943,
      -0.055226,
      0.160696,
      0.125185,
      0.076108,
      -0.04866,
      0.165411,
      0.129858,
      -0.02647,
      -0.027859,
      0.070485,
      0.074425,
      0.085638,
      0.104462,
      0.038764,
      0.094945,
      0.116242,
      0.030732,
      0.007649,
      0.099618,
      0.052714,
      0.154028,
      0.097973,
      0.089725,
      -0.016808,
      0.128661,
      -0.065504,
      0.133931,
      -0.028446,
      0.103642,
      -0.042904,
      -0.008146,
      0.092325,
      0.154441,
      0.151602,
      -0.014843,
      0.128241,
      0.140734,
      0.003264,
      0.076976,
      0.130732,
      -0.008514,
      0.129051,
      0.062181,
      0.15806,
      0.005003,
      0.098282,
      0.074342,
      0.097089,
      -0.046533,
      0.032108,
      0.092971,
      0.170337,
      0.117834,
      0.002533,
      0.074385,
      0.161424,
      -0.032065,
      0.093023,
      -0.004121,
      0.03124,
      0.184629,
      0.114005,
      0.036828,
      0.051514,
      0.159774,
      0.008396,
      0.014424,
      0.171484,
      -0.024939,
      0.116204,
      0.132033,
      -0.008757,
      0.135314,
      0.006428,
      0.195679,
      0.062836,
      0.03219,
      0.014324,
      -0.022255,
      0.172061,
      0.169267,
      -0.027275,
      -0.002535,
      0.103552,
      -0.012398,
      0.064161,
      0.097726,
      -0.037564,
      -0.050481,
      0.089852,
      -0.043523,
      0.078566,
      0.144646,
      0.038176,
      0.146155,
      -0.039018,
      0.180293,
      -0.014708,
      0.119328,
      0.148739,
      0.011761,
      0.15491,
      0.166878,
      0.167488,
      0.024977,
      0.059693,
      0.083925,
      0.102637,
      0.117316,
      0.130087,
      0.159368,
      0.167326,
      0.152993,
      -0.015643,
      0.139771,
      -0.010248,
      -0.038659,
      0.166336,
      -0.061498,
      0.180799,
      0.076445,
      0.084564,
      -0.002637,
      -0.011876,
      0.025612,
      -0.034333,
      0.161216,
      0.081359,
      0.093195,
      0.155557,
      0.127143,
      0.064287,
      -0.007927,
      -0.024791,
      0.178738,
      -0.018375,
      0.061322,
      -0.034324,
      -0.104572,
      0.020391,
      0.060961,
      0.084771,
      0.031391,
      -0.086165,
      0.114477,
      -0.010444,
      0.058838,
      0.084639,
      0.121056,
      0.116557,
      0.140535,
      -0.029047,
      -0.0175,
      -0.069319,
      -0.077316,
      -0.014341,
      -0.139443,
      -0.007399,
      0.099625,
      -0.050677,
      -0.1033,
      0.004851,
      -0.053511,
      0.096931,
      0.071875,
      0.084607,
      0.150661,
      -0.085026,
      -0.151861,
      0.068426,
      0.025522,
      -0.04757,
      0.151284,
      -0.199187,
      0.075837,
      0.136079,
      -0.041993,
      0.015193,
      -0.197379,
      0.154972,
      -0.015376,
      -0.083697,
      0.025496,
      0.05701,
      0.070532,
      0.051512,
      0.027949,
      -0.013505,
      -0.078383,
      0.040326,
      0.108718,
      -0.044009,
      0.003915,
      -0.01186,
      -0.018582,
      -0.168576,
      -0.075393,
      -0.129298,
      -0.123622,
      0.039766,
      -0.117213,
      0.001545,
      0.092366,
      -0.104306,
      -0.125315,
      -0.149859,
      -0.080589,
      0.027129,
      -0.008399,
      -0.095951,
      0.001305,
      0.015335,
      -0.099041,
      -0.03385,
      -0.132031,
      -0.005665,
      -0.030541,
      -0.168614,
      -0.155394,
      0.006503,
      -0.133866,
      0.064688,
      -0.160144,
      -0.038049,
      0.012565,
      0.101151,
      -0.145514,
      -0.01898,
      -0.010745,
      0.01407,
      0.020528,
      -0.078493,
      -0.119576,
      -0.019073,
      -0.040091,
      -0.081372,
      0.007782,
      -0.024499,
      0.051999,
      -0.102354,
      0.043849,
      -0.072523,
      -0.20275,
      -0.084568,
      -0.042168,
      0.002361,
      -0.010657,
      0.075601,
      0.012697,
      0.053238,
      0.066612,
      0.006125,
      -0.186392,
      -0.013835,
      -0.003252,
      -0.090679,
      -0.180198,
      0.019394,
      -0.021399,
      -0.110084,
      0.014427,
      -0.126856,
      -0.027758,
      0.015973,
      0.150217,
      -0.09806,
      -0.114329,
      0.056759,
      -0.094101,
      -0.12755,
      -0.133129,
      -0.066307,
      -0.107551,
      -0.116842,
      0.102044,
      0.022627,
      -0.130488,
      -0.06782,
      0.0577,
      -0.195812,
      0.08732,
      0.05121,
      -0.049172,
      0.051198,
      -0.160631,
      -0.010888,
      -0.003776,
      -0.079571,
      -0.065696,
      -0.193429,
      -0.171571,
      -0.013511,
      -0.132074,
      -0.072763,
      0.042537,
      -0.032998,
      -0.18714,
      -0.008882,
      -0.134952,
      -0.127809,
      0.002354,
      0.015131,
      -0.037511,
      -0.03491,
      0.048085,
      -0.124179,
      -0.097128,
      0.00256,
      -0.149184,
      -0.054318,
      -0.117531,
      -0.17205,
      -0.018453,
      0.03504,
      -0.166729,
      -0.005518,
      -0.168995,
      -0.084641,
      -0.001154,
      -0.060317,
      -0.118841,
      -0.154585,
      -0.056122,
      -0.024803,
      0.039322,
      0.038481,
      0.107729,
      0.086476,
      -0.042654,
      -0.057107,
      -0.146469,
      -0.135141,
      0.002116,
      -0.002325,
      0.043363,
      -0.005699,
      -0.006231,
      0.045562,
      0.062825,
      -0.080118,
      -0.026232,
      0.024389,
      -0.010565,
      -0.053407,
      -0.109401,
      -0.035597,
      0.021525,
      -0.068097,
      -0.024416,
      -0.160041,
      0.035911,
      -0.052147,
      0.063142,
      -0.036756,
      -0.012316,
      -0.063531,
      0.058516,
      -0.200592,
      -0.146319,
      -0.054872,
      0.053132,
      -0.098383,
      0.053945,
      -0.075074,
      0.026514,
      -0.026391,
      -0.11738,
      -0.009959,
      -0.164166,
      -0.153167,
      -0.100532,
      -0.029752,
      -0.157985,
      -0.03662,
      0.055063,
      -0.102096,
      0.013899,
      -0.0121,
      0.03993,
      0.047333,
      0.009074,
      0.04632,
      -0.009637,
      -0.114276,
      -0.1602,
      -0.041031,
      0.064515,
      -0.068792,
      -0.148598,
      -0.074021,
      0.01388,
      -0.040089,
      -0.171227,
      -0.132626,
      -0.086105,
      -0.112418,
      -0.174267,
      -0.083112,
      0.049094,
      -0.025161,
      -0.036127,
      -0.175738,
      -0.158223,
      0.026839,
      -0.176763,
      0.04865,
      -0.156877,
      -0.084029,
      -0.052867,
      0.013031,
      -0.130192,
      -0.126142,
      -0.056242,
      0.014855,
      -0.046339,
      0.003567,
      0.036625,
      -0.145061,
      0.044162,
      -0.002925,
      0.02205,
      -0.038643,
      -0.171424,
      0.001015,
      0.034269,
      -0.181853,
      -0.040662,
      -0.063221,
      -0.030119,
      0.003251,
      -0.012874,
      -0.035242,
      -0.168275,
      -0.009197,
      -0.160013,
      -0.056831,
      -0.08,
      -0.173699,
      -0.170814,
      -0.047418,
      0.016636,
      -0.128894,
      -0.040358,
      -0.036053,
      -0.088954,
      -0.200687,
      0.007956,
      -0.026559,
      -0.179253,
      -0.161912,
      -0.164488,
      -0.067056,
      -0.122329,
      0.00158,
      -0.163502,
      -0.070117,
      -0.00349,
      0.042008,
      0.00362,
      -0.075685,
      -0.124265,
      -0.010611,
      -0.125392,
      -0.160366,
      0.006689,
      -0.158276,
      -0.084975,
      -0.141077,
      0.010931,
      -0.109711,
      0.008932,
      -0.148566,
      -0.12373,
      0.027471,
      -0.082909,
      -0.093607,
      0.004725,
      0.027274,
      -0.02339,
      -0.139691,
      -0.063275,
      -0.091537,
      0.039625,
      -0.172017,
      -0.071572,
      -0.05126,
      -0.151841,
      -0.174011,
      -0.188617,
      -0.058083,
      -0.153107,
      -0.148393,
      -0.090847,
      0.027863,
      -0.075846,
      -0.074462,
      -0.142141,
      -0.073636,
      0.031616,
      -0.075434,
      -0.038518,
      0.013408,
      0.027443,
      -0.12609,
      0.026615,
      -0.105362,
      0.018787,
      -0.016387,
      -0.036152,
      -0.020716,
      -0.001821,
      -0.119087,
      -0.129509,
      -0.096115,
      -0.182086,
      -0.02477,
      0.022798,
      -0.162113,
      -0.079235,
      0.022329,
      -0.170423,
      0.000723,
      -0.046222,
      -0.117557,
      -0.040665,
      -0.102442,
      0.063324,
      -0.179735,
      -0.035598,
      0.043714,
      0.046722,
      -0.056996,
      -0.168555,
      0.128086,
      -0.002604,
      -0.063211,
      0.016719,
      -0.025224,
      0.011583,
      0.071286,
      0.136581,
      0.079227,
      0.105374,
      -0.073772,
      0.030692,
      -0.041587,
      -0.11349,
      -0.032486,
      0.139156,
      0.128751,
      -0.141665,
      0.000427,
      0.085383,
      0.049489,
      -0.021406,
      0.056255,
      -0.131167,
      -0.113797,
      0.011606,
      0.030722,
      0.188639,
      -0.134147,
      -0.038436,
      0.052777,
      -0.182076,
      0.001163,
      0.014083,
      0.048281,
      0.010129,
      0.154096,
      0.104181,
      0.150257,
      -0.111671,
      -0.125814,
      -0.051495,
      -0.020114,
      0.126285,
      -0.092034,
      0.129177,
      -0.128926,
      0.099643,
      0.058156,
      -0.023235,
      0.004024,
      -0.10531,
      -0.034798,
      -0.179858,
      -0.048366,
      -0.038818,
      0.200723,
      0.081527,
      -0.100125,
      0.155529,
      -0.102985,
      -0.135151,
      0.086655,
      0.096294,
      0.098822,
      0.016606,
      0.035562,
      0.137603,
      0.000714,
      -0.028279,
      -0.044677,
      0.150955,
      0.135446,
      -0.04657,
      -0.062048,
      0.002497,
      -0.023049,
      0.005565,
      0.167948,
      -0.141465,
      0.12926,
      0.00013,
      0.041942,
      0.068976,
      -0.018649,
      0.096688,
      0.031959,
      0.123987,
      -0.127404,
      0.074309,
      0.02156,
      0.056456,
      -0.015498,
      -0.051035,
      0.013969,
      -0.125351,
      0.036366,
      0.076523,
      0.000135,
      0.106699,
      -0.109516,
      0.043954,
      0.087776,
      0.124208,
      0.076477,
      -0.066033,
      0.054024,
      0.012397,
      0.070066,
      0.088997,
      -0.121412,
      0.160248,
      -0.093738,
      0.038799,
      -0.009286,
      0.135016,
      0.156585,
      0.077841,
      0.134245,
      -0.192383,
      0.011975,
      0.115066,
      -0.021857,
      0.005311,
      0.104882,
      -0.112717,
      -0.152673,
      0.158957,
      -0.009237,
      0.112433,
      0.147626,
      0.10477,
      -0.026231,
      -0.042145,
      -0.000591,
      0.202331,
      -0.133532,
      0.028742,
      -0.10828,
      -0.095287,
      0.173642,
      0.001005,
      -0.021306,
      0.070263,
      -0.067177,
      -0.163001,
      0.068947,
      0.211115,
      0.036383,
      -0.019533,
      -0.021356,
      -0.061078,
      -0.157994,
      -0.073187,
      0.047313,
      0.11745,
      0.036684,
      0.108241,
      0.013084,
      0.085694,
      0.012943,
      0.10004,
      0.010412,
      0.031125,
      -0.046674,
      0.069996,
      0.13223,
      0.048889,
      0.072806,
      -0.044024,
      -0.033541,
      -0.017206,
      0.025465,
      0.013719,
      0.050641,
      -0.043978,
      0.076801,
      0.08455,
      0.168748,
      0.176442,
      0.144208,
      0.048259,
      0.030624,
      0.179612,
      -0.024531,
      0.057562,
      -0.083518,
      0.060165,
      -0.031545,
      0.064199,
      0.074876,
      0.06804,
      0.059446,
      -0.034197,
      0.074291,
      0.100192,
      0.157192,
      -0.05009,
      0.060225,
      0.091066,
      0.034794,
      0.042298,
      -0.109611,
      0.026398,
      -0.105427,
      -0.005836,
      0.065809,
      -0.02053,
      0.132916,
      0.180957,
      0.064545,
      0.094077,
      -0.007964,
      -0.015003,
      -0.017362,
      0.145187,
      0.121535,
      -0.040559,
      0.063049,
      -0.012622,
      -0.05595,
      0.082395,
      0.013066,
      0.139715,
      0.155507,
      0.135308,
      0.098653,
      -0.06052,
      -0.046263,
      0.098125,
      -0.002784,
      0.040567,
      -0.055734,
      -0.088483,
      -0.012368,
      -0.01708,
      -0.073011,
      -0.010702,
      0.088442,
      0.133889,
      0.082537,
      0.02326,
      0.019606,
      0.099914,
      0.005592,
      0.172691,
      0.04552,
      0.097231,
      0.083322,
      -0.031383,
      0.100873,
      0.120139,
      0.031458,
      -0.013564,
      0.11952,
      -0.052097,
      0.102946,
      0.143341,
      0.086547,
      0.005312,
      0.005337,
      -0.068692,
      0.034866,
      -0.046436,
      -0.034927,
      0.103168,
      -0.022443,
      0.045985,
      0.128462,
      0.126426,
      0.070113,
      0.108321,
      0.132362,
      -0.031638,
      -0.035194,
      -0.0266,
      0.099782,
      0.089513,
      -0.055245,
      -0.038899,
      -0.043591,
      0.107537,
      -0.01412,
      0.103728,
      0.146442,
      0.069772,
      -0.011386,
      -0.026481,
      0.11472,
      -0.004619,
      0.0093,
      0.09311,
      0.164493,
      0.08575,
      0.02336,
      0.042084,
      0.045001,
      0.075895,
      -0.03176,
      0.005587,
      0.097285,
      -0.015627,
      0.046964,
      0.086798,
      0.076206,
      -0.027962,
      0.10121,
      0.077558,
      -0.018278,
      -0.054448,
      0.124466,
      0.009256,
      -0.05806,
      0.013736,
      -0.016572,
      -0.058175,
      0.007448,
      -0.070996,
      0.12845,
      -0.037435,
      0.033171,
      -0.050243,
      -0.009418,
      0.077782,
      0.053423,
      0.044661,
      -0.039094,
      0.023365,
      0.063769,
      -0.049134,
      -0.001286,
      0.050805,
      -0.062956,
      0.000904,
      -0.025681,
      0.103708,
      -0.045674,
      -0.044057,
      0.110026,
      0.092925,
      0.183063,
      0.065007,
      0.144666,
      0.105772,
      0.025209,
      0.009114,
      0.098065,
      0.007373,
      0.055343,
      0.107212,
      0.001713,
      0.040155,
      -0.040995,
      -0.012505,
      0.149326,
      -0.020901,
      0.108323,
      0.09807,
      0.071124,
      -0.020932,
      0.152145,
      -0.007204,
      -0.036111,
      -0.011592,
      0.004278,
      0.018221,
      0.006018,
      0.003059,
      0.090941,
      -0.074054,
      0.059967,
      -0.017407,
      0.133021,
      0.084798,
      -0.016145,
      0.024973,
      0.039322,
      -0.043713,
      0.140624,
      0.203439,
      0.06692,
      -0.041684,
      0.006164,
      -0.05435,
      0.009984,
      -0.062388,
      0.077887,
      0.156499,
      -0.053892,
      -0.049224,
      0.06934,
      -0.07421,
      0.02238,
      -0.031005,
      0.06462,
      0.111403,
      -0.046837,
      0.000651,
      -0.031257,
      -0.103008,
      0.058159,
      0.035153,
      -0.067917,
      0.100416,
      0.010249,
      0.052609,
      0.076814,
      -0.074736,
      0.013642,
      -0.077006,
      0.1715,
      0.111722,
      -0.012263,
      0.104847,
      -0.125179,
      -0.044476,
      -0.124699,
      0.025808,
      0.025045,
      -0.025931,
      -0.116362,
      -0.151991,
      0.067515,
      -0.056503,
      0.068806,
      -0.094201,
      -0.079938,
      0.053949,
      0.0776,
      0.035116,
      0.022185,
      -0.045,
      0.037712,
      0.034416,
      0.086091,
      -0.138584,
      -0.045011,
      -0.060402,
      -0.052891,
      0.061602,
      -0.090973,
      -0.062814,
      -0.058528,
      0.060622,
      -0.024564,
      0.168727,
      0.118017,
      -0.143019,
      -0.001039,
      -0.026782,
      -0.054957,
      -0.038469,
      -0.053682,
      -0.023932,
      -0.042331,
      -0.086962,
      0.026521,
      -0.005911,
      0.05622,
      -0.090411,
      0.0472,
      0.05512,
      -0.031297,
      0.040857,
      -0.173303,
      -0.043455,
      -0.009683,
      0.063258,
      -0.153454,
      -0.153009,
      -0.083115,
      -0.138703,
      0.011773,
      0.030012,
      0.044714,
      -0.15061,
      0.027328,
      -0.069433,
      -0.014217,
      -0.016734,
      0.005776,
      -0.051593,
      -0.133566,
      -0.013915,
      -0.126414,
      -0.058848,
      0.07648,
      -0.16539,
      -0.038433,
      -0.110488,
      -0.06905,
      -0.178948,
      -0.170925,
      0.049013,
      -0.075351,
      0.045215,
      -0.062721,
      0.064047,
      -0.068187,
      -0.160687,
      -0.000664,
      -0.18902,
      -0.075426,
      -0.105003,
      0.062495,
      -0.043238,
      -0.072706,
      0.032207,
      -0.044591,
      0.013715,
      -0.064909,
      0.136292,
      -0.115888,
      0.013853,
      -0.139,
      -0.057611,
      -0.105089,
      0.021516,
      -0.021025,
      -0.001861,
      -0.124411,
      0.035284,
      0.001886,
      -0.123618,
      -0.007353,
      -0.0083,
      0.177577,
      -0.038904,
      -0.187238,
      -0.01688,
      -0.052173,
      -0.059971,
      -0.028309,
      -0.017388,
      -0.087154,
      -0.06676,
      -0.032764,
      0.020389,
      -0.201874,
      -0.135475,
      -0.043591,
      0.000536,
      -0.04845,
      -0.117575,
      -0.164197,
      0.062829,
      -0.171738,
      -0.095721,
      -0.035101,
      -0.168931,
      0.008301,
      -0.158632,
      -0.14082,
      -0.12764,
      -0.043062,
      0.072391,
      -0.1347,
      -0.155091,
      0.013264,
      -0.083788,
      0.017553,
      0.060651,
      -0.005639,
      -0.067538,
      0.014429,
      -0.171149,
      -0.143642,
      -0.125594,
      -0.120347,
      -0.105447,
      -0.129363,
      -0.061644,
      -0.05827,
      -0.021447,
      -0.154532,
      -0.024612,
      -0.046109,
      -0.096518,
      0.040768,
      0.052271,
      0.007502,
      -0.065918,
      -0.085955,
      -0.098653,
      -0.006556,
      -0.056258,
      -0.090527,
      -0.055836,
      -0.103901,
      -0.044484,
      0.05109,
      -0.003794,
      -0.08398,
      0.084942,
      -0.12292,
      0.024322,
      0.082263,
      0.04872,
      0.03334,
      -0.114556,
      0.014617,
      -0.091856,
      -0.047197,
      -0.174065,
      -0.124108,
      0.051094,
      -0.05432,
      -0.148882,
      -0.139704,
      -0.038762,
      -0.073827,
      -0.036406,
      0.018034,
      -0.163814,
      -0.03122,
      -0.099029,
      -0.142212,
      0.026647,
      0.01752,
      -0.075706,
      -0.154149,
      -0.149984,
      0.029183,
      -0.182819,
      -0.038393,
      -0.021792,
      0.004548,
      -0.043376,
      -0.003907,
      0.041084,
      -0.071149,
      -0.042741,
      -0.014288,
      0.006007,
      -0.039717,
      0.005509,
      0.053973,
      -0.158577,
      0.02102,
      -0.100001,
      -0.041561,
      -0.024939,
      -0.023542,
      -0.116318,
      -0.096462,
      0.048739,
      0.010199,
      -0.027242,
      -0.047106,
      0.034366,
      0.002132,
      -0.060471,
      -0.119885,
      -0.024842,
      -0.001918,
      0.029403,
      -0.053219,
      -0.037718,
      -0.131482,
      -0.11864,
      -0.098316,
      -0.096474,
      -0.067924,
      -0.154853,
      -0.138904,
      -0.030074,
      -0.013593,
      -0.119763,
      -0.113574,
      0.002896,
      -0.149407,
      -0.145162,
      -0.007081,
      -0.111597,
      -0.144143,
      -0.086415,
      -0.125048,
      -0.038092,
      -0.150574,
      -0.14687,
      -0.069244,
      0.05495,
      -0.081274,
      -0.115254,
      -0.092555,
      0.063885,
      0.050469,
      0.030804,
      -0.008578,
      -0.105582,
      -0.059522,
      0.061462,
      -0.13525,
      -0.046185,
      0.016551,
      -0.085783,
      -0.112198,
      -0.147585,
      0.034083,
      -0.084669,
      -0.10307,
      0.05909,
      -0.093921,
      -0.009256,
      -0.059902,
      0.011217,
      -0.100193,
      -0.165368,
      0.016809,
      -0.071828,
      -0.149917,
      -0.003722,
      -0.073314,
      -0.129166,
      -0.162682,
      -0.044697,
      -0.078399,
      -0.152685,
      0.017933,
      -0.1759,
      -0.103668,
      -0.086073,
      -0.015125,
      -0.139226,
      -0.139115,
      -0.108103,
      -0.108247,
      -0.007084,
      -0.167161,
      -0.111332,
      -0.091816,
      -0.023681,
      -0.107896,
      -0.036388,
      0.01914,
      -0.15119,
      0.067632,
      -0.024438,
      0.028232,
      -0.126159,
      -0.083368,
      0.074758,
      -0.044268,
      -0.085462,
      -0.168587,
      0.032478,
      -0.05845,
      -0.103472,
      0.015711,
      -0.153113,
      -0.159457,
      -0.035536,
      -0.146523,
      -0.085696,
      -0.15663,
      0.051316,
      0.024893,
      -0.044346,
      -0.069285,
      0.019273,
      -0.074732,
      0.040358,
      -0.04742,
      -0.079884,
      -0.126424,
      -0.128236,
      0.01629,
      0.047704,
      -0.015249,
      -0.077355,
      -0.165317,
      -0.037129,
      0.175446,
      0.220373,
      0.075629,
      0.154415,
      0.065934,
      0.178582,
      0.113182,
      0.013431,
      -0.037662,
      -0.11184,
      -0.006962,
      -0.053981,
      0.148528,
      -0.077611,
      -0.081616,
      -0.030008,
      0.154505,
      -0.097646,
      -0.076916,
      0.173767,
      0.073066,
      0.088254,
      0.074842,
      0.165012,
      0.033645,
      0.065272,
      -0.045113,
      -0.081952,
      -0.055888,
      -0.059475,
      -0.009143,
      -0.047016,
      -0.03251,
      0.146309,
      0.161891,
      -0.129157,
      0.067838,
      -0.128515,
      0.055583,
      -0.136977,
      0.095362,
      -0.027908,
      -0.029372,
      -0.100947,
      0.03483,
      0.10493,
      0.197816,
      -0.12608,
      -0.176757,
      0.014751,
      -0.016194,
      0.005307,
      -0.008525,
      -0.124131,
      -0.126979,
      0.024148,
      -0.031832,
      0.161935,
      -0.055358,
      0.03536,
      0.049999,
      0.01842,
      0.008159,
      0.074002,
      -0.090734,
      -0.058289,
      -0.182394,
      0.005726,
      0.031946,
      0.051504,
      -0.142554,
      0.060852,
      -0.129443,
      -0.082334,
      0.074855,
      -0.00708,
      -0.002086,
      -0.036247,
      -0.113006,
      -0.214571,
      -0.033978,
      -0.053541,
      0.026215,
      -0.035183,
      -0.075267,
      0.030291,
      -0.100573,
      -0.112197,
      -0.171449,
      -0.007263,
      0.038682,
      0.113512,
      0.141623,
      -0.176695,
      -0.042358,
      -0.080802,
      0.014649,
      -0.106224,
      -0.02765,
      -0.066825,
      0.01317,
      0.037861,
      -0.126777,
      -0.023177,
      0.078267,
      -0.107971,
      -0.175215,
      0.105367,
      0.053626,
      -0.15885,
      -0.025003,
      0.086133,
      0.06845,
      -0.191247,
      -0.045958,
      0.011542,
      -0.066792,
      -0.09756,
      -0.005296,
      0.015,
      -0.06489,
      0.108863,
      -0.082184,
      -0.194844,
      -0.050936,
      -0.208327,
      -0.036291,
      -0.03768,
      -0.011493,
      -0.194875,
      -0.171177,
      -0.168111,
      0.042161,
      -0.115456,
      0.072214,
      -0.106919,
      0.038042,
      -0.162864,
      -0.036258,
      -0.156477,
      -0.12366,
      -0.176128,
      -0.0314,
      0.080825,
      -0.059335,
      -0.153124,
      -0.090288,
      -0.098552,
      0.111264,
      -0.029637,
      -0.154334,
      -0.055604,
      -0.064226,
      -0.012889,
      0.038132,
      -0.064177,
      -0.059894,
      -0.018302,
      -0.060748,
      0.106674,
      -0.179772,
      -0.023759,
      -0.060716,
      -0.042784,
      0.067519,
      -0.082981,
      0.043817,
      -0.011653,
      -0.11453,
      0.033554,
      -0.162706,
      0.067077,
      0.01898,
      -0.132408,
      0.104125,
      -0.012784,
      -0.044775,
      -0.067693,
      -0.05615,
      0.026959,
      -0.07421,
      -0.040896,
      -0.184883,
      -0.205564,
      -0.001166,
      -0.147532,
      0.003886,
      -0.164636,
      -0.035562,
      0.009547,
      -0.163887,
      -0.132199,
      -0.109097,
      0.003616,
      -0.143039,
      -0.026208,
      -0.041132,
      -0.122631,
      -0.143052,
      -0.117376,
      0.00056,
      -0.159143,
      -0.085103,
      0.064051,
      -0.130682,
      0.014739,
      0.041185,
      0.045186,
      -0.029735,
      -0.050583,
      0.058844,
      -0.091968,
      -0.119745,
      -0.061861,
      -0.088727,
      -0.07251,
      -0.032585,
      0.036437,
      -0.056941,
      -0.057998,
      -0.009505,
      0.009918,
      -0.070137,
      0.108318,
      -0.012209,
      -0.096589,
      0.036794,
      -0.044288,
      -0.061083,
      -0.034912,
      0.013811,
      0.035783,
      -0.006151,
      -0.160419,
      -0.131632,
      -0.048238,
      -0.010782,
      -0.126536,
      -0.083003,
      -0.135459,
      -0.063114,
      0.064318,
      0.065935,
      0.044497,
      0.019169,
      -0.130851,
      -0.158782,
      -0.034063,
      -0.115564,
      0.020747,
      0.090562,
      -0.132116,
      0.065311,
      -0.001913,
      0.035839,
      -0.171082,
      -0.178739,
      0.011735,
      -0.133777,
      -0.11469,
      0.007876,
      0.001212,
      -0.005331,
      -0.158557,
      -0.140001,
      -0.114284,
      -0.092811,
      -0.153659,
      -0.107094,
      -0.040516,
      -0.041317,
      -0.076057,
      -0.045697,
      -0.061122,
      -0.115771,
      -0.088065,
      -0.058088,
      -0.054182,
      0.022975,
      -0.087228,
      -0.19134,
      -0.017617,
      0.042875,
      -0.004882,
      -0.174938,
      -0.020615,
      0.013226,
      -0.149269,
      -0.185431,
      -0.119771,
      0.057223,
      -0.077789,
      -0.05116,
      0.027755,
      -0.096717,
      -0.175139,
      -0.174059,
      -0.16509,
      -0.067973,
      0.027211,
      -0.046979,
      0.03573,
      -0.077391,
      -0.047705,
      -0.062747,
      0.000816,
      -0.131617,
      -0.128903,
      0.005108,
      -0.013431,
      -0.106097,
      -0.069234,
      -0.103169,
      -0.108086,
      -0.151615,
      -0.065481,
      -0.079566,
      -0.065635,
      -0.065176,
      -0.165552,
      -0.007646,
      0.033554,
      -0.132402,
      -0.051707,
      -0.101997,
      0.010312,
      -0.029461,
      -0.004707,
      -0.008957,
      0.028994,
      -0.14434,
      -0.176997,
      -0.010601,
      0.009466,
      0.007045,
      -0.073314,
      -0.157643,
      -0.027133,
      -0.135003,
      -0.065631,
      -0.030722,
      -0.198136,
      -0.014607,
      -0.011472,
      -0.042401,
      -0.089682,
      -0.038027,
      -0.190023,
      -0.01494,
      -0.078067,
      0.002181,
      -0.100851,
      -0.012849,
      -0.166272,
      0.004999,
      -0.08223,
      -0.11082,
      -0.055671,
      -0.018107,
      0.030709,
      -0.134933,
      -0.063856,
      -0.059474,
      -0.031005,
      -0.126514,
      0.023746,
      -0.036768,
      -0.066246,
      -0.009387,
      0.032113,
      -0.073617,
      -0.125136,
      -0.036292,
      -0.016448,
      -0.048325,
      -0.025768,
      0.041577,
      -0.009362,
      -0.098624,
      -0.073187,
      -0.094331,
      -0.152092,
      0.009806,
      -0.09622,
      -0.106147,
      -0.13329,
      0.016399,
      -0.180938,
      -0.157016,
      -0.018523,
      -0.059523,
      -0.126116,
      -0.052004,
      -0.142663,
      -0.091359,
      0.000357,
      0.046062,
      -0.148823,
      0.034863,
      0.058774,
      0.069375,
      0.095566,
      -0.05534,
      0.035113,
      -0.154003,
      -0.086935,
      -0.086824,
      -0.071761,
      0.085958,
      0.093473,
      0.037946,
      0.103923,
      -0.041896,
      -0.096217,
      -0.063281,
      -0.032097,
      -0.033955,
      0.096431,
      0.139548,
      0.011062,
      0.135216,
      -0.057009,
      -0.091504,
      -0.012834,
      -0.069441,
      -0.137634,
      0.201298,
      0.07466,
      0.159854,
      -0.021553,
      0.001629,
      0.071949,
      0.143024,
      -0.057309,
      0.081741,
      -0.049682,
      -0.001436,
      0.187292,
      0.049088,
      0.000672,
      0.114652,
      -0.029704,
      -0.068744,
      0.060539,
      0.166581,
      -0.018383,
      0.098046,
      -0.115264,
      0.043528,
      -0.072491,
      0.109937,
      0.082859,
      -0.003271,
      0.052951,
      -0.129258,
      0.014285,
      0.068122,
      0.057953,
      -0.048504,
      0.021117,
      0.082564,
      0.009643,
      0.037045,
      0.109123,
      0.112379,
      -0.0078,
      0.128175,
      0.047731,
      0.144717,
      0.034359,
      0.080992,
      0.080944,
      0.165869,
      -0.045384,
      -0.064684,
      0.059555,
      0.071644,
      0.052218,
      0.036461,
      0.005211,
      0.076937,
      0.04289,
      -0.040384,
      0.137917,
      0.039033,
      0.145834,
      -0.012352,
      -0.074081,
      -0.016438,
      0.026345,
      0.026675,
      -0.031248,
      0.074473,
      0.06954,
      0.033165,
      0.175746,
      -0.001423,
      0.136839,
      0.095649,
      0.153866,
      -0.001345,
      -0.147382,
      0.066226,
      0.145527,
      0.039513,
      0.002385,
      0.104127,
      0.015631,
      0.051092,
      0.101742,
      -0.11636,
      0.03196,
      0.08388,
      0.038394,
      0.169348,
      0.065614,
      0.020219,
      0.007552,
      0.056088,
      0.090789,
      0.049252,
      0.140579,
      0.021794,
      0.046724,
      0.125291,
      -0.057155,
      -0.079879,
      -0.062859,
      0.110062,
      0.05665,
      0.108911,
      0.001651,
      -0.056382,
      0.099087,
      0.115721,
      0.014405,
      -0.031089,
      -0.090817,
      0.145728,
      0.148533,
      0.00544,
      0.007764,
      0.135105,
      0.034255,
      -0.025121,
      0.065171,
      0.066321,
      0.085121,
      -0.039755,
      0.032746,
      -0.034034,
      0.048282,
      -0.07946,
      -0.05743,
      0.060431,
      -0.026507,
      -0.003853,
      -0.006987,
      -0.013463,
      -0.008048,
      0.10104,
      -0.181122,
      0.097822,
      0.001266,
      0.073085,
      0.011199,
      0.077748,
      0.105657,
      0.126336,
      0.055314,
      -0.061026,
      -0.003524,
      0.107925,
      0.101097,
      0.015379,
      0.078731,
      0.124411,
      0.12311,
      -0.075963,
      -0.02744,
      0.122835,
      0.048046,
      0.127124,
      -0.014932,
      0.071258,
      0.032845,
      -0.033588,
      0.026056,
      0.088365,
      -0.069238,
      -0.011972,
      -0.03933,
      0.040593,
      0.141315,
      0.006668,
      -0.018327,
      0.012054,
      -0.012503,
      0.046705,
      0.012212,
      0.114725,
      0.135428,
      0.045577,
      0.036989,
      0.038204,
      0.066712,
      0.093694,
      0.020547,
      -0.019788,
      0.0688,
      0.044715,
      0.136791,
      0.017857,
      0.086691,
      0.148696,
      0.156247,
      0.078351,
      -0.053758,
      -0.032095,
      0.004325,
      0.045784,
      0.065599,
      -0.018664,
      -0.045418,
      0.027994,
      0.132567,
      -0.00291,
      -0.002296,
      -0.053201,
      0.010844,
      0.008363,
      0.036732,
      0.001553,
      0.034369,
      -0.065493,
      -0.078737,
      -0.054476,
      -0.047622,
      0.111611,
      0.003485,
      0.120709,
      -0.039579,
      0.028342,
      0.145568,
      -0.011942,
      0.046041,
      0.074977,
      0.058337,
      -0.00391,
      0.059984,
      0.070178,
      0.055774,
      0.009575,
      0.091773,
      0.119581,
      -0.057053,
      0.065163,
      -0.006397,
      0.040389,
      -0.006838,
      0.005671,
      0.117068,
      0.089401,
      0.135246,
      -0.064059,
      0.052246,
      0.079023,
      -0.074936,
      -0.065288,
      0.019256,
      0.085069,
      -0.008868,
      -0.060352,
      0.150435,
      0.11415,
      -0.025346,
      0.160777,
      0.084975,
      -0.056363,
      0.093797,
      0.06584,
      -0.103173,
      -0.01593,
      0.080273,
      -0.002399,
      0.060819,
      -0.064469,
      0.027657,
      -0.003729,
      -0.029451,
      0.115861,
      0.00746,
      0.099114,
      0.156006,
      0.061984,
      0.125061,
      0.043603,
      -0.013159,
      0.09149,
      0.07961,
      -0.019954,
      -0.027857,
      -0.066603,
      0.155008,
      -0.064788,
      0.027739,
      0.083445,
      -0.002399,
      0.129973,
      0.051771,
      0.148551,
      -0.077113,
      0.019386,
      0.080733,
      -0.009933,
      -0.004412,
      0.054138,
      0.011155,
      0.154292,
      -0.029831,
      0.12801,
      0.080373,
      0.070208,
      0.132972,
      0.044879,
      0.009159,
      0.028653,
      -0.02193,
      0.117069,
      -0.024908,
      0.038963,
      -0.031863,
      0.14088,
      -0.025469,
      -0.039014,
      0.034179,
      0.077041,
      -0.055468,
      -0.026604,
      0.054681,
      0.005375,
      0.086899,
      0.095387,
      0.131016,
      0.054842,
      -0.036161,
      -0.068141,
      0.134236,
      -0.081568,
      0.039331,
      0.074579,
      0.148565,
      -0.002364,
      -0.064506,
      0.078929,
      0.051,
      0.098043,
      0.024499,
      0.054146,
      0.066192,
      0.038922,
      0.022583,
      0.101829,
      0.101451,
      0.069047,
      -0.031694,
      0.003522,
      0.02396,
      0.072542,
      0.034492,
      0.031541,
      -0.003571,
      0.150153,
      -0.058944,
      -0.02236,
      0.035255,
      0.139317,
      0.058613,
      0.094098,
      0.054432,
      -0.049891,
      0.134733,
      0.024954,
      -0.179598,
      -0.006192,
      -0.157504,
      -0.199619,
      -0.157506,
      -0.050014,
      -0.055161,
      0.051484,
      -0.058386,
      -0.080173,
      -0.107417,
      0.108761,
      0.075651,
      0.088179,
      -0.117008,
      -0.077247,
      0.036512,
      0.01174,
      -0.065974,
      -0.098969,
      -0.022383,
      -0.048052,
      0.067206,
      0.110201,
      -0.060251,
      0.039414,
      0.052357,
      -0.045365,
      -0.053663,
      -0.098546,
      0.027331,
      -0.152154,
      0.112668,
      -0.027044,
      0.043742,
      0.144503,
      -0.057477,
      -0.079275,
      -0.146459,
      0.134756,
      0.042569,
      0.013906,
      0.128871,
      0.075465,
      0.01099,
      0.010069,
      0.059514,
      0.171507,
      0.029575,
      0.13443,
      0.09909,
      -0.028631,
      0.105257,
      -0.107075,
      -0.079909,
      -0.167165,
      -0.022741,
      -0.019453,
      0.078383,
      0.184802,
      -0.047086,
      0.190173,
      0.072835,
      -0.141739,
      0.046583,
      0.128353,
      -0.103848,
      -0.056186,
      0.228716,
      0.122944,
      -0.02713,
      0.092235,
      0.003952,
      0.166081,
      -0.062622,
      0.130458,
      0.014577,
      0.036904,
      0.120821,
      -0.034786,
      -0.019988,
      0.023667,
      0.131737,
      0.168363,
      0.141318,
      -0.072155,
      0.215931,
      0.004463,
      -0.157739,
      0.010598,
      0.178191,
      0.09033,
      0.080271,
      0.108853,
      0.001362,
      -0.08163,
      0.086715,
      0.162832,
      0.008529,
      0.071594,
      -0.005138,
      0.075651,
      -0.013837,
      0.000209,
      -0.049654,
      0.201218,
      0.120433,
      0.139197,
      0.096916,
      0.181273,
      -0.009941,
      0.13119,
      0.093979,
      0.114655,
      -0.036649,
      0.113855,
      0.075887,
      0.066249,
      0.202822,
      0.073721,
      -0.035833,
      0.037301,
      0.201083,
      0.219989,
      0.048215,
      -0.079088,
      0.06399,
      0.065223,
      -0.058207,
      -0.031815,
      0.106134,
      0.026941,
      0.163153,
      -0.086704,
      0.110838,
      0.174402,
      0.110865,
      0.015565,
      0.120747,
      0.009416,
      -0.184939,
      0.200697,
      -0.147891,
      -0.05267,
      0.198738,
      0.096031,
      0.077051,
      -0.068486,
      0.0243,
      0.159041,
      0.033056,
      0.008975,
      0.133675,
      0.052215,
      0.023744,
      0.041445,
      -0.057805,
      0.03452,
      0.050316,
      0.118775,
      0.004871,
      0.118616,
      0.165064,
      0.102113,
      0.098153,
      -0.051656,
      0.009363,
      -0.038884,
      0.123818,
      0.065473,
      0.182499,
      0.162169,
      0.08381,
      -0.016914,
      0.034951,
      0.142631,
      -0.065647,
      0.053166,
      0.139387,
      0.117382,
      0.022003,
      0.1801,
      -0.07384,
      -0.037218,
      0.088012,
      0.013285,
      0.077064,
      0.141837,
      0.178898,
      0.148576,
      0.154498,
      0.009216,
      -0.097924,
      0.173198,
      -0.031613,
      0.032724,
      0.113325,
      -0.009564,
      -0.02858,
      0.134975,
      -0.018697,
      0.036628,
      -0.005317,
      0.000574,
      0.100189,
      -0.016882,
      0.002408,
      0.09829,
      -0.010824,
      0.172474,
      0.010484,
      -0.004623,
      -0.015736,
      0.038382,
      0.15489,
      0.03438,
      0.086302,
      0.057484,
      0.059463,
      0.12,
      0.178922,
      -0.036965,
      0.028955,
      0.036837,
      0.090093,
      0.042146,
      0.095551,
      0.016721,
      0.023917,
      0.19171,
      0.12897,
      0.0793,
      0.13467,
      -0.03807,
      -0.039662,
      0.143861,
      0.12342,
      -0.012406,
      0.178857,
      0.085045,
      0.152641,
      0.073171,
      0.085379,
      0.116115,
      0.03682,
      0.191601,
      0.032908,
      0.017658,
      0.03149,
      -0.017083,
      -0.031571,
      0.121502,
      0.149733,
      0.118903,
      0.168795,
      -0.026371,
      0.06501,
      0.099293,
      0.143626,
      0.089353,
      -0.04853,
      -0.047838,
      0.149542,
      0.00736,
      -0.03962,
      -0.029593,
      -0.074852,
      -0.037631,
      -0.038778,
      0.016791,
      0.059783,
      0.03365,
      -0.007401,
      -0.06497,
      0.11489,
      0.147245,
      0.00776,
      -0.012448,
      0.071209,
      0.077985,
      -0.044594,
      -0.039215,
      -0.017561,
      -0.008107,
      -0.030212,
      0.127361,
      0.115597,
      0.099602,
      0.078626,
      -0.0611,
      0.100463,
      0.194003,
      0.073637,
      -0.016663,
      0.146375,
      -0.005082,
      -0.02066,
      0.014371,
      0.136919,
      0.102692,
      0.0117,
      0.025894,
      0.020399,
      0.186249,
      0.045513,
      -0.027949,
      0.118535,
      -0.01903,
      -0.042296,
      -0.038552,
      0.145178,
      0.016664,
      0.157914,
      0.053165,
      0.031768,
      0.054996,
      0.018866,
      0.176957,
      0.146904,
      0.10467,
      0.056541,
      0.114249,
      -0.052012,
      0.01116,
      0.165203,
      0.054344,
      0.031044,
      0.036946,
      0.056152,
      0.045178,
      0.002515,
      0.04154,
      0.007225,
      0.139289,
      0.148439,
      0.001825,
      0.02171,
      0.16707,
      0.070874,
      0.053005,
      0.168183,
      0.052508,
      0.163624,
      0.111227,
      0.072514,
      0.05199,
      0.129392,
      0.145756,
      0.068031,
      -0.038293,
      0.082552,
      0.010211,
      0.088514,
      0.058464,
      0.142324,
      0.145352,
      -0.003884,
      0.146696,
      0.001737,
      0.088044,
      0.007394,
      -0.023474,
      0.139188,
      0.11008,
      0.011369,
      0.039719,
      0.167359,
      0.01539,
      -0.004302,
      0.041124,
      -0.022723,
      0.021853,
      0.129388,
      0.09615,
      0.149655,
      0.199287,
      0.074161,
      -0.002516,
      0.022862,
      0.103503,
      0.022612,
      0.08103,
      0.083082,
      0.103767,
      0.164113,
      0.130895,
      0.017476,
      0.150316,
      -0.039307,
      0.047891,
      -0.027856,
      0.083928,
      0.026726,
      0.154517,
      0.167395,
      0.152635,
      0.13219,
      0.192574,
      0.138934,
      0.205229,
      0.024497,
      -0.003177,
      -0.022212,
      -0.100274,
      -0.124226,
      0.181928,
      -0.040432,
      -0.05053,
      -0.139589,
      -0.03338,
      0.037384,
      0.058663,
      0.170622,
      0.052305,
      0.16702,
      -0.129357,
      -0.010555,
      0.027789,
      0.095056,
      0.037719,
      -0.129626,
      0.048999,
      0.089279,
      -0.171901,
      0.023274,
      -0.072389,
      0.098954,
      0.01376,
      -0.066511,
      0.029162,
      -0.084925,
      0.19604,
      -0.071799,
      0.058076,
      0.011123,
      -0.093308,
      0.034091,
      -0.055896,
      -0.008537,
      0.013776,
      0.050609,
      0.019736,
      -0.145926,
      0.134615,
      -0.15512,
      0.120935,
      -0.096841,
      0.084816,
      0.12864,
      0.059626,
      0.087582,
      -0.088708,
      0.069545,
      -0.125475,
      0.102336,
      -0.087511,
      -0.151052,
      -0.189049,
      -0.110064,
      -0.057055,
      -0.027165,
      0.038149,
      0.084038,
      -0.033305,
      0.144668,
      -0.061393,
      -0.073767,
      -0.138509,
      0.124344,
      -0.149493,
      0.001328,
      -0.019348,
      -7e-06,
      0.084919,
      0.07015,
      -0.18942,
      -0.074962,
      -0.070741,
      -0.105453,
      -0.128765,
      0.026164,
      0.061495,
      0.110307,
      -0.014254,
      0.012326,
      -0.006737,
      -0.070718,
      0.016309,
      -0.050249,
      0.089551,
      -0.018663,
      0.023934,
      -0.033409,
      -0.150091,
      0.00571,
      -0.055385,
      -0.18372,
      0.086625,
      0.02792,
      0.074871,
      -0.070263,
      -0.121341,
      -0.011027,
      -0.087277,
      0.0458,
      0.050124,
      -0.18535,
      0.035956,
      -0.062591,
      -0.170958,
      -0.209625,
      0.021936,
      0.008753,
      -0.054829,
      -0.042092,
      -0.005701,
      -0.027726,
      0.023515,
      -0.115094,
      0.079298,
      -0.063551,
      -0.016738,
      -0.209321,
      -0.05244,
      0.07012,
      -0.009425,
      -0.122698,
      -0.066394,
      0.054877,
      -0.175333,
      -0.232398,
      -0.180906,
      -0.001331,
      -0.13117,
      -0.094591,
      0.036591,
      -0.059256,
      -0.151877,
      -0.134696,
      -0.209053,
      -0.007324,
      0.085325,
      -0.14126,
      -0.023065,
      0.042686,
      -0.05213,
      0.037167,
      -0.202862,
      0.035783,
      -0.145388,
      -0.01069,
      -0.115034,
      -0.126164,
      0.035994,
      -0.058288,
      -0.133446,
      0.010879,
      0.040671,
      0.005564,
      -0.003508,
      -0.016435,
      -0.140858,
      -0.051501,
      -0.208699,
      0.054164,
      -0.024693,
      -0.190271,
      -0.015495,
      -0.17518,
      -0.050819,
      -0.008983,
      0.03551,
      -0.028008,
      -0.079719,
      -0.142461,
      0.030117,
      -0.136511,
      -0.133887,
      -0.136169,
      0.050145,
      -0.119434,
      -0.088248,
      0.033288,
      -0.015257,
      -0.074938,
      -0.032237,
      -0.035054,
      -0.038464,
      -0.079725,
      -0.047745,
      0.078422,
      -0.06619,
      0.012452,
      -0.171102,
      0.054815,
      -0.169426,
      0.004314,
      0.030234,
      0.025534,
      0.008595,
      0.046883,
      -0.028203,
      -0.106967,
      0.070909,
      -0.000621,
      -0.136598,
      -0.109425,
      -0.080592,
      -0.049168,
      -0.131941,
      -0.063371,
      -0.00943,
      -0.029277,
      -0.059931,
      -0.023454,
      -0.087227,
      -0.136619,
      0.073735,
      -0.052393,
      -0.055044,
      0.030325,
      -0.063861,
      -0.022593,
      -0.179092,
      -0.159731,
      -0.128915,
      0.013895,
      0.027386,
      0.041329,
      -0.007073,
      -0.061701,
      -0.135329,
      0.063424,
      -0.078913,
      -0.005086,
      -0.114981,
      -0.148112,
      0.032063,
      -0.00968,
      -0.157476,
      -0.030634,
      -0.186069,
      -0.064079,
      -0.15002,
      -0.140026,
      0.053776,
      -0.114401,
      -0.052948,
      0.014329,
      0.019707,
      -0.066361,
      -0.122446,
      0.024965,
      -0.03004,
      0.033001,
      0.067156,
      -0.028035,
      -0.108072,
      -0.028034,
      -0.051527,
      -0.078193,
      -0.146977,
      -0.053151,
      -0.155605,
      -0.090412,
      -0.166996,
      -0.05022,
      0.022382,
      -0.16478,
      -0.12941,
      0.053847,
      0.039549,
      -0.122125,
      -0.027592,
      -0.142425,
      0.052624,
      1.3e-05,
      -0.114499,
      0.051545,
      -0.085544,
      -0.023084,
      -0.043745,
      -0.084566,
      0.057785,
      0.046804,
      -0.147574,
      -0.115203,
      -0.059922,
      0.034391,
      0.018357,
      -0.024365,
      0.000193,
      -0.029654,
      0.011796,
      0.008667,
      -0.051496,
      0.016214,
      -0.112547,
      -0.01747,
      -0.112647,
      0.04498,
      -0.000808,
      -0.015106,
      -0.176018,
      0.04369,
      -0.122819,
      0.033546,
      -0.090774,
      -0.021249,
      0.020174,
      -0.018353,
      0.026165,
      -0.075541,
      -0.142512,
      -0.148074,
      -0.135745,
      -0.147135,
      -0.126434,
      0.051584,
      -0.063537,
      0.027238,
      -0.112847,
      -0.146102,
      -0.054115,
      0.023767,
      0.034914,
      -0.046947,
      -0.004727,
      -0.075622,
      -0.068185,
      -0.145525,
      0.001977,
      -0.137874,
      -0.148039,
      -0.129277,
      0.029582,
      -0.174377,
      -0.089891,
      0.018939,
      -0.051597,
      -0.150794,
      -0.076589,
      -0.05685,
      0.019347,
      -0.144709,
      -0.068211,
      -0.127102,
      -0.14778,
      -0.130824,
      0.048161,
      -0.123095,
      -0.009683,
      0.032268,
      -0.049463,
      -0.156386,
      0.027129,
      0.01536,
      -0.080976,
      -0.148714,
      -0.093961,
      -0.115999,
      -0.025659,
      -0.032732,
      -0.138239,
      0.024277,
      -0.126651,
      -0.086377,
      -0.075763,
      -0.14972,
      -0.010851,
      -0.116404,
      0.022491,
      -0.077666,
      -0.120189,
      -0.155372,
      -0.156602,
      -0.100354,
      0.005519,
      -0.119027,
      -0.158892,
      -0.024066,
      -0.002721,
      -0.02062,
      -0.186397,
      -0.119674,
      0.125867,
      -0.1187,
      -0.116608,
      -0.108448,
      0.08142,
      0.04005,
      -0.151635,
      -0.134208,
      -0.015007,
      -0.137782,
      -0.180206,
      -0.079241,
      0.192484,
      -0.051669,
      -0.024588,
      -0.126524,
      0.013117,
      -0.165688,
      -0.127699,
      0.082172,
      0.022204,
      -0.137978,
      -0.198323,
      0.097083,
      -0.210579,
      0.119319,
      -0.157136,
      -0.16842,
      -0.208911,
      -0.197238,
      -0.138679,
      -0.157861,
      -0.168597,
      0.014471,
      0.132058,
      -0.156527,
      0.068814,
      -0.04379,
      0.142838,
      0.005335,
      0.082778,
      0.181686,
      -0.101946,
      -0.036115,
      -0.043134,
      0.051723,
      0.08076,
      -0.180916,
      -0.046777,
      -0.06147,
      -0.007201,
      -0.170295,
      0.018301,
      -0.141987,
      -0.076621,
      0.077172,
      -0.073746,
      -0.07392,
      -0.138099,
      -0.053753,
      -0.018538,
      0.014552,
      0.226272,
      -0.000766,
      -0.068169,
      -0.183192,
      -0.143265,
      0.030608,
      0.230849,
      0.229396,
      -0.09362,
      0.061675,
      -0.042867,
      -0.034153,
      -0.189588,
      0.075389,
      -0.174395,
      -0.189141,
      0.054735,
      -0.195109,
      -0.007549,
      -0.093846,
      -0.053704,
      -0.124742,
      0.209406,
      0.102538,
      -0.147344,
      0.024077,
      -0.0656,
      0.04366,
      0.120905,
      0.107745,
      0.16105,
      0.032916,
      0.103855,
      0.121326,
      0.043196,
      0.011807,
      0.123854,
      -0.05051,
      -0.027777,
      -0.086442,
      -0.074691,
      -0.011452,
      0.047549,
      0.140249,
      -0.053538,
      0.127379,
      0.224718,
      0.062419,
      0.027639,
      0.080927,
      0.103217,
      -0.01773,
      0.122122,
      -0.034589,
      0.067235,
      -0.081401,
      0.117921,
      0.12721,
      0.003686,
      0.146684,
      -0.116053,
      0.008201,
      0.024373,
      0.000895,
      0.027345,
      0.196047,
      0.161216,
      -0.142773,
      -0.080057,
      -0.150055,
      0.18664,
      0.005085,
      0.052337,
      -0.069597,
      0.06587,
      -0.010329,
      -0.12528,
      0.137142,
      -0.003074,
      -0.019454,
      0.033941,
      -0.022811,
      -0.047102,
      0.039969,
      0.106541,
      0.093093,
      0.194223,
      0.108678,
      -0.00181,
      -0.058097,
      0.162816,
      0.005112,
      -0.067461,
      0.012074,
      -0.020686,
      0.045405,
      0.156123,
      0.153796,
      -0.050172,
      0.207832,
      0.042983,
      -0.089458,
      0.115957,
      0.223202,
      0.199559,
      -0.013551,
      0.019014,
      0.113683,
      -0.105353,
      0.055418,
      0.148887,
      -0.055527,
      0.133642,
      -0.079311,
      0.058819,
      0.214864,
      0.162382,
      0.003457,
      0.021039,
      -0.085922,
      0.03441,
      -0.066498,
      0.04785,
      0.049067,
      0.079846,
      -0.054812,
      -0.018256,
      0.090705,
      0.041575,
      0.111083,
      -0.097459,
      0.144924,
      0.149222,
      0.153992,
      0.003185,
      0.101855,
      0.191252,
      0.045118,
      -0.012341,
      0.138056,
      0.050087,
      0.099045,
      0.061068,
      0.072465,
      -0.038408,
      0.161335,
      0.00499,
      -0.046435,
      0.123591,
      -0.025485,
      0.109887,
      0.023792,
      -0.033734,
      0.021931,
      -0.044145,
      0.136385,
      -0.059849,
      0.055975,
      0.129652,
      0.173927,
      0.015079,
      0.078492,
      0.054182,
      -0.029554,
      0.139231,
      0.159166,
      0.204386,
      -0.024158,
      0.13594,
      0.041347,
      0.153839,
      -0.044315,
      0.054175,
      0.123064,
      0.034322,
      -0.007098,
      0.056907,
      -0.00498,
      0.007993,
      0.018126,
      0.027589,
      0.002536,
      0.018413,
      0.11153,
      0.000377,
      -0.012027,
      0.092695,
      0.052435,
      0.193548,
      -0.007276,
      0.00471,
      0.052984,
      0.216727,
      -0.045307,
      0.097006,
      0.067479,
      -0.097095,
      0.053445,
      0.117279,
      -0.036561,
      0.188024,
      0.027096,
      0.082548,
      0.0272,
      0.075544,
      0.064465,
      -0.006942,
      0.222234,
      0.015436,
      0.01314,
      0.039528,
      0.165797,
      0.039833,
      0.11202,
      -0.004871,
      0.161207,
      0.129577,
      -0.03681,
      0.126592,
      0.09899,
      0.073826,
      0.025908,
      -0.115466,
      0.167892,
      0.16633,
      0.151726,
      0.051411,
      0.115205,
      0.065234,
      0.099377,
      0.079456,
      0.112027,
      0.032416,
      0.147327,
      -0.008752,
      0.021222,
      0.104506,
      0.011907,
      0.031992,
      0.107499,
      0.107797,
      0.17098,
      0.189062,
      0.118662,
      0.144433,
      0.038559,
      -0.002431,
      -0.016821,
      0.032156,
      0.027108,
      0.085766,
      0.158567,
      0.181628,
      0.096016,
      0.086372,
      0.036592,
      0.168083,
      0.0452,
      0.211016,
      0.1449,
      0.095362,
      0.038566,
      -0.014218,
      -0.018934,
      0.098833,
      0.1281,
      -0.038827,
      0.016648,
      0.14135,
      -0.008935,
      0.107249,
      0.044622,
      0.159924,
      0.048272,
      0.003155,
      0.171123,
      0.19903,
      -0.00624,
      0.167022,
      0.019883,
      0.004498,
      0.034343,
      0.036797,
      0.071149,
      -0.025476,
      0.156022,
      0.163957,
      0.082416,
      0.119233,
      0.209047,
      0.152155,
      0.158385,
      0.059338,
      0.140616,
      0.187417,
      0.128339,
      0.135255,
      0.141012,
      0.146571,
      0.065228,
      -0.011194,
      0.137959,
      0.140244,
      0.020208,
      0.042646,
      0.060213,
      0.04222,
      0.169702,
      0.077861,
      -0.013425,
      0.13741,
      0.014295,
      0.115047,
      0.154155,
      -0.013349,
      0.010967,
      0.079135,
      0.166814,
      0.164988,
      0.147251,
      0.202828,
      0.076394,
      -0.002185,
      0.103509,
      0.127608,
      0.107738,
      0.076256,
      0.038756,
      0.177657,
      -0.196354,
      -0.128354,
      -0.038752,
      -0.206524,
      0.019669,
      0.003869,
      -0.106515,
      -0.137431,
      -0.090897,
      -0.072739,
      -0.101691,
      -0.167762,
      -0.003536,
      0.080852,
      0.029434,
      -0.146596,
      -0.047817,
      0.107148,
      0.005555,
      0.035426,
      0.089135,
      0.042315,
      -0.02363,
      -0.095452,
      -0.101294,
      -0.009019,
      -0.079473,
      -0.055401,
      -0.066605,
      0.033034,
      -0.026708,
      0.053909,
      -0.135754,
      0.043863,
      0.128794,
      0.076876,
      -0.056002,
      0.027632,
      -0.107924,
      0.079808,
      -0.188603,
      -0.05098,
      0.172718,
      0.040255,
      0.027197,
      0.04364,
      0.050769,
      0.230476,
      0.065428,
      -0.220333,
      -0.020719,
      0.140723,
      -0.005745,
      0.148368,
      0.122541,
      0.172011,
      0.160768,
      -0.118996,
      0.09781,
      -0.014597,
      0.025964,
      -0.100333,
      -0.000678,
      0.192763,
      0.129807,
      -0.069945,
      -0.048104,
      -0.069129,
      -0.017083,
      0.187189,
      0.198668,
      0.085362,
      -0.057978,
      0.005934,
      0.000504,
      -0.069786,
      0.102584,
      -0.085002,
      -0.103534,
      -0.021241,
      -0.079972,
      -0.007967,
      0.094258,
      0.018039,
      0.002174,
      0.189393,
      -0.010933,
      0.006703,
      -0.016024,
      -0.065068,
      0.063702,
      0.026214,
      0.137457,
      0.112844,
      -0.115362,
      0.139404,
      0.115352,
      -0.006087,
      -0.009461,
      0.075351,
      -0.067808,
      0.039409,
      0.020622,
      -0.103428,
      0.000651,
      0.039195,
      -0.001108,
      0.024895,
      0.16048,
      -0.009449,
      0.105137,
      0.115765,
      0.07501,
      0.053621,
      -0.061302,
      0.193214,
      -0.033561,
      -0.012791,
      -0.091916,
      0.034385,
      0.002949,
      -0.05947,
      -0.011163,
      -0.066736,
      -0.088095,
      -0.030251,
      -0.07196,
      0.028566,
      0.072723,
      0.036914,
      -0.165539,
      -0.077431,
      -0.055397,
      0.137909,
      0.018366,
      0.001361,
      0.139508,
      0.125515,
      -0.08336,
      -0.038422,
      0.133717,
      0.007812,
      0.044635,
      -0.024688,
      0.076732,
      0.026153,
      0.123756,
      -0.028974,
      -0.017052,
      0.087722,
      0.163763,
      -0.097277,
      0.014324,
      0.044109,
      0.129205,
      -0.004532,
      -0.027976,
      0.050751,
      0.166994,
      0.080809,
      -0.004301,
      -0.018584,
      0.00742,
      0.011962,
      0.05754,
      0.03083,
      0.179705,
      0.07163,
      -0.006156,
      -0.017487,
      0.118284,
      0.097563,
      0.081522,
      0.069629,
      -0.063785,
      0.185303,
      -0.054995,
      -0.041262,
      0.152614,
      0.079014,
      -0.046159,
      0.040071,
      -0.024806,
      0.042706,
      -0.012384,
      -0.041032,
      0.056893,
      0.010528,
      -0.06435,
      0.049654,
      0.06771,
      -0.05515,
      -0.005949,
      -0.102527,
      -0.054153,
      -0.03011,
      0.01805,
      0.045573,
      0.108274,
      0.113517,
      -0.033909,
      0.13463,
      0.109569,
      0.029817,
      -0.018154,
      0.100716,
      0.033667,
      -0.053995,
      0.081857,
      0.144135,
      -0.018759,
      0.176901,
      -0.006903,
      0.082362,
      -0.04884,
      0.148609,
      0.041539,
      -0.021478,
      0.138663,
      0.024965,
      0.092804,
      -0.059604,
      0.065955,
      -0.03959,
      0.126958,
      -0.030477,
      -0.041428,
      0.041438,
      0.034858,
      0.145509,
      0.063139,
      0.160428,
      0.168379,
      0.036893,
      0.010108,
      0.096722,
      0.117426,
      0.062628,
      0.172228,
      0.095359,
      0.061962,
      0.190239,
      0.086231,
      0.081392,
      0.116197,
      0.172766,
      0.189778,
      0.10283,
      -0.006782,
      -0.039386,
      0.067505,
      0.064005,
      -0.019535,
      0.124517,
      0.022078,
      0.116274,
      -0.044252,
      0.041076,
      0.125111,
      0.128172,
      0.026984,
      0.073871,
      0.05036,
      0.153197,
      0.011903,
      0.098033,
      0.021993,
      0.118881,
      0.049027,
      0.033867,
      0.060094,
      -0.024239,
      -0.000304,
      0.08429,
      0.000102,
      0.148723,
      0.002664,
      -0.002164,
      -0.031927,
      0.010859,
      0.014329,
      0.153762,
      0.085397,
      0.030251,
      -0.027291,
      0.054209,
      0.126507,
      0.079498,
      0.10427,
      0.061456,
      0.139274,
      0.17781,
      0.179785,
      0.145383,
      -0.004322,
      0.080962,
      0.007006,
      -0.017832,
      0.083769,
      -0.015001,
      0.077135,
      -0.039265,
      0.035116,
      0.138967,
      0.161715,
      0.012212,
      0.145675,
      -0.018867,
      0.048549,
      0.074506,
      -0.030389,
      -0.015677,
      0.039072,
      -0.015074,
      -0.054125,
      0.007162,
      0.009019,
      0.036206,
      0.067397,
      0.075971,
      -0.038076,
      0.151689,
      0.144204,
      0.083387,
      0.117298,
      0.135379,
      0.126505,
      0.086665,
      -0.037781,
      0.173903,
      0.036992,
      0.064645,
      0.072692,
      -0.048331,
      0.072582,
      0.082417,
      0.141055,
      -0.039952,
      0.003521,
      0.175136,
      0.07303,
      0.049341,
      0.044279,
      0.09863,
      0.117984,
      0.039699,
      0.150181,
      0.159158,
      0.109238,
      0.163341,
      0.097207,
      0.171065,
      0.164949,
      0.052039,
      -0.035332,
      0.162043,
      0.111348,
      0.122816,
      0.175787,
      0.106896,
      -0.001729,
      -0.040612,
      0.102143,
      0.022375,
      -0.017406,
      0.063802,
      0.136021,
      -0.012823,
      0.145242,
      -0.022062,
      0.057677,
      0.108152,
      0.158906,
      -0.00256,
      0.035565,
      0.135162,
      0.090229,
      0.150686,
      0.012371,
      0.164423,
      0.07013,
      0.15868,
      0.004929,
      0.111632,
      0.100145,
      0.170149,
      0.057957,
      -0.002417,
      0.073743,
      0.156592,
      0.053774,
      0.130662,
      0.195847,
      0.199214,
      0.148813,
      -0.049078,
      0.033776,
      0.166497,
      -0.015631,
      -0.035299,
      -0.030918,
      0.00415,
      -0.107539,
      -0.136257,
      -0.090197,
      0.066222,
      -0.04114,
      -0.094262,
      -0.027456,
      0.14419,
      -0.018489,
      0.022603,
      -0.051257,
      -0.097566,
      -0.13031,
      -0.07051,
      -0.001375,
      -0.108508,
      -0.129458,
      -0.020985,
      -0.027697,
      -0.102366,
      -0.057455,
      0.06943,
      -0.140577,
      -0.121953,
      -0.13186,
      -0.113802,
      0.058822,
      -0.149909,
      0.054803,
      -0.191052,
      -0.183347,
      -0.036171,
      -0.094762,
      -0.081194,
      0.061727,
      -0.178817,
      0.066304,
      0.046125,
      0.009269,
      -0.062901,
      -0.22118,
      0.086289,
      -0.1912,
      0.083051,
      0.098219,
      0.133043,
      0.014533,
      -0.003837,
      -0.070941,
      -0.159394,
      0.046039,
      -0.024935,
      -0.115295,
      0.029995,
      -0.218353,
      -0.191551,
      -0.057832,
      -0.004174,
      -0.036533,
      0.033637,
      0.086307,
      0.104257,
      0.09287,
      -0.010244,
      -0.111184,
      -0.12576,
      -0.171887,
      -0.143832,
      -0.154346,
      -0.150847,
      -0.177087,
      -0.037339,
      0.048799,
      0.014508,
      -0.043233,
      0.08191,
      0.09803,
      -0.081157,
      -0.120704,
      -0.230152,
      -0.127549,
      -0.050984,
      0.000141,
      -0.020421,
      -0.143861,
      -0.091064,
      -0.077714,
      -0.058659,
      -0.123602,
      0.06302,
      -0.090273,
      -0.153559,
      -0.030499,
      -0.067868,
      -0.13302,
      -0.111648,
      0.053528,
      -0.027952,
      -0.025116,
      -0.049892,
      0.083772,
      0.00197,
      -0.057231,
      0.123897,
      -0.172388,
      -0.068554,
      -0.086899,
      -0.149121,
      -0.009748,
      -0.06581,
      -0.071616,
      -0.043138,
      -0.121578,
      -0.232583,
      0.02027,
      -0.007657,
      -0.187232,
      0.041118,
      -0.000479,
      0.02766,
      -0.149803,
      -0.087002,
      -0.025923,
      0.070649,
      -0.173228,
      -0.053449,
      -0.055111,
      0.057088,
      -0.097494,
      -0.003892,
      0.018419,
      -0.016731,
      0.027581,
      -0.074616,
      -0.11158,
      -0.098869,
      0.024421,
      0.102356,
      -0.043541,
      -0.026387,
      -0.035008,
      -0.078786,
      0.06589,
      0.044459,
      0.070679,
      0.007962,
      -0.038899,
      -0.195285,
      -0.121596,
      -0.149704,
      0.054719,
      -0.046588,
      0.025586,
      0.077547,
      -0.157579,
      0.038335,
      0.117604,
      0.039558,
      -0.129344,
      -0.151973,
      -0.034499,
      -0.186672,
      0.020636,
      -0.00822,
      0.005201,
      -0.078103,
      -0.071402,
      -0.135145,
      0.058613,
      -0.006211,
      -0.147386,
      -0.157238,
      -0.058696,
      -0.109557,
      -0.208915,
      -0.195578,
      -0.072437,
      -0.139283,
      -0.00801,
      -0.083773,
      -0.018682,
      0.030394,
      0.049072,
      -0.162088,
      -0.066076,
      -0.118688,
      0.049486,
      -0.073067,
      -0.013074,
      -0.016052,
      0.025922,
      -0.171071,
      -0.034755,
      -0.152347,
      -0.075096,
      -0.039148,
      -0.058408,
      -0.084355,
      0.002412,
      0.026723,
      -0.027717,
      -0.072724,
      -0.079714,
      0.047768,
      -0.091343,
      -0.1018,
      -0.022274,
      0.011565,
      -0.000573,
      -0.17101,
      -0.175436,
      -0.024386,
      -0.049851,
      -0.058297,
      -0.057393,
      -0.151634,
      -0.081671,
      0.010147,
      -0.098863,
      -0.006185,
      0.053928,
      -0.102649,
      0.002443,
      -0.1316,
      -0.00808,
      -0.174303,
      0.065377,
      -0.035485,
      -0.048605,
      0.047294,
      -0.13584,
      0.025952,
      -0.056822,
      -0.027198,
      0.085146,
      0.007687,
      -0.106483,
      -0.027622,
      -0.018644,
      -0.137563,
      -0.142438,
      -0.080987,
      -0.126147,
      -0.099276,
      -0.11439,
      -0.099529,
      -0.019667,
      -0.049529,
      -0.064341,
      0.013611,
      0.032364,
      -0.059262,
      -0.137975,
      -0.090255,
      -0.101298,
      0.004001,
      -0.147126,
      -0.161692,
      -0.117389,
      -0.06082,
      0.063629,
      -0.13844,
      -0.000798,
      0.024518,
      -0.024968,
      -0.116823,
      0.009267,
      -0.024098,
      0.032031,
      0.068231,
      0.006418,
      -0.023714,
      0.00601,
      -0.116975,
      0.028504,
      -0.039292,
      -0.117906,
      -0.124788,
      -0.164877,
      -0.073355,
      -0.076308,
      -0.047124,
      0.037233,
      -0.148073,
      -0.151966,
      0.028168,
      -0.062282,
      -0.074037,
      -0.027167,
      -0.147604,
      -0.040575,
      -0.002388,
      -0.126157,
      -0.169057,
      0.047991,
      0.051734,
      0.011184,
      -0.176422,
      -0.090358,
      -0.121023,
      -0.061712,
      -0.083416,
      -0.112607,
      -0.16114,
      -0.176041,
      -0.06672,
      -0.142887,
      -0.136283,
      -0.019982,
      0.024117,
      -0.09236,
      -0.038011,
      -0.099951,
      0.031417,
      -0.057782,
      -0.126436,
      -0.05152,
      -0.082199,
      -0.118806,
      -0.030014,
      -0.106488,
      0.005904,
      0.003112,
      -0.129844,
      -0.151512,
      -0.134281,
      -0.138396,
      -0.036157,
      -0.102365,
      -0.011409,
      -0.111782,
      -0.060668,
      -0.073226,
      -0.050362,
      -0.117036,
      -0.133385,
      -0.0701,
      -0.134986,
      -0.130005,
      -0.002846,
      -0.071684,
      -0.048025,
      -0.104884,
      -0.089805,
      -0.072492,
      -0.161137,
      -0.052152,
      -0.13815,
      -0.056676,
      -0.125783,
      -0.087784,
      -0.004092,
      -0.088854,
      -0.190928,
      0.03895,
      -0.081652,
      -0.044227,
      -0.121017,
      -0.019757,
      0.039122,
      -0.156182,
      -0.183182,
      -0.125737,
      -0.060449,
      -0.065728,
      -0.193094,
      -0.138601,
      0.002157,
      -0.090345,
      -0.057164,
      -0.154083,
      0.004929,
      -0.177012,
      0.045084,
      0.029486,
      0.042634,
      0.039115,
      -0.093016,
      -0.07694,
      0.015345,
      0.007323,
      -0.155791,
      -0.139263,
      0.217919,
      0.075476,
      -0.049646,
      0.182114,
      0.059678,
      0.157937,
      0.209261,
      -0.076506,
      0.059583,
      -0.01178,
      -0.117701,
      -0.097208,
      0.171904,
      -0.103703,
      0.009855,
      -0.1083,
      0.116685,
      0.011168,
      -0.038831,
      0.142689,
      0.181921,
      0.062163,
      0.013497,
      0.196771,
      -0.111113,
      -0.021957,
      -0.087711,
      0.016486,
      0.029895,
      -0.017425,
      0.007569,
      -0.120243,
      -0.03876,
      -0.006242,
      0.194735,
      0.036709,
      -0.056305,
      0.051481,
      0.103002,
      0.006812,
      -0.113063,
      0.200163,
      -0.019315,
      -0.137942,
      -0.019688,
      7.9e-05,
      0.053908,
      -0.180935,
      -0.178118,
      0.023611,
      0.107351,
      -0.108868,
      -0.007766,
      -0.186995,
      0.149814,
      0.087773,
      0.044945,
      0.017,
      -0.08129,
      0.138369,
      -0.207722,
      0.148637,
      0.102538,
      -0.113391,
      -0.177992,
      -0.125719,
      0.036276,
      0.183687,
      0.068222,
      0.123482,
      -0.188134,
      0.069603,
      -0.021197,
      -0.127453,
      -0.121745,
      0.115719,
      -0.201812,
      -0.124286,
      0.001086,
      -0.178001,
      0.104785,
      0.039342,
      -0.054986,
      -0.030023,
      0.199911,
      0.06315,
      -0.126341,
      -0.04707,
      -0.143419,
      0.067729,
      0.053401,
      0.09623,
      0.102947,
      -0.126552,
      0.118439,
      0.199098,
      -0.010859,
      -0.046744,
      -0.003524,
      -0.012324,
      -0.063209,
      -0.153486,
      -0.047129,
      -0.152427,
      -0.128102,
      -0.039664,
      -0.180686,
      0.074167,
      0.118831,
      -0.018285,
      -0.121864,
      0.07955,
      0.038434,
      -0.063943,
      -0.032668,
      -0.041541,
      -0.184504,
      -0.166588,
      -0.081511,
      0.100145,
      -0.073342,
      -0.025326,
      -0.170225,
      0.001536,
      -0.058015,
      -0.170763,
      0.107331,
      0.065609,
      0.101941,
      -0.020352,
      0.03541,
      -0.089599,
      0.049563,
      0.004208,
      0.129659,
      -0.151233,
      -0.054246,
      -0.132035,
      -0.155376,
      -0.100551,
      -0.149744,
      0.011418,
      0.108624,
      -0.066921,
      -0.146653,
      -0.073766,
      -0.020386,
      0.131583,
      0.133905,
      -0.15003,
      -0.052461,
      -0.189106,
      0.059979,
      0.11654,
      -0.19502,
      -0.11588,
      -0.134715,
      0.030863,
      -0.115763,
      0.14585,
      -0.156878,
      0.135484,
      -0.171793,
      -0.170616,
      0.024285,
      0.087224,
      0.005999,
      0.153154,
      -0.0612,
      0.114711,
      -0.085649,
      0.001771,
      0.090604,
      -0.052704,
      0.132811,
      -0.062683,
      0.012008,
      0.168608,
      -0.046863,
      -0.089893,
      -0.024995,
      -0.05295,
      -0.048934,
      -0.199179,
      -0.130985,
      -0.16997,
      -0.022504,
      -0.058003,
      -0.078397,
      0.112276,
      -0.074547,
      -0.006502,
      -0.067051,
      -0.068956,
      0.047227,
      0.178442,
      -0.088935,
      0.029605,
      0.122436,
      -0.083132,
      -0.110398,
      -0.045992,
      -0.111642,
      0.044242,
      0.047442,
      0.036126,
      -0.026815,
      0.020087,
      -0.132216,
      -0.067193,
      0.054813,
      -0.206273,
      0.124537,
      -0.150821,
      -0.177162,
      0.072132,
      -0.048342,
      -0.16484,
      -0.156909,
      -0.0954,
      0.050606,
      -0.023636,
      0.14954,
      0.053977,
      0.017132,
      -0.011934,
      0.080745,
      -0.060282,
      0.044868,
      -0.059444,
      -0.010987,
      0.007719,
      -0.073636,
      -0.108051,
      -0.073821,
      -0.069185,
      -0.111096,
      0.025152,
      -0.007397,
      0.063576,
      -0.01112,
      -0.04551,
      -0.085483,
      0.027963,
      0.005839,
      0.139217,
      -0.135217,
      0.05485,
      -0.122569,
      -0.019351,
      -0.071915,
      0.004039,
      -0.071864,
      -0.045985,
      0.080541,
      -0.117769,
      -0.159248,
      0.12406,
      -0.075301,
      -0.059507,
      0.010242,
      0.017152,
      -0.040048,
      -0.052502,
      0.03163,
      -0.09246,
      -0.