# Chunk number: 10 of 37

      -0.089203,
      0.049449,
      -0.175049,
      0.002675,
      0.008621,
      -0.042232,
      -0.083547,
      0.042246,
      -0.063339,
      -0.128752,
      -0.183398,
      -0.090968,
      -0.09043,
      0.065023,
      -0.214906,
      0.094399,
      -0.01989,
      0.027116,
      0.024441,
      -0.011523,
      -0.069964,
      -0.126283,
      -0.032785,
      -0.07606,
      0.113685,
      0.060028,
      0.206493,
      0.043057,
      -0.021917,
      -0.122037,
      -0.081407,
      -0.004606,
      -0.118668,
      0.084581,
      -0.066842,
      -0.002919,
      0.094611,
      -0.044565,
      -0.049856,
      -0.070575,
      -0.11885,
      0.177126,
      -0.216975,
      -0.205527,
      -0.048562,
      -0.080722,
      0.050129,
      0.04251,
      -0.06781,
      0.103387,
      0.048616,
      -0.007361,
      -0.079645,
      -0.011912,
      -0.180925,
      -0.074412,
      -0.008956,
      -0.029074,
      -0.0247,
      -0.176402,
      -0.16146,
      -0.06553,
      -0.159134,
      -0.097568,
      -0.099718,
      -0.097795,
      0.013514,
      -0.030589,
      -0.04762,
      -0.110491,
      -0.047261,
      -0.000236,
      0.014797,
      -0.129001,
      -0.072237,
      -0.111217,
      0.075673,
      0.07115,
      -0.188937,
      0.084004,
      -0.093465,
      -0.048865,
      -0.105696,
      0.027725,
      -0.161044,
      -0.140818,
      0.001704,
      -0.162545,
      0.024868,
      -0.040452,
      -0.015984,
      -0.067468,
      0.061905,
      -0.125377,
      0.036557,
      -0.011131,
      0.047664,
      -0.003311,
      -0.091087,
      -0.16621,
      -0.068116,
      -0.002301,
      -0.214667,
      -0.16943,
      -0.103124,
      -0.109025,
      0.011063,
      0.041438,
      0.065103,
      -0.195184,
      0.056729,
      -0.056489,
      -0.137726,
      -0.062542,
      0.078866,
      0.000107,
      0.002005,
      0.004279,
      -0.111741,
      0.036532,
      -0.042728,
      -0.146162,
      -0.149848,
      -0.095225,
      -0.046088,
      0.053101,
      -0.058795,
      -0.068865,
      -0.021225,
      -0.138592,
      -0.192606,
      -0.076891,
      -0.036142,
      0.065769,
      -0.050767,
      -0.189805,
      -0.044106,
      -0.110639,
      -0.117511,
      -0.015369,
      -0.110721,
      -0.144651,
      -0.187381,
      -0.118261,
      -0.028961,
      -0.009415,
      -0.08361,
      -0.007951,
      0.033683,
      -0.121599,
      -0.006947,
      -0.061552,
      -0.156722,
      0.018631,
      -0.030298,
      -0.108828,
      -0.088603,
      -0.023641,
      -0.188623,
      -0.041653,
      -0.10323,
      0.003188,
      -0.139881,
      -0.039871,
      -0.074633,
      -0.093865,
      -0.151559,
      -0.176891,
      -0.109455,
      -0.060836,
      -0.139123,
      -0.056147,
      -0.066559,
      -0.09221,
      -0.013631,
      0.011116,
      0.036895,
      0.026175,
      -0.159882,
      -0.120075,
      -0.15845,
      -0.049656,
      0.022251,
      -0.078357,
      -0.198867,
      -0.020752,
      -0.111647,
      -0.120501,
      -0.047062,
      -0.092599,
      0.019942,
      -0.033541,
      -0.140291,
      -0.033605,
      -0.156955,
      -0.059673,
      -0.184614,
      -0.087934,
      -0.110658,
      -0.043361,
      -0.014362,
      -0.050224,
      -0.097381,
      -0.047101,
      -0.081629,
      -0.122117,
      -0.006375,
      0.049047,
      -0.139175,
      0.018101,
      -0.092209,
      -0.072351,
      0.010267,
      0.061682,
      -0.006324,
      -0.126644,
      0.003624,
      -0.020367,
      -0.163094,
      -0.135677,
      -0.037244,
      -0.098217,
      -0.143662,
      0.027375,
      -0.061994,
      0.013491,
      -0.055321,
      -0.1057,
      -0.155689,
      -0.057663,
      -0.154618,
      0.024656,
      -0.028527,
      -0.124264,
      -0.033589,
      -0.153506,
      -0.130343,
      0.041401,
      -0.11307,
      0.012281,
      -0.103301,
      -0.021222,
      -0.146672,
      0.004197,
      -0.004653,
      -0.065641,
      -0.097433,
      -0.036673,
      -0.06313,
      0.024856,
      -0.066922,
      -0.184079,
      0.006393,
      -0.089559,
      -0.070113,
      -0.081243,
      -0.11896,
      -0.056703,
      -0.126771,
      -0.050199,
      -0.058391,
      0.035049,
      -0.082033,
      -0.081813,
      -0.0434,
      -0.119113,
      -0.015033,
      -0.070775,
      -0.034729,
      0.00605,
      0.037442,
      -0.060107,
      -0.114411,
      0.027854,
      -0.091232,
      0.014297,
      -0.16615,
      -0.129383,
      -0.186133,
      -0.030307,
      -0.172249,
      0.012418,
      -0.099966,
      -0.134049,
      0.02689,
      -0.048474,
      -0.113198,
      -0.039084,
      -0.129941,
      0.005844,
      -0.083057,
      -0.115921,
      -0.084308,
      0.162696,
      -0.105476,
      -0.005371,
      -0.058798,
      0.149265,
      0.002335,
      -0.079371,
      -0.078692,
      0.096079,
      -0.09017,
      -0.081247,
      -0.004625,
      0.053286,
      -0.013449,
      -0.082608,
      0.021297,
      0.020607,
      0.138802,
      0.099722,
      -0.056427,
      -0.016829,
      0.108852,
      0.102312,
      0.193295,
      0.005898,
      0.010407,
      -0.018323,
      -0.02788,
      0.140285,
      -0.056514,
      0.073386,
      -0.004731,
      0.201727,
      0.215953,
      0.177989,
      -0.046209,
      0.009094,
      -0.068052,
      0.118176,
      -0.026739,
      -0.15187,
      0.098645,
      0.136106,
      0.095159,
      0.000273,
      0.007942,
      0.104448,
      0.081215,
      -0.046314,
      0.083382,
      0.093309,
      0.044169,
      -0.040936,
      -0.033734,
      0.065145,
      0.00815,
      -0.148999,
      0.036164,
      0.102677,
      -0.101869,
      0.101657,
      0.170222,
      0.095059,
      0.056308,
      0.049584,
      0.064977,
      0.07262,
      0.006289,
      0.017807,
      0.140604,
      0.044641,
      0.158464,
      0.119039,
      -0.052487,
      -0.001065,
      0.115507,
      0.124013,
      0.070299,
      0.001304,
      0.014776,
      0.117419,
      -0.184997,
      0.139995,
      0.196942,
      0.053876,
      0.106891,
      -0.025562,
      0.069142,
      0.151554,
      0.001465,
      -0.066742,
      0.139085,
      -0.053213,
      -0.016109,
      0.064156,
      -0.011361,
      0.004732,
      0.030419,
      -0.026362,
      0.069395,
      -0.093885,
      0.011647,
      -0.087804,
      -0.213503,
      0.045888,
      0.110756,
      0.089366,
      0.042961,
      -0.081143,
      0.096681,
      0.069548,
      0.010165,
      0.02518,
      -0.046844,
      0.023473,
      -0.175841,
      0.020102,
      0.093016,
      0.029077,
      0.038746,
      0.151297,
      -0.017943,
      0.0485,
      0.099316,
      0.026031,
      0.026363,
      0.080067,
      0.163667,
      0.208959,
      0.058456,
      -0.048561,
      -0.082017,
      0.044812,
      -0.057254,
      0.056875,
      -0.165678,
      -0.114419,
      -0.04238,
      0.108102,
      -0.018447,
      -0.129089,
      -0.036742,
      -0.076037,
      0.033153,
      -0.07773,
      -0.021107,
      0.023887,
      0.169536,
      -0.031207,
      0.06159,
      -0.008771,
      0.031651,
      0.01627,
      -0.045206,
      0.145814,
      0.157215,
      -0.028232,
      -0.045974,
      0.13765,
      -0.032775,
      -0.056488,
      0.008171,
      -0.063948,
      -0.079011,
      0.044625,
      0.006946,
      0.16529,
      0.12843,
      -0.133583,
      -0.051637,
      -0.08158,
      0.052063,
      -0.027945,
      0.173556,
      0.201428,
      0.009401,
      0.06132,
      0.118915,
      0.191985,
      0.082268,
      0.106248,
      0.036362,
      -0.020425,
      0.022129,
      0.029671,
      0.03813,
      0.039837,
      0.04636,
      0.060377,
      0.055803,
      -0.082347,
      0.121552,
      0.003984,
      -0.00412,
      -0.006056,
      -0.036163,
      0.028931,
      -0.036977,
      -0.024315,
      -0.023928,
      0.080076,
      0.037483,
      -0.005902,
      -0.030237,
      -0.069693,
      0.004521,
      0.003928,
      -0.112049,
      -0.067638,
      -0.093136,
      -0.034618,
      0.024288,
      -0.062424,
      -0.030291,
      -0.127121,
      0.099708,
      0.057328,
      -0.083202,
      -0.063248,
      0.081192,
      0.068281,
      0.013641,
      -0.149864,
      -0.001922,
      -0.112664,
      0.102644,
      0.144865,
      0.0337,
      0.126193,
      0.079076,
      -0.010349,
      0.035069,
      -0.090516,
      0.055013,
      0.019305,
      0.116116,
      -0.088361,
      -0.05263,
      -0.046142,
      0.112554,
      -0.040913,
      0.13518,
      -0.034244,
      0.019061,
      0.054964,
      -0.06826,
      0.043541,
      0.058746,
      -0.03834,
      -0.03445,
      0.162712,
      0.050237,
      0.083738,
      0.043431,
      0.014069,
      -0.072921,
      0.080601,
      0.123175,
      0.128232,
      0.008307,
      0.01116,
      0.020394,
      0.040615,
      0.047006,
      -0.042285,
      0.035855,
      -0.033841,
      0.00473,
      0.02398,
      0.004469,
      0.017813,
      -0.070643,
      0.115926,
      0.010736,
      0.15747,
      -0.035168,
      0.031331,
      0.132132,
      0.032876,
      0.074019,
      -0.013317,
      0.159363,
      0.02691,
      0.019665,
      0.088489,
      0.065838,
      0.065682,
      -0.114645,
      0.071186,
      0.135264,
      -0.017044,
      0.053767,
      0.104415,
      0.091283,
      0.150475,
      0.097319,
      -0.003326,
      0.071891,
      0.034433,
      0.101056,
      0.005673,
      0.120741,
      0.030232,
      0.088394,
      -0.003349,
      0.064331,
      0.01824,
      -0.091243,
      0.031199,
      0.055437,
      0.059232,
      0.159064,
      0.090104,
      0.017843,
      -0.073836,
      -0.088292,
      0.141938,
      0.067719,
      0.13181,
      0.093846,
      0.062247,
      0.108328,
      -0.042651,
      0.09934,
      0.111239,
      -0.000363,
      0.166727,
      0.052368,
      0.125965,
      -0.030737,
      0.158497,
      0.156212,
      -0.020457,
      0.083042,
      0.032957,
      -0.037672,
      0.082827,
      -0.040201,
      0.080468,
      0.038941,
      0.063081,
      0.018542,
      0.048334,
      0.115167,
      -0.046022,
      -0.040264,
      0.002271,
      0.139789,
      0.070822,
      -0.039806,
      -0.011323,
      0.08704,
      -0.062986,
      -0.050708,
      -0.020689,
      0.049104,
      0.026782,
      0.063967,
      0.031479,
      0.087507,
      0.103129,
      -0.03499,
      0.092816,
      -0.011271,
      0.019811,
      0.039927,
      0.102032,
      0.082571,
      0.024843,
      0.027281,
      0.114863,
      0.106775,
      -0.057138,
      0.166789,
      -0.068288,
      0.132421,
      0.124584,
      0.015369,
      -0.071782,
      -0.008398,
      0.075548,
      0.018693,
      0.12103,
      0.021865,
      0.013614,
      0.064398,
      -0.20629,
      -0.107234,
      -0.13984,
      -0.20121,
      -0.098824,
      -0.104494,
      -0.157894,
      0.061062,
      -0.072651,
      0.002304,
      0.125437,
      -0.004025,
      0.020388,
      0.038167,
      0.036942,
      -0.03891,
      -0.194384,
      -0.002683,
      0.028359,
      -0.143372,
      -0.012309,
      0.035364,
      0.046631,
      -0.195662,
      0.078405,
      0.034191,
      0.006644,
      -0.082794,
      0.062028,
      -0.064344,
      0.072636,
      0.098329,
      0.0343,
      -0.069718,
      -0.199536,
      -0.087629,
      -0.107724,
      0.047178,
      -0.116497,
      0.197904,
      -0.031425,
      0.037637,
      0.021194,
      0.117385,
      0.065686,
      -0.151459,
      -0.030805,
      -0.019675,
      0.124014,
      0.146934,
      0.01591,
      0.019793,
      -0.096674,
      0.144185,
      -0.089317,
      -0.079678,
      0.010511,
      -0.082815,
      0.119219,
      0.020657,
      -0.003312,
      -0.117365,
      0.070341,
      -0.05197,
      0.030811,
      -0.009772,
      0.181862,
      0.020732,
      -0.150694,
      0.029158,
      0.182311,
      -0.006316,
      0.107397,
      0.071396,
      0.015783,
      -0.030024,
      0.04943,
      -0.003287,
      0.166872,
      0.019141,
      0.075671,
      0.075817,
      -0.019285,
      0.038476,
      -0.180911,
      0.017709,
      0.045369,
      0.096831,
      0.192355,
      -0.088126,
      -0.011126,
      0.05025,
      0.050862,
      0.141219,
      0.046351,
      -0.071043,
      -0.076859,
      0.147692,
      0.063044,
      0.061539,
      0.1162,
      0.031476,
      0.11614,
      -0.03845,
      0.010688,
      0.055679,
      0.076531,
      0.003867,
      -0.060781,
      0.049804,
      -0.009225,
      -0.088965,
      -0.021564,
      0.069458,
      -0.116284,
      0.134562,
      0.153353,
      0.075523,
      0.0403,
      -0.053728,
      0.034821,
      -0.011704,
      0.163363,
      0.13701,
      0.21716,
      0.110557,
      -0.016196,
      -0.016417,
      -0.001606,
      0.082823,
      -0.061378,
      0.22769,
      0.152599,
      0.133532,
      -0.145788,
      0.08789,
      0.109974,
      0.028524,
      0.056076,
      0.107795,
      0.172377,
      0.026838,
      0.052042,
      0.178027,
      0.058302,
      0.220565,
      0.137506,
      -0.096014,
      0.061554,
      0.057583,
      0.12882,
      0.110862,
      -0.000175,
      -0.036703,
      0.193364,
      0.036606,
      0.115884,
      0.015064,
      0.028451,
      0.051912,
      0.011346,
      0.136857,
      0.165096,
      0.20982,
      0.016791,
      0.147532,
      -0.103168,
      0.042326,
      -0.018735,
      -0.013651,
      0.151934,
      0.092486,
      0.121926,
      0.172731,
      0.071757,
      0.196588,
      0.156457,
      0.055895,
      0.069019,
      0.132537,
      0.060838,
      0.108973,
      0.188039,
      0.03478,
      0.16654,
      0.181596,
      0.084539,
      0.187361,
      0.159335,
      -0.099724,
      0.012794,
      0.04093,
      0.084759,
      0.105655,
      -0.011914,
      0.032097,
      0.205255,
      0.111428,
      0.010896,
      0.026432,
      0.171045,
      0.171483,
      0.067779,
      0.085165,
      0.129443,
      0.12104,
      -0.036257,
      -0.007128,
      0.121161,
      0.063085,
      0.103191,
      0.052975,
      -0.04125,
      0.083819,
      0.200481,
      -0.021049,
      -0.010454,
      -0.004671,
      0.143132,
      -0.018286,
      -0.054268,
      0.12337,
      -0.03959,
      0.09839,
      0.082376,
      0.137702,
      0.108075,
      0.201185,
      0.036812,
      0.012659,
      0.092587,
      0.011809,
      -0.060814,
      0.116127,
      0.128775,
      0.030571,
      -0.018097,
      0.164739,
      0.198921,
      0.047234,
      -0.031744,
      0.137687,
      0.007281,
      0.034026,
      0.152062,
      0.046833,
      0.0971,
      0.126541,
      0.11559,
      0.027021,
      0.031483,
      -0.050782,
      0.09423,
      -0.09206,
      -0.029747,
      0.085589,
      0.15855,
      -0.011452,
      0.054432,
      0.164922,
      0.134657,
      0.080168,
      0.038524,
      0.171324,
      -0.058326,
      -0.004775,
      0.033327,
      0.126936,
      0.105717,
      -0.067297,
      0.005349,
      0.099137,
      0.0573,
      0.065425,
      0.077157,
      0.090319,
      0.022208,
      0.112678,
      0.211173,
      0.02353,
      0.023588,
      0.1728,
      0.018429,
      0.083844,
      0.221203,
      -0.051412,
      0.08254,
      0.16129,
      0.017734,
      -0.003058,
      0.063908,
      -0.036076,
      -0.015931,
      0.137603,
      0.192344,
      0.085791,
      0.124239,
      0.162279,
      0.012929,
      0.03469,
      0.182719,
      0.125843,
      -0.03904,
      0.024291,
      0.096301,
      0.170028,
      -0.023457,
      0.066723,
      0.122058,
      0.16142,
      0.186238,
      0.091656,
      0.005571,
      -0.018855,
      -0.017639,
      0.084057,
      0.152282,
      -0.022186,
      0.051732,
      0.149808,
      -0.000946,
      -5e-05,
      -0.011503,
      0.149747,
      0.009041,
      0.05583,
      -0.013379,
      0.062123,
      0.001881,
      0.133457,
      0.103791,
      0.152736,
      0.019976,
      0.175077,
      0.178754,
      0.170726,
      0.139783,
      0.143101,
      0.131607,
      0.080327,
      0.132019,
      0.053541,
      0.087085,
      -0.032648,
      0.054041,
      -0.022287,
      -0.004293,
      0.001212,
      0.142892,
      -0.033828,
      0.013029,
      0.031247,
      0.003276,
      0.094253,
      0.021665,
      -0.015651,
      0.096446,
      0.111238,
      0.145092,
      0.04208,
      0.119473,
      -0.016166,
      0.012304,
      0.0528,
      0.022893,
      0.182252,
      0.075876,
      0.135497,
      0.017506,
      0.050529,
      0.19156,
      -0.033397,
      0.074539,
      0.054602,
      0.087967,
      0.199722,
      0.148948,
      0.145897,
      0.071294,
      -0.048682,
      0.079685,
      0.124367,
      0.088086,
      0.158774,
      0.115184,
      0.023729,
      0.032032,
      0.092151,
      0.093988,
      0.112826,
      0.115601,
      -0.175889,
      -0.166068,
      -0.051725,
      -0.007281,
      0.020241,
      -0.165838,
      0.020959,
      0.033573,
      -0.106877,
      -0.184363,
      0.118037,
      0.059241,
      0.082902,
      0.064173,
      -0.083851,
      0.123756,
      -0.112648,
      0.049882,
      0.070979,
      0.04852,
      0.002044,
      0.102323,
      0.00858,
      0.072304,
      -0.059197,
      0.107943,
      -0.109244,
      0.057897,
      0.084863,
      0.046193,
      -0.01988,
      -0.111908,
      0.080252,
      -0.006409,
      -0.085497,
      -0.118799,
      0.052322,
      -0.13331,
      -0.017892,
      0.035894,
      0.131907,
      -0.028751,
      -0.131878,
      0.129868,
      0.068846,
      0.121211,
      0.029762,
      -0.016175,
      -0.023558,
      0.195299,
      0.036057,
      0.065999,
      0.053082,
      0.121882,
      -0.084775,
      0.185046,
      0.13552,
      -0.108718,
      -0.17173,
      0.093678,
      -0.124982,
      0.033571,
      0.038105,
      0.021112,
      0.146569,
      0.148756,
      -0.019072,
      0.142265,
      0.075311,
      0.094769,
      0.080155,
      0.04555,
      0.03104,
      0.18378,
      0.122589,
      0.05957,
      0.088841,
      0.122603,
      0.030509,
      -0.004718,
      0.069846,
      -0.042441,
      0.073461,
      0.039403,
      0.072451,
      0.092026,
      0.0299,
      0.088921,
      -0.105969,
      0.034172,
      -0.145078,
      0.045939,
      0.075711,
      8.2e-05,
      -0.039419,
      -0.128946,
      -0.079499,
      -0.072149,
      0.044713,
      0.083685,
      0.204634,
      0.113371,
      0.177914,
      0.06476,
      0.194373,
      0.020771,
      -0.051568,
      0.164047,
      0.095291,
      0.101066,
      -0.00096,
      0.040089,
      0.100703,
      0.104794,
      0.025132,
      0.04926,
      0.023153,
      -0.016434,
      0.081154,
      0.092903,
      0.174787,
      -0.082227,
      0.067343,
      0.213859,
      -0.03187,
      0.047533,
      0.09589,
      -0.009296,
      0.070365,
      0.124747,
      0.20383,
      0.230106,
      -0.095779,
      0.058309,
      0.048215,
      0.146582,
      -0.096071,
      0.002878,
      -0.000508,
      0.065382,
      0.030186,
      0.110514,
      0.046598,
      0.003825,
      -0.060497,
      0.168011,
      -0.097927,
      -0.017749,
      0.093877,
      0.158884,
      0.00262,
      0.174491,
      -0.02208,
      0.165846,
      0.122831,
      -0.031746,
      0.08646,
      0.025845,
      0.055869,
      0.233634,
      0.030904,
      -0.053494,
      -0.007254,
      0.099324,
      0.146345,
      0.126822,
      -0.090032,
      0.142749,
      0.022453,
      0.143353,
      0.138035,
      0.043972,
      0.145673,
      -0.08001,
      0.017368,
      0.086211,
      -0.049291,
      -0.012169,
      -0.015917,
      0.064087,
      0.038191,
      0.193172,
      0.082673,
      0.08573,
      0.127116,
      -0.012016,
      0.184111,
      0.133778,
      0.038778,
      0.151769,
      0.106243,
      0.008437,
      -0.098744,
      0.129705,
      -0.060999,
      0.072659,
      -0.055068,
      -0.052226,
      0.025827,
      -0.055935,
      0.173892,
      -0.009855,
      -0.086868,
      0.145942,
      0.023044,
      0.081315,
      0.136577,
      0.078804,
      0.100769,
      0.200281,
      0.128892,
      -0.059987,
      0.116839,
      0.122007,
      -0.051101,
      0.135752,
      0.056183,
      -0.019733,
      0.10402,
      0.035352,
      0.037214,
      0.15696,
      0.022988,
      -0.047004,
      -0.014624,
      0.056578,
      0.005321,
      0.035395,
      0.058877,
      -0.023507,
      0.171354,
      0.112114,
      0.138685,
      0.144745,
      0.129067,
      0.006953,
      0.087496,
      0.116068,
      -0.042082,
      -0.055681,
      -0.020503,
      0.110016,
      0.166265,
      -0.012422,
      0.179106,
      0.080864,
      0.08691,
      0.052107,
      0.008468,
      0.080056,
      0.087168,
      0.057189,
      -0.037605,
      -0.038606,
      0.092815,
      0.167679,
      0.163413,
      0.127806,
      -0.00836,
      0.083163,
      0.005346,
      0.019184,
      -0.026436,
      0.023903,
      -0.037709,
      -0.009617,
      0.133131,
      0.185632,
      0.144194,
      -0.042764,
      0.092147,
      -0.057082,
      0.160179,
      0.073145,
      0.111877,
      0.065311,
      -0.022823,
      0.007969,
      0.085383,
      -0.035141,
      0.149164,
      0.11453,
      -0.005544,
      0.062985,
      0.160637,
      0.203966,
      -0.011192,
      0.116575,
      -0.022891,
      0.076746,
      0.126591,
      0.100225,
      0.08597,
      0.086287,
      -0.012623,
      0.139807,
      0.193384,
      0.170522,
      0.180042,
      0.17668,
      0.011815,
      -0.03034,
      0.161982,
      -0.023665,
      0.070204,
      0.062521,
      0.03696,
      0.024529,
      0.166726,
      0.019163,
      0.18755,
      0.158071,
      0.157215,
      0.105104,
      0.158505,
      0.015495,
      -0.041817,
      0.002968,
      0.012061,
      0.176338,
      -0.046074,
      0.054639,
      0.11761,
      0.020555,
      0.161262,
      -0.009097,
      0.05091,
      0.055392,
      -0.022471,
      0.138826,
      0.189441,
      -0.047848,
      0.187733,
      0.097956,
      0.012906,
      0.188645,
      0.151136,
      0.089891,
      0.04018,
      0.066206,
      -0.020984,
      0.077827,
      0.166328,
      0.131744,
      0.112274,
      0.065346,
      0.048082,
      0.091876,
      0.18821,
      0.195151,
      0.159628,
      0.01607,
      0.17039,
      0.183368,
      0.018764,
      0.111717,
      0.138114,
      0.018039,
      0.06375,
      0.06942,
      -0.0158,
      0.198306,
      -0.008507,
      0.004365,
      0.059279,
      0.045602,
      0.004709,
      0.038045,
      -0.012324,
      -0.019726,
      -0.049474,
      0.063555,
      -0.000954,
      -0.014497,
      -0.009672,
      0.060979,
      0.097113,
      -0.04498,
      -0.058075,
      0.160306,
      0.138061,
      0.167791,
      0.158133,
      -0.019963,
      0.074146,
      0.139578,
      -0.039015,
      0.116404,
      -0.040686,
      0.105231,
      -0.002197,
      0.176181,
      -0.161023,
      -0.11868,
      -0.14405,
      -0.100016,
      -0.048231,
      -0.132498,
      0.011806,
      -0.02492,
      0.031812,
      0.025745,
      0.053795,
      -0.058385,
      0.069002,
      0.069417,
      -0.090054,
      0.077206,
      -0.061991,
      -0.138946,
      0.126782,
      -0.063032,
      0.059968,
      -0.004213,
      0.010627,
      -0.083248,
      -0.110822,
      0.090564,
      0.020109,
      0.070347,
      0.053671,
      -0.125499,
      -0.021192,
      -0.169494,
      0.029264,
      0.097547,
      0.018341,
      -0.06923,
      0.041104,
      -0.030283,
      -0.166857,
      0.0005,
      0.031904,
      0.014012,
      -0.098172,
      0.115377,
      0.01338,
      0.193209,
      -0.161132,
      -0.078902,
      0.149888,
      0.078577,
      0.058558,
      0.052768,
      0.100275,
      0.060344,
      -0.152462,
      -0.046529,
      -0.123725,
      0.042232,
      -0.040629,
      0.030586,
      0.030316,
      0.155129,
      -0.055687,
      -0.034774,
      0.174345,
      0.002499,
      0.034398,
      0.197458,
      0.043772,
      0.092288,
      -0.023054,
      -0.009158,
      -0.10274,
      0.16347,
      0.060116,
      0.073602,
      0.01381,
      0.109429,
      0.133867,
      0.050163,
      0.107028,
      0.077447,
      0.079211,
      0.129987,
      0.091887,
      0.054696,
      -0.0549,
      0.112827,
      0.002078,
      0.182527,
      -0.137472,
      0.146456,
      0.003223,
      -0.029861,
      0.102276,
      0.014184,
      0.086794,
      -0.035046,
      0.179755,
      -0.052055,
      0.186885,
      0.008663,
      -0.028613,
      0.148054,
      0.074458,
      -0.002027,
      0.065888,
      -0.08952,
      0.029287,
      -0.080871,
      -0.095576,
      0.187201,
      -0.037614,
      0.002012,
      0.192739,
      -0.001421,
      -0.014762,
      -0.013514,
      0.239324,
      0.07156,
      -0.09857,
      -0.037553,
      -0.047786,
      0.107078,
      -0.039119,
      0.046835,
      0.090514,
      -0.025549,
      0.185781,
      0.122494,
      -0.039358,
      0.152089,
      0.115773,
      -0.052996,
      0.137432,
      0.149906,
      0.110214,
      -0.016662,
      0.157657,
      -0.022741,
      0.038353,
      0.193799,
      -0.049548,
      0.075739,
      0.049921,
      0.176608,
      0.019642,
      0.042406,
      0.131788,
      0.117546,
      -0.069401,
      0.104203,
      0.084249,
      -0.026307,
      0.00592,
      0.023798,
      -0.052308,
      -0.010427,
      -0.003777,
      0.201595,
      0.032103,
      0.050235,
      0.096117,
      -0.072895,
      0.059352,
      0.009184,
      0.091855,
      0.052556,
      -0.009576,
      -0.016613,
      0.110139,
      0.076183,
      -0.047756,
      0.010688,
      0.180321,
      0.164253,
      0.097653,
      -0.043278,
      -0.036464,
      0.002677,
      0.055113,
      0.00832,
      0.117392,
      -0.016816,
      0.166143,
      0.159801,
      -0.021156,
      -0.052306,
      0.040819,
      0.160195,
      0.131034,
      0.027982,
      0.053286,
      0.083864,
      0.080372,
      0.008586,
      0.044754,
      0.066182,
      0.085622,
      0.150477,
      -0.062276,
      0.033105,
      0.042034,
      0.040182,
      0.026519,
      0.130079,
      0.019649,
      0.032843,
      0.141301,
      0.076667,
      -0.010843,
      0.062999,
      -0.048212,
      -0.049014,
      0.014673,
      0.145489,
      0.130354,
      0.105139,
      0.032396,
      0.157932,
      -0.050437,
      0.163981,
      0.140214,
      -0.057896,
      0.037784,
      -0.036156,
      0.071906,
      0.072091,
      0.107996,
      0.119487,
      -0.041515,
      0.057967,
      0.135743,
      0.164479,
      0.163274,
      0.158838,
      0.16254,
      0.184941,
      -0.06808,
      0.159918,
      0.074702,
      -0.032632,
      -0.021334,
      0.001646,
      0.038726,
      -0.04389,
      0.063408,
      0.081553,
      0.075195,
      0.018341,
      0.091554,
      -0.00296,
      -0.008669,
      0.024503,
      0.026631,
      0.002328,
      -0.017129,
      0.159013,
      0.106005,
      -0.037345,
      -0.05348,
      0.052521,
      0.037932,
      -0.04522,
      0.067678,
      0.055311,
      0.101898,
      -0.050062,
      -0.013399,
      0.021316,
      0.095511,
      0.021328,
      0.048351,
      -0.033747,
      0.030908,
      0.012555,
      -0.035173,
      0.138782,
      0.024223,
      0.092148,
      0.071926,
      0.103588,
      0.105093,
      0.09589,
      -0.043908,
      0.007812,
      0.049826,
      -0.035397,
      0.054617,
      0.050048,
      0.071057,
      0.155956,
      -0.077793,
      0.058319,
      0.151732,
      -0.02563,
      0.128913,
      0.001601,
      -0.048246,
      0.003586,
      0.133192,
      0.105353,
      -0.039231,
      0.118262,
      -0.005044,
      0.174269,
      0.106148,
      0.066506,
      -0.025783,
      0.139786,
      0.116073,
      0.122106,
      0.135825,
      0.051634,
      -0.060255,
      0.169575,
      0.057944,
      0.064907,
      0.086152,
      0.15099,
      0.089227,
      -0.028809,
      0.002676,
      0.158995,
      0.088496,
      0.088095,
      -0.05032,
      0.165325,
      0.045585,
      0.131745,
      0.13253,
      0.048922,
      0.049164,
      0.002255,
      0.154297,
      0.067854,
      0.183177,
      -0.018877,
      0.052282,
      0.052458,
      -0.002669,
      0.116644,
      -0.045375,
      -0.022,
      -0.036748,
      0.0349,
      0.179933,
      0.07499,
      0.172989,
      -0.012949,
      0.091843,
      0.13853,
      -0.049096,
      0.144704,
      -0.023371,
      0.147327,
      -0.036483,
      -0.053148,
      -0.02412,
      0.155641,
      0.073655,
      0.1443,
      0.112094,
      0.015812,
      -0.033007,
      -0.042221,
      0.028275,
      -0.043001,
      -0.024359,
      0.183971,
      0.145151,
      0.041669,
      0.01023,
      0.0698,
      0.133003,
      0.127014,
      0.106712,
      0.162391,
      0.02288,
      0.055095,
      0.161995,
      0.022488,
      -0.055919,
      0.074502,
      0.020926,
      0.145827,
      0.075818,
      -0.034999,
      -0.034566,
      0.13171,
      0.163471,
      0.127786
    ],
    "headB": [
      0.074874,
      0.068057,
      0.07956,
      0.077881,
      0.055817,
      0.046472,
      0.052472,
      0.049715,
      0.039367,
      0.066684,
      0.028501,
      0.032095,
      0.035651,
      0.037264,
      0.048286,
      0.025149,
      0.01659,
      0.049121,
      0.032459,
      0.036515,
      0.033977,
      0.022096,
      0.008881,
      0.028438,
      0.033129,
      0.014762,
      0.023953,
      0.010316,
      0.003352,
      0.038657,
      0.020306,
      0.008885,
      0.022851,
      0.016174,
      0.027775,
      0.007495,
      0.025158,
      0.018883,
      0.034378,
      -0.006655,
      -0.022544,
      0.033531,
      -0.008486,
      -0.007073,
      0.005668,
      -0.06919,
      0.023336,
      -0.025523,
      0.026445,
      -0.009776,
      -0.043908,
      0.01402,
      -0.049954,
      0.012487,
      -0.046471,
      0.000561,
      -0.010409,
      -0.005117,
      0.01924,
      -0.036616,
      -0.02622,
      -0.004572,
      -0.043586,
      0.011021,
      -0.037037,
      -0.066273,
      -0.087029,
      -0.06412,
      -0.018256,
      -0.049913,
      -0.021237,
      -0.011572,
      -0.051259,
      -0.020783,
      0.022614,
      -0.037534,
      -0.007002,
      -0.005096,
      -0.049734,
      -0.036315,
      -0.044493,
      -0.053415,
      -0.035759,
      -0.0198,
      -0.056115,
      -0.06903,
      -0.040746,
      -0.083066,
      -0.02274,
      -0.079039,
      -0.056596,
      -0.03179,
      -0.031311,
      -0.045742,
      -0.02102,
      0.010388,
      -0.052788,
      -0.050236,
      -0.002157,
      -0.046635,
      -0.070642,
      -0.05054,
      -0.055755,
      -0.055653,
      -0.050684,
      -0.086004,
      -0.035055,
      -0.041773,
      -0.073135,
      -0.054389,
      -0.058749,
      -0.057671,
      -0.049633,
      -0.077883,
      -0.058951,
      -0.042097,
      -0.03776,
      -0.058623,
      -0.090509,
      -0.054033,
      -0.053853,
      -0.034891,
      -0.07879,
      -0.062152,
      -0.051452,
      -0.052343,
      -0.058877,
      -0.055815,
      -0.030649,
      -0.052604,
      -0.065613,
      -0.056704,
      -0.062367,
      -0.025693,
      -0.05576,
      -0.071114,
      -0.034894,
      -0.038923,
      -0.072539,
      -0.047865,
      -0.055811,
      -0.098959,
      -0.048478,
      -0.041018,
      -0.030851,
      -0.077893,
      -0.063457,
      -0.098714,
      -0.050188,
      -0.108943,
      -0.052381,
      -0.050966,
      -0.055056,
      -0.058531,
      -0.041125,
      -0.050287,
      -0.06547,
      -0.055415,
      -0.040749,
      -0.073962,
      -0.055578,
      -0.036458,
      -0.059106,
      -0.041642,
      -0.069091,
      -0.077012,
      -0.047832,
      -0.059433,
      -0.050346,
      -0.04874,
      -0.073278,
      -0.058452,
      -0.056251,
      -0.047567,
      -0.061849,
      -0.061232,
      -0.055732,
      -0.057198,
      -0.051235,
      -0.061211,
      -0.058092,
      -0.044994,
      -0.050137,
      -0.045043,
      -0.061241,
      -0.057597,
      -0.05407,
      -0.054616,
      -0.056452,
      -0.04502,
      -0.053094,
      -0.05698,
      -0.04492,
      -0.050607,
      -0.058793,
      -0.056786,
      -0.051316,
      -0.067198,
      -0.054724,
      -0.056721,
      -0.056928,
      -0.053679,
      -0.043836,
      -0.047729,
      -0.056943,
      -0.038194,
      -0.054379,
      -0.059847,
      -0.065166,
      -0.056323,
      -0.055399,
      -0.053842,
      -0.058808,
      -0.058894,
      -0.046478,
      -0.049245,
      -0.053165,
      -0.061702,
      -0.05317,
      -0.061133,
      -0.036788,
      -0.044834,
      -0.054336,
      -0.057341,
      -0.059919,
      -0.049327,
      -0.065473,
      -0.050927,
      -0.059066,
      -0.041614,
      -0.065856,
      -0.059346,
      -0.059893,
      -0.059922,
      -0.069735,
      -0.05534,
      -0.067818,
      -0.077892,
      -0.04863,
      -0.057314,
      -0.067794,
      -0.056633,
      -0.059245,
      -0.063594,
      -0.062531,
      -0.062603,
      -0.05668,
      -0.060657,
      -0.06638,
      -0.043409,
      -0.051356,
      -0.049651,
      -0.048165,
      -0.052585,
      -0.048644,
      -0.046044,
      -0.053719,
      -0.071736,
      -0.0485,
      -0.055993,
      -0.071063,
      -0.061418,
      -0.066428,
      -0.049524,
      -0.059326,
      -0.055877,
      -0.055593,
      -0.052446,
      -0.058938,
      -0.072067,
      -0.058388,
      -0.066682,
      -0.067753,
      -0.057141,
      -0.045728,
      -0.051295,
      -0.05747,
      -0.076243,
      -0.046432,
      -0.064038,
      -0.073765,
      -0.061349,
      -0.064046,
      -0.045144,
      -0.059398,
      -0.050826,
      -0.058803,
      -0.062954,
      -0.04844,
      -0.058182,
      -0.05585,
      -0.064311,
      -0.040874,
      -0.064838,
      -0.055906,
      -0.069605,
      -0.064395,
      -0.064744,
      -0.064327,
      -0.061663,
      -0.077013,
      -0.075427,
      -0.071194,
      -0.070683,
      -0.067502,
      -0.074285,
      -0.064127,
      -0.067435,
      -0.060608,
      -0.073022,
      -0.070778,
      -0.070007,
      -0.072802,
      -0.068373,
      -0.061768,
      -0.063992,
      -0.066064,
      -0.066154,
      -0.073151,
      -0.063884,
      -0.058255,
      -0.058487,
      -0.06024,
      -0.074534,
      -0.057129,
      -0.05607,
      -0.066693,
      -0.064387,
      -0.072484,
      -0.069813,
      -0.069721,
      -0.068503,
      -0.065296,
      -0.069352,
      -0.066782,
      -0.062213,
      -0.068899,
      -0.069089,
      -0.065343,
      -0.06377,
      -0.075807,
      -0.068743,
      -0.065091,
      -0.066943,
      -0.06891,
      -0.071158,
      -0.075197,
      -0.075795,
      -0.060811,
      -0.075503,
      -0.067246,
      -0.073201,
      -0.05941,
      -0.058647,
      -0.062196,
      -0.065886,
      -0.063881,
      -0.057301,
      -0.07177,
      -0.064406,
      -0.068594,
      -0.069379,
      -0.060916,
      -0.065799,
      -0.071238,
      -0.065893,
      -0.061135,
      -0.073115,
      -0.075318,
      -0.070119,
      -0.068227,
      -0.067216,
      -0.061112,
      -0.068464,
      -0.078374,
      -0.061814,
      -0.061697,
      -0.068783,
      -0.058878,
      -0.065986,
      -0.063465,
      -0.060484,
      -0.058831,
      -0.070056,
      -0.069424,
      -0.066334,
      -0.071173,
      -0.069049,
      -0.064187,
      -0.065705,
      -0.074586,
      -0.071754
    ]
  }
}```

########################################
Here is my code for backend/.data/transformer-weights-e1000-l1-d32-h2-ff128-ctx32.json BELOW:
########################################

```python
{
  "type": "decoder-transformer",
  "config": {
    "vocabSize": 392,
    "contextLen": 32,
    "embDim": 32,
    "numHeads": 2,
    "ffDim": 128,
    "numLayers": 1
  },
  "vocab": [
    " the",
    ".",
    " and",
    " a",
    " said",
    " in",
    " to",
    " was",
    " they",
    " day",
    " king",
    " boy",
    " forest",
    " on",
    " she",
    " cat",
    " one",
    " i",
    " river",
    " old",
    " you",
    " with",
    " man",
    " castle",
    " lived",
    " prince",
    " went",
    " dog",
    " kingdom",
    " queen",
    " woman",
    " he",
    " brave",
    " girl",
    " by",
    " are",
    " there",
    " sat",
    " his",
    " who",
    " great",
    " found",
    " together",
    " princess",
    " her",
    " village",
    " food",
    " is",
    " sky",
    " young",
    " small",
    " came",
    " kitten",
    " at",
    " once",
    " into",
    " back",
    " happy",
    " from",
    " bear",
    " every",
    " bird",
    " were",
    " home",
    " animals",
    " doctor",
    " so",
    " crown",
    " happily",
    " of",
    " through",
    " water",
    " ate",
    " puppy",
    " tree",
    " lion",
    " had",
    " tall",
    " kind",
    " garden",
    " clever",
    " took",
    " very",
    " sea",
    " door",
    " for",
    " mother",
    " sun",
    " help",
    " big",
    " became",
    " loved",
    " walked",
    " will",
    " long",
    " gave",
    " meal",
    " but",
    " baby",
    " bread",
    " chef",
    " elephant",
    " upon",
    " time",
    " lost",
    " returned",
    " helped",
    " an",
    " chased",
    " am",
    " meat",
    " dark",
    " played",
    " slept",
    " teacher",
    " that",
    " tiger",
    " golden",
    " throne",
    " me",
    " come",
    " find",
    " it",
    " journey",
    " house",
    " become",
    " sick",
    " away",
    " family",
    " this",
    " loyal",
    " pet",
    " them",
    " saw",
    " wolf",
    " not",
    " eagle",
    " cold",
    " hospital",
    " him",
    " cheese",
    " school",
    " pasta",
    " rice",
    " engineer",
    " moon",
    " fast",
    " their",
    " pets",
    " runs",
    " ruled",
    " deep",
    " across",
    " wanted",
    " must",
    " be",
    " hungry",
    " strong",
    " as",
    " mouse",
    " both",
    " little",
    " afraid",
    " when",
    " fish",
    " laughed",
    " flew",
    " we",
    " friends",
    " bed",
    " worked",
    " nurse",
    " dinner",
    " pizza",
    " scientist",
    " daughter",
    " powerful",
    " rule",
    " ever",
    " after",
    " wandered",
    " wicked",
    " sad",
    " smart",
    " poor",
    " ago",
    " beautiful",
    " wish",
    " mat",
    " tiny",
    " met",
    " wild",
    " milk",
    " fierce",
    " my",
    " near",
    " could",
    " then",
    " above",
    " down",
    " under",
    " three",
    " night",
    " morning",
    " made",
    " student",
    " grew",
    " cooked",
    " italian",
    " machine",
    " rain",
    " flowed",
    " playful",
    " nearby",
    " over",
    " land",
    " fruit",
    " vegetables",
    " drinks",
    " floor",
    " all",
    " animal",
    " popular",
    " eats",
    " sleeps",
    " need",
    " wise",
    " wore",
    " noble",
    " birth",
    " fell",
    " bring",
    " again",
    " told",
    " people",
    " proud",
    " here",
    " royal",
    " stay",
    " cute",
    " lives",
    " next",
    " wagged",
    " its",
    " tail",
    " swim",
    " like",
    " quick",
    " heard",
    " sound",
    " did",
    " inside",
    " healed",
    " learn",
    " want",
    " hard",
    " kitchen",
    " delicious",
    " too",
    " best",
    " sushi",
    " because",
    " about",
    " bright",
    " stars",
    " shine",
    " ran",
    " path",
    " trees",
    " have",
    " some",
    " birds",
    " drank",
    " shined",
    " fly",
    " feast",
    " cake",
    " juice",
    " coffee",
    " tea",
    " father",
    " two",
    " lunch",
    " asked",
    " our",
    " large",
    " helps",
    " works",
    " walks",
    " dogs",
    " flows",
    " grows",
    " loves",
    " silver",
    " play",
    " darkness",
    " more",
    " far",
    " welcome",
    " may",
    " looking",
    " your",
    " jumped",
    " purred",
    " loudly",
    " scared",
    " sleep",
    " outside",
    " chase",
    " thank",
    " warm",
    " read",
    " write",
    " study",
    " work",
    " love",
    " japanese",
    " lab",
    " heal",
    " smiled",
    " studied",
    " built",
    " showed",
    " race",
    " shines",
    " glows",
    " faster",
    " than",
    " raced",
    " end",
    " thick",
    " turned",
    " fire",
    " middle",
    " swam",
    " place",
    " arm",
    " fall",
    " dry",
    " know",
    " last",
    " glowed",
    " looked",
    " up",
    " climb",
    " below",
    " story",
    " cookies",
    " table",
    " sweet",
    " no",
    " most",
    " should",
    " children",
    " watched",
    " can",
    " left",
    " hidden",
    " behind",
    " kindness",
    " ready",
    " lions",
    " tigers",
    " crowned",
    " hero",
    " sits",
    " rules",
    " grow",
    " makes",
    " common",
    " hot",
    " sandwich",
    " rug",
    " sit",
    " make",
    " loud",
    " walk",
    " beside",
    " flies",
    " swims",
    " cats",
    " builds",
    " machines",
    " son",
    " learns",
    " heals",
    " which",
    " healthy",
    " falls",
    " blood",
    " true",
    " lover"
  ],
  "merges": [
    {
      "pair": [
        " ",
        "t"
      ],
      "merged": " t"
    },
    {
      "pair": [
        "h",
        "e"
      ],
      "merged": "he"
    },
    {
      "pair": [
        " t",
        "he"
      ],
      "merged": " the"
    },
    {
      "pair": [
        " ",
        "a"
      ],
      "merged": " a"
    },
    {
      "pair": [
        "n",
        "d"
      ],
      "merged": "nd"
    },
    {
      "pair": [
        " ",
        "s"
      ],
      "merged": " s"
    },
    {
      "pair": [
        " a",
        "nd"
      ],
      "merged": " and"
    },
    {
      "pair": [
        " ",
        "w"
      ],
      "merged": " w"
    },
    {
      "pair": [
        "i",
        "n"
      ],
      "merged": "in"
    },
    {
      "pair": [
        " ",
        "b"
      ],
      "merged": " b"
    },
    {
      "pair": [
        " ",
        "f"
      ],
      "merged": " f"
    },
    {
      "pair": [
        "r",
        "e"
      ],
      "merged": "re"
    },
    {
      "pair": [
        " ",
        "c"
      ],
      "merged": " c"
    },
    {
      "pair": [
        "v",
        "e"
      ],
      "merged": "ve"
    },
    {
      "pair": [
        " ",
        "d"
      ],
      "merged": " d"
    },
    {
      "pair": [
        "o",
        "n"
      ],
      "merged": "on"
    },
    {
      "pair": [
        " ",
        "p"
      ],
      "merged": " p"
    },
    {
      "pair": [
        "o",
        "u"
      ],
      "merged": "ou"
    },
    {
      "pair": [
        " ",
        "l"
      ],
      "merged": " l"
    },
    {
      "pair": [
        " ",
        "m"
      ],
      "merged": " m"
    },
    {
      "pair": [
        "a",
        "t"
      ],
      "merged": "at"
    },
    {
      "pair": [
        "a",
        "s"
      ],
      "merged": "as"
    },
    {
      "pair": [
        " ",
        "h"
      ],
      "merged": " h"
    },
    {
      "pair": [
        "l",
        "e"
      ],
      "merged": "le"
    },
    {
      "pair": [
        "e",
        "n"
      ],
      "merged": "en"
    },
    {
      "pair": [
        " t",
        "o"
      ],
      "merged": " to"
    },
    {
      "pair": [
        " ",
        "k"
      ],
      "merged": " k"
    },
    {
      "pair": [
        "a",
        "l"
      ],
      "merged": "al"
    },
    {
      "pair": [
        "o",
        "m"
      ],
      "merged": "om"
    },
    {
      "pair": [
        "e",
        "d"
      ],
      "merged": "ed"
    },
    {
      "pair": [
        " ",
        "in"
      ],
      "merged": " in"
    },
    {
      "pair": [
        "i",
        "d"
      ],
      "merged": "id"
    },
    {
      "pair": [
        " s",
        "a"
      ],
      "merged": " sa"
    },
    {
      "pair": [
        " ",
        "on"
      ],
      "merged": " on"
    },
    {
      "pair": [
        "a",
        "n"
      ],
      "merged": "an"
    },
    {
      "pair": [
        "i",
        "t"
      ],
      "merged": "it"
    },
    {
      "pair": [
        " ",
        "g"
      ],
      "merged": " g"
    },
    {
      "pair": [
        "ve",
        "r"
      ],
      "merged": "ver"
    },
    {
      "pair": [
        " ",
        "he"
      ],
      "merged": " he"
    },
    {
      "pair": [
        "c",
        "e"
      ],
      "merged": "ce"
    },
    {
      "pair": [
        "in",
        "g"
      ],
      "merged": "ing"
    },
    {
      "pair": [
        " sa",
        "id"
      ],
      "merged": " said"
    },
    {
      "pair": [
        "a",
        "r"
      ],
      "merged": "ar"
    },
    {
      "pair": [
        " ",
        "r"
      ],
      "merged": " r"
    },
    {
      "pair": [
        "a",
        "y"
      ],
      "merged": "ay"
    },
    {
      "pair": [
        " k",
        "ing"
      ],
      "merged": " king"
    },
    {
      "pair": [
        " f",
        "o"
      ],
      "merged": " fo"
    },
    {
      "pair": [
        "i",
        "l"
      ],
      "merged": "il"
    },
    {
      "pair": [
        "i",
        "s"
      ],
      "merged": "is"
    },
    {
      "pair": [
        " w",
        "as"
      ],
      "merged": " was"
    },
    {
      "pair": [
        "e",
        "r"
      ],
      "merged": "er"
    },
    {
      "pair": [
        "o",
        "l"
      ],
      "merged": "ol"
    },
    {
      "pair": [
        " d",
        "o"
      ],
      "merged": " do"
    },
    {
      "pair": [
        "s",
        "t"
      ],
      "merged": "st"
    },
    {
      "pair": [
        " b",
        "e"
      ],
      "merged": " be"
    },
    {
      "pair": [
        "i",
        "r"
      ],
      "merged": "ir"
    },
    {
      "pair": [
        "o",
        "r"
      ],
      "merged": "or"
    },
    {
      "pair": [
        " the",
        "y"
      ],
      "merged": " they"
    },
    {
      "pair": [
        "r",
        "in"
      ],
      "merged": "rin"
    },
    {
      "pair": [
        " ",
        "y"
      ],
      "merged": " y"
    },
    {
      "pair": [
        " y",
        "ou"
      ],
      "merged": " you"
    },
    {
      "pair": [
        "o",
        "y"
      ],
      "merged": "oy"
    },
    {
      "pair": [
        "as",
        "t"
      ],
      "merged": "ast"
    },
    {
      "pair": [
        " d",
        "ay"
      ],
      "merged": " day"
    },
    {
      "pair": [
        " l",
        "i"
      ],
      "merged": " li"
    },
    {
      "pair": [
        "ol",
        "d"
      ],
      "merged": "old"
    },
    {
      "pair": [
        " t",
        "h"
      ],
      "merged": " th"
    },
    {
      "pair": [
        "g",
        "e"
      ],
      "merged": "ge"
    },
    {
      "pair": [
        " h",
        "a"
      ],
      "merged": " ha"
    },
    {
      "pair": [
        " p",
        "rin"
      ],
      "merged": " prin"
    },
    {
      "pair": [
        " prin",
        "ce"
      ],
      "merged": " prince"
    },
    {
      "pair": [
        " ",
        "e"
      ],
      "merged": " e"
    },
    {
      "pair": [
        "he",
        "r"
      ],
      "merged": "her"
    },
    {
      "pair": [
        "p",
        "p"
      ],
      "merged": "pp"
    },
    {
      "pair": [
        "i",
        "m"
      ],
      "merged": "im"
    },
    {
      "pair": [
        " r",
        "i"
      ],
      "merged": " ri"
    },
    {
      "pair": [
        "o",
        "w"
      ],
      "merged": "ow"
    },
    {
      "pair": [
        " b",
        "oy"
      ],
      "merged": " boy"
    },
    {
      "pair": [
        " fo",
        "re"
      ],
      "merged": " fore"
    },
    {
      "pair": [
        " fore",
        "st"
      ],
      "merged": " forest"
    },
    {
      "pair": [
        " ",
        "n"
      ],
      "merged": " n"
    },
    {
      "pair": [
        "a",
        "m"
      ],
      "merged": "am"
    },
    {
      "pair": [
        "ve",
        "d"
      ],
      "merged": "ved"
    },
    {
      "pair": [
        "en",
        "t"
      ],
      "merged": "ent"
    },
    {
      "pair": [
        " c",
        "at"
      ],
      "merged": " cat"
    },
    {
      "pair": [
        " s",
        "he"
      ],
      "merged": " she"
    },
    {
      "pair": [
        " on",
        "e"
      ],
      "merged": " one"
    },
    {
      "pair": [
        " ",
        "i"
      ],
      "merged": " i"
    },
    {
      "pair": [
        "a",
        "ve"
      ],
      "merged": "ave"
    },
    {
      "pair": [
        "om",
        "e"
      ],
      "merged": "ome"
    },
    {
      "pair": [
        "al",
        "l"
      ],
      "merged": "all"
    },
    {
      "pair": [
        "a",
        "c"
      ],
      "merged": "ac"
    },
    {
      "pair": [
        " ri",
        "ver"
      ],
      "merged": " river"
    },
    {
      "pair": [
        " m",
        "e"
      ],
      "merged": " me"
    },
    {
      "pair": [
        "t",
        "her"
      ],
      "merged": "ther"
    },
    {
      "pair": [
        " ",
        "old"
      ],
      "merged": " old"
    },
    {
      "pair": [
        "s",
        "e"
      ],
      "merged": "se"
    },
    {
      "pair": [
        " a",
        "t"
      ],
      "merged": " at"
    },
    {
      "pair": [
        " ha",
        "pp"
      ],
      "merged": " happ"
    },
    {
      "pair": [
        " b",
        "r"
      ],
      "merged": " br"
    },
    {
      "pair": [
        "k",
        "ed"
      ],
      "merged": "ked"
    },
    {
      "pair": [
        "il",
        "l"
      ],
      "merged": "ill"
    },
    {
      "pair": [
        " do",
        "g"
      ],
      "merged": " dog"
    },
    {
      "pair": [
        "i",
        "g"
      ],
      "merged": "ig"
    },
    {
      "pair": [
        " ",
        "q"
      ],
      "merged": " q"
    },
    {
      "pair": [
        " q",
        "u"
      ],
      "merged": " qu"
    },
    {
      "pair": [
        " w",
        "it"
      ],
      "merged": " wit"
    },
    {
      "pair": [
        " wit",
        "h"
      ],
      "merged": " with"
    },
    {
      "pair": [
        "am",
        "e"
      ],
      "merged": "ame"
    },
    {
      "pair": [
        " l",
        "o"
      ],
      "merged": " lo"
    },
    {
      "pair": [
        "s",
        "s"
      ],
      "merged": "ss"
    },
    {
      "pair": [
        "ver",
        "y"
      ],
      "merged": "very"
    },
    {
      "pair": [
        "u",
        "n"
      ],
      "merged": "un"
    },
    {
      "pair": [
        " a",
        "n"
      ],
      "merged": " an"
    },
    {
      "pair": [
        "h",
        "o"
      ],
      "merged": "ho"
    },
    {
      "pair": [
        " m",
        "an"
      ],
      "merged": " man"
    },
    {
      "pair": [
        " c",
        "ast"
      ],
      "merged": " cast"
    },
    {
      "pair": [
        " cast",
        "le"
      ],
      "merged": " castle"
    },
    {
      "pair": [
        " li",
        "ved"
      ],
      "merged": " lived"
    },
    {
      "pair": [
        " f",
        "r"
      ],
      "merged": " fr"
    },
    {
      "pair": [
        " w",
        "ent"
      ],
      "merged": " went"
    },
    {
      "pair": [
        " king",
        "d"
      ],
      "merged": " kingd"
    },
    {
      "pair": [
        " kingd",
        "om"
      ],
      "merged": " kingdom"
    },
    {
      "pair": [
        " qu",
        "e"
      ],
      "merged": " que"
    },
    {
      "pair": [
        " que",
        "en"
      ],
      "merged": " queen"
    },
    {
      "pair": [
        " w",
        "om"
      ],
      "merged": " wom"
    },
    {
      "pair": [
        " wom",
        "an"
      ],
      "merged": " woman"
    },
    {
      "pair": [
        " g",
        "re"
      ],
      "merged": " gre"
    },
    {
      "pair": [
        " br",
        "ave"
      ],
      "merged": " brave"
    },
    {
      "pair": [
        " g",
        "ir"
      ],
      "merged": " gir"
    },
    {
      "pair": [
        " gir",
        "l"
      ],
      "merged": " girl"
    },
    {
      "pair": [
        " s",
        "m"
      ],
      "merged": " sm"
    },
    {
      "pair": [
        " he",
        "l"
      ],
      "merged": " hel"
    },
    {
      "pair": [
        " hel",
        "p"
      ],
      "merged": " help"
    },
    {
      "pair": [
        "it",
        "t"
      ],
      "merged": "itt"
    },
    {
      "pair": [
        "ou",
        "nd"
      ],
      "merged": "ound"
    },
    {
      "pair": [
        "i",
        "nd"
      ],
      "merged": "ind"
    },
    {
      "pair": [
        " b",
        "ir"
      ],
      "merged": " bir"
    },
    {
      "pair": [
        " w",
        "e"
      ],
      "merged": " we"
    },
    {
      "pair": [
        "i",
        "c"
      ],
      "merged": "ic"
    },
    {
      "pair": [
        " b",
        "y"
      ],
      "merged": " by"
    },
    {
      "pair": [
        " m",
        "o"
      ],
      "merged": " mo"
    },
    {
      "pair": [
        " a",
        "re"
      ],
      "merged": " are"
    },
    {
      "pair": [
        " the",
        "re"
      ],
      "merged": " there"
    },
    {
      "pair": [
        " s",
        "at"
      ],
      "merged": " sat"
    },
    {
      "pair": [
        " th",
        "r"
      ],
      "merged": " thr"
    },
    {
      "pair": [
        " be",
        "c"
      ],
      "merged": " bec"
    },
    {
      "pair": [
        "il",
        "y"
      ],
      "merged": "ily"
    },
    {
      "pair": [
        " he",
        "r"
      ],
      "merged": " her"
    },
    {
      "pair": [
        "o",
        "d"
      ],
      "merged": "od"
    },
    {
      "pair": [
        " s",
        "t"
      ],
      "merged": " st"
    },
    {
      "pair": [
        " h",
        "is"
      ],
      "merged": " his"
    },
    {
      "pair": [
        "re",
        "e"
      ],
      "merged": "ree"
    },
    {
      "pair": [
        " w",
        "ho"
      ],
      "merged": " who"
    },
    {
      "pair": [
        " gre",
        "at"
      ],
      "merged": " great"
    },
    {
      "pair": [
        " f",
        "ound"
      ],
      "merged": " found"
    },
    {
      "pair": [
        "r",
        "ow"
      ],
      "merged": "row"
    },
    {
      "pair": [
        " to",
        "ge"
      ],
      "merged": " toge"
    },
    {
      "pair": [
        " toge",
        "ther"
      ],
      "merged": " together"
    },
    {
      "pair": [
        " prince",
        "ss"
      ],
      "merged": " princess"
    },
    {
      "pair": [
        "g",
        "h"
      ],
      "merged": "gh"
    },
    {
      "pair": [
        "an",
        "t"
      ],
      "merged": "ant"
    },
    {
      "pair": [
        " ",
        "v"
      ],
      "merged": " v"
    },
    {
      "pair": [
        " v",
        "ill"
      ],
      "merged": " vill"
    },
    {
      "pair": [
        " vill",
        "a"
      ],
      "merged": " villa"
    },
    {
      "pair": [
        " villa",
        "ge"
      ],
      "merged": " village"
    },
    {
      "pair": [
        " fo",
        "od"
      ],
      "merged": " food"
    },
    {
      "pair": [
        " ",
        "is"
      ],
      "merged": " is"
    },
    {
      "pair": [
        "a",
        "u"
      ],
      "merged": "au"
    },
    {
      "pair": [
        " s",
        "k"
      ],
      "merged": " sk"
    },
    {
      "pair": [
        " sk",
        "y"
      ],
      "merged": " sky"
    },
    {
      "pair": [
        " an",
        "im"
      ],
      "merged": " anim"
    },
    {
      "pair": [
        " anim",
        "al"
      ],
      "merged": " animal"
    },
    {
      "pair": [
        " bir",
        "d"
      ],
      "merged": " bird"
    },
    {
      "pair": [
        "le",
        "p"
      ],
      "merged": "lep"
    },
    {
      "pair": [
        "u",
        "l"
      ],
      "merged": "ul"
    },
    {
      "pair": [
        " you",
        "n"
      ],
      "merged": " youn"
    },
    {
      "pair": [
        " youn",
        "g"
      ],
      "merged": " young"
    },
    {
      "pair": [
        "ar",
        "d"
      ],
      "merged": "ard"
    },
    {
      "pair": [
        " ",
        "o"
      ],
      "merged": " o"
    },
    {
      "pair": [
        "u",
        "r"
      ],
      "merged": "ur"
    },
    {
      "pair": [
        " sm",
        "all"
      ],
      "merged": " small"
    },
    {
      "pair": [
        " p",
        "e"
      ],
      "merged": " pe"
    },
    {
      "pair": [
        " c",
        "ame"
      ],
      "merged": " came"
    },
    {
      "pair": [
        " k",
        "itt"
      ],
      "merged": " kitt"
    },
    {
      "pair": [
        " kitt",
        "en"
      ],
      "merged": " kitten"
    },
    {
      "pair": [
        "a",
        "b"
      ],
      "merged": "ab"
    },
    {
      "pair": [
        "a",
        "d"
      ],
      "merged": "ad"
    },
    {
      "pair": [
        " c",
        "he"
      ],
      "merged": " che"
    },
    {
      "pair": [
        "in",
        "e"
      ],
      "merged": "ine"
    },
    {
      "pair": [
        " on",
        "ce"
      ],
      "merged": " once"
    },
    {
      "pair": [
        " p",
        "l"
      ],
      "merged": " pl"
    },
    {
      "pair": [
        " in",
        "t"
      ],
      "merged": " int"
    },
    {
      "pair": [
        " int",
        "o"
      ],
      "merged": " into"
    },
    {
      "pair": [
        " b",
        "ac"
      ],
      "merged": " bac"
    },
    {
      "pair": [
        " bac",
        "k"
      ],
      "merged": " back"
    },
    {
      "pair": [
        " happ",
        "y"
      ],
      "merged": " happy"
    },
    {
      "pair": [
        " fr",
        "om"
      ],
      "merged": " from"
    },
    {
      "pair": [
        "on",
        "g"
      ],
      "merged": "ong"
    },
    {
      "pair": [
        " be",
        "ar"
      ],
      "merged": " bear"
    },
    {
      "pair": [
        " e",
        "very"
      ],
      "merged": " every"
    },
    {
      "pair": [
        " t",
        "ree"
      ],
      "merged": " tree"
    },
    {
      "pair": [
        " f",
        "l"
      ],
      "merged": " fl"
    },
    {
      "pair": [
        " ",
        "u"
      ],
      "merged": " u"
    },
    {
      "pair": [
        " n",
        "e"
      ],
      "merged": " ne"
    },
    {
      "pair": [
        " c",
        "row"
      ],
      "merged": " crow"
    },
    {
      "pair": [
        " crow",
        "n"
      ],
      "merged": " crown"
    },
    {
      "pair": [
        " pl",
        "ay"
      ],
      "merged": " play"
    },
    {
      "pair": [
        " w",
        "al"
      ],
      "merged": " wal"
    },
    {
      "pair": [
        " we",
        "re"
      ],
      "merged": " were"
    },
    {
      "pair": [
        " to",
        "o"
      ],
      "merged": " too"
    },
    {
      "pair": [
        " ",
        "it"
      ],
      "merged": " it"
    },
    {
      "pair": [
        "e",
        "a"
      ],
      "merged": "ea"
    },
    {
      "pair": [
        " w",
        "at"
      ],
      "merged": " wat"
    },
    {
      "pair": [
        " pe",
        "t"
      ],
      "merged": " pet"
    },
    {
      "pair": [
        " h",
        "ome"
      ],
      "merged": " home"
    },
    {
      "pair": [
        "o",
        "t"
      ],
      "merged": "ot"
    },
    {
      "pair": [
        " animal",
        "s"
      ],
      "merged": " animals"
    },
    {
      "pair": [
        " li",
        "on"
      ],
      "merged": " lion"
    },
    {
      "pair": [
        " s",
        "c"
      ],
      "merged": " sc"
    },
    {
      "pair": [
        " do",
        "c"
      ],
      "merged": " doc"
    },
    {
      "pair": [
        " doc",
        "t"
      ],
      "merged": " doct"
    },
    {
      "pair": [
        " doct",
        "or"
      ],
      "merged": " doctor"
    },
    {
      "pair": [
        " r",
        "u"
      ],
      "merged": " ru"
    },
    {
      "pair": [
        "f",
        "ul"
      ],
      "merged": "ful"
    },
    {
      "pair": [
        " s",
        "o"
      ],
      "merged": " so"
    },
    {
      "pair": [
        " k",
        "ind"
      ],
      "merged": " kind"
    },
    {
      "pair": [
        " happ",
        "ily"
      ],
      "merged": " happily"
    },
    {
      "pair": [
        " o",
        "f"
      ],
      "merged": " of"
    },
    {
      "pair": [
        " thr",
        "ou"
      ],
      "merged": " throu"
    },
    {
      "pair": [
        " throu",
        "gh"
      ],
      "merged": " through"
    },
    {
      "pair": [
        " ",
        "j"
      ],
      "merged": " j"
    },
    {
      "pair": [
        "ou",
        "se"
      ],
      "merged": "ouse"
    },
    {
      "pair": [
        " wat",
        "er"
      ],
      "merged": " water"
    },
    {
      "pair": [
        " at",
        "e"
      ],
      "merged": " ate"
    },
    {
      "pair": [
        "u",
        "t"
      ],
      "merged": "ut"
    },
    {
      "pair": [
        " p",
        "u"
      ],
      "merged": " pu"
    },
    {
      "pair": [
        " pu",
        "pp"
      ],
      "merged": " pupp"
    },
    {
      "pair": [
        " pupp",
        "y"
      ],
      "merged": " puppy"
    },
    {
      "pair": [
        " ha",
        "d"
      ],
      "merged": " had"
    },
    {
      "pair": [
        "re",
        "ad"
      ],
      "merged": "read"
    },
    {
      "pair": [
        " ru",
        "le"
      ],
      "merged": " rule"
    },
    {
      "pair": [
        " t",
        "all"
      ],
      "merged": " tall"
    },
    {
      "pair": [
        " g",
        "ard"
      ],
      "merged": " gard"
    },
    {
      "pair": [
        " gard",
        "en"
      ],
      "merged": " garden"
    },
    {
      "pair": [
        "e",
        "p"
      ],
      "merged": "ep"
    },
    {
      "pair": [
        " c",
        "le"
      ],
      "merged": " cle"
    },
    {
      "pair": [
        " cle",
        "ver"
      ],
      "merged": " clever"
    },
    {
      "pair": [
        " too",
        "k"
      ],
      "merged": " took"
    },
    {
      "pair": [
        " ",
        "very"
      ],
      "merged": " very"
    },
    {
      "pair": [
        " s",
        "ea"
      ],
      "merged": " sea"
    },
    {
      "pair": [
        "ic",
        "k"
      ],
      "merged": "ick"
    },
    {
      "pair": [
        " do",
        "or"
      ],
      "merged": " door"
    },
    {
      "pair": [
        " c",
        "h"
      ],
      "merged": " ch"
    },
    {
      "pair": [
        " fo",
        "r"
      ],
      "merged": " for"
    },
    {
      "pair": [
        " mo",
        "ther"
      ],
      "merged": " mother"
    },
    {
      "pair": [
        " s",
        "un"
      ],
      "merged": " sun"
    },
    {
      "pair": [
        " u",
        "p"
      ],
      "merged": " up"
    },
    {
      "pair": [
        " b",
        "ig"
      ],
      "merged": " big"
    },
    {
      "pair": [
        " bec",
        "ame"
      ],
      "merged": " became"
    },
    {
      "pair": [
        " a",
        "f"
      ],
      "merged": " af"
    },
    {
      "pair": [
        "t",
        "er"
      ],
      "merged": "ter"
    },
    {
      "pair": [
        " lo",
        "ved"
      ],
      "merged": " loved"
    },
    {
      "pair": [
        " wal",
        "ked"
      ],
      "merged": " walked"
    },
    {
      "pair": [
        "ur",
        "n"
      ],
      "merged": "urn"
    },
    {
      "pair": [
        "urn",
        "ed"
      ],
      "merged": "urned"
    },
    {
      "pair": [
        " d",
        "ar"
      ],
      "merged": " dar"
    },
    {
      "pair": [
        " dar",
        "k"
      ],
      "merged": " dark"
    },
    {
      "pair": [
        "n",
        "e"
      ],
      "merged": "ne"
    },
    {
      "pair": [
        " w",
        "ill"
      ],
      "merged": " will"
    },
    {
      "pair": [
        " l",
        "ong"
      ],
      "merged": " long"
    },
    {
      "pair": [
        "ou",
        "r"
      ],
      "merged": "our"
    },
    {
      "pair": [
        " g",
        "ave"
      ],
      "merged": " gave"
    },
    {
      "pair": [
        " me",
        "al"
      ],
      "merged": " meal"
    },
    {
      "pair": [
        "oy",
        "al"
      ],
      "merged": "oyal"
    },
    {
      "pair": [
        "is",
        "h"
      ],
      "merged": "ish"
    },
    {
      "pair": [
        " ch",
        "as"
      ],
      "merged": " chas"
    },
    {
      "pair": [
        " b",
        "ut"
      ],
      "merged": " but"
    },
    {
      "pair": [
        "a",
        "g"
      ],
      "merged": "ag"
    },
    {
      "pair": [
        " b",
        "ab"
      ],
      "merged": " bab"
    },
    {
      "pair": [
        " bab",
        "y"
      ],
      "merged": " baby"
    },
    {
      "pair": [
        " w",
        "or"
      ],
      "merged": " wor"
    },
    {
      "pair": [
        " b",
        "read"
      ],
      "merged": " bread"
    },
    {
      "pair": [
        " che",
        "f"
      ],
      "merged": " chef"
    },
    {
      "pair": [
        "h",
        "ine"
      ],
      "merged": "hine"
    },
    {
      "pair": [
        "k",
        "s"
      ],
      "merged": "ks"
    },
    {
      "pair": [
        " e",
        "lep"
      ],
      "merged": " elep"
    },
    {
      "pair": [
        " elep",
        "h"
      ],
      "merged": " eleph"
    },
    {
      "pair": [
        " eleph",
        "ant"
      ],
      "merged": " elephant"
    },
    {
      "pair": [
        " t",
        "ig"
      ],
      "merged": " tig"
    },
    {
      "pair": [
        " tig",
        "er"
      ],
      "merged": " tiger"
    },
    {
      "pair": [
        " up",
        "on"
      ],
      "merged": " upon"
    },
    {
      "pair": [
        " t",
        "im"
      ],
      "merged": " tim"
    },
    {
      "pair": [
        " tim",
        "e"
      ],
      "merged": " time"
    },
    {
      "pair": [
        "a",
        "nd"
      ],
      "merged": "and"
    },
    {
      "pair": [
        " d",
        "e"
      ],
      "merged": " de"
    },
    {
      "pair": [
        " lo",
        "st"
      ],
      "merged": " lost"
    },
    {
      "pair": [
        " ",
        "re"
      ],
      "merged": " re"
    },
    {
      "pair": [
        " re",
        "t"
      ],
      "merged": " ret"
    },
    {
      "pair": [
        " ret",
        "urned"
      ],
      "merged": " returned"
    },
    {
      "pair": [
        " w",
        "ant"
      ],
      "merged": " want"
    },
    {
      "pair": [
        "l",
        "d"
      ],
      "merged": "ld"
    },
    {
      "pair": [
        " help",
        "ed"
      ],
      "merged": " helped"
    },
    {
      "pair": [
        " p",
        "o"
      ],
      "merged": " po"
    },
    {
      "pair": [
        " a",
        "s"
      ],
      "merged": " as"
    },
    {
      "pair": [
        " chas",
        "ed"
      ],
      "merged": " chased"
    },
    {
      "pair": [
        " a",
        "m"
      ],
      "merged": " am"
    },
    {
      "pair": [
        " me",
        "at"
      ],
      "merged": " meat"
    },
    {
      "pair": [
        "he",
        "n"
      ],
      "merged": "hen"
    },
    {
      "pair": [
        " ne",
        "ar"
      ],
      "merged": " near"
    },
    {
      "pair": [
        " play",
        "ed"
      ],
      "merged": " played"
    },
    {
      "pair": [
        "k",
        "e"
      ],
      "merged": "ke"
    },
    {
      "pair": [
        "i",
        "e"
      ],
      "merged": "ie"
    },
    {
      "pair": [
        " s",
        "lep"
      ],
      "merged": " slep"
    },
    {
      "pair": [
        " slep",
        "t"
      ],
      "merged": " slept"
    },
    {
      "pair": [
        "e",
        "se"
      ],
      "merged": "ese"
    },
    {
      "pair": [
        " t",
        "e"
      ],
      "merged": " te"
    },
    {
      "pair": [
        " te",
        "ac"
      ],
      "merged": " teac"
    },
    {
      "pair": [
        " teac",
        "her"
      ],
      "merged": " teacher"
    },
    {
      "pair": [
        " c",
        "o"
      ],
      "merged": " co"
    },
    {
      "pair": [
        " f",
        "ast"
      ],
      "merged": " fast"
    },
    {
      "pair": [
        " th",
        "at"
      ],
      "merged": " that"
    },
    {
      "pair": [
        " g",
        "old"
      ],
      "merged": " gold"
    },
    {
      "pair": [
        " gold",
        "en"
      ],
      "merged": " golden"
    },
    {
      "pair": [
        " thr",
        "on"
      ],
      "merged": " thron"
    },
    {
      "pair": [
        " thron",
        "e"
      ],
      "merged": " throne"
    },
    {
      "pair": [
        "re",
        "d"
      ],
      "merged": "red"
    },
    {
      "pair": [
        " c",
        "ome"
      ],
      "merged": " come"
    },
    {
      "pair": [
        "l",
        "l"
      ],
      "merged": "ll"
    },
    {
      "pair": [
        " f",
        "ind"
      ],
      "merged": " find"
    },
    {
      "pair": [
        " j",
        "our"
      ],
      "merged": " jour"
    },
    {
      "pair": [
        " jour",
        "ne"
      ],
      "merged": " journe"
    },
    {
      "pair": [
        " journe",
        "y"
      ],
      "merged": " journey"
    },
    {
      "pair": [
        " h",
        "ouse"
      ],
      "merged": " house"
    },
    {
      "pair": [
        " a",
        "g"
      ],
      "merged": " ag"
    },
    {
      "pair": [
        "a",
        "in"
      ],
      "merged": "ain"
    },
    {
      "pair": [
        " bec",
        "ome"
      ],
      "merged": " become"
    },
    {
      "pair": [
        " s",
        "ick"
      ],
      "merged": " sick"
    },
    {
      "pair": [
        "r",
        "y"
      ],
      "merged": "ry"
    },
    {
      "pair": [
        " a",
        "w"
      ],
      "merged": " aw"
    },
    {
      "pair": [
        " aw",
        "ay"
      ],
      "merged": " away"
    },
    {
      "pair": [
        " f",
        "am"
      ],
      "merged": " fam"
    },
    {
      "pair": [
        " fam",
        "ily"
      ],
      "merged": " family"
    },
    {
      "pair": [
        " th",
        "is"
      ],
      "merged": " this"
    },
    {
      "pair": [
        " l",
        "oyal"
      ],
      "merged": " loyal"
    },
    {
      "pair": [
        "il",
        "d"
      ],
      "merged": "ild"
    },
    {
      "pair": [
        " the",
        "m"
      ],
      "merged": " them"
    },
    {
      "pair": [
        " sa",
        "w"
      ],
      "merged": " saw"
    },
    {
      "pair": [
        " w",
        "ol"
      ],
      "merged": " wol"
    },
    {
      "pair": [
        " wol",
        "f"
      ],
      "merged": " wolf"
    },
    {
      "pair": [
        " n",
        "ot"
      ],
      "merged": " not"
    },
    {
      "pair": [
        " s",
        "w"
      ],
      "merged": " sw"
    },
    {
      "pair": [
        "he",
        "d"
      ],
      "merged": "hed"
    },
    {
      "pair": [
        " e",
        "ag"
      ],
      "merged": " eag"
    },
    {
      "pair": [
        " eag",
        "le"
      ],
      "merged": " eagle"
    },
    {
      "pair": [
        " a",
        "b"
      ],
      "merged": " ab"
    },
    {
      "pair": [
        "ig",
        "h"
      ],
      "merged": "igh"
    },
    {
      "pair": [
        "igh",
        "t"
      ],
      "merged": "ight"
    },
    {
      "pair": [
        " c",
        "old"
      ],
      "merged": " cold"
    },
    {
      "pair": [
        " h",
        "o"
      ],
      "merged": " ho"
    },
    {
      "pair": [
        " ho",
        "s"
      ],
      "merged": " hos"
    },
    {
      "pair": [
        " hos",
        "p"
      ],
      "merged": " hosp"
    },
    {
      "pair": [
        " hosp",
        "it"
      ],
      "merged": " hospit"
    },
    {
      "pair": [
        " hospit",
        "al"
      ],
      "merged": " hospital"
    },
    {
      "pair": [
        " h",
        "im"
      ],
      "merged": " him"
    },
    {
      "pair": [
        " che",
        "ese"
      ],
      "merged": " cheese"
    },
    {
      "pair": [
        " sc",
        "ho"
      ],
      "merged": " scho"
    },
    {
      "pair": [
        " scho",
        "ol"
      ],
      "merged": " school"
    },
    {
      "pair": [
        " st",
        "u"
      ],
      "merged": " stu"
    },
    {
      "pair": [
        " stu",
        "d"
      ],
      "merged": " stud"
    },
    {
      "pair": [
        " p",
        "ast"
      ],
      "merged": " past"
    },
    {
      "pair": [
        " past",
        "a"
      ],
      "merged": " pasta"
    },
    {
      "pair": [
        " ri",
        "ce"
      ],
      "merged": " rice"
    },
    {
      "pair": [
        " ",
        "en"
      ],
      "merged": " en"
    },
    {
      "pair": [
        " en",
        "g"
      ],
      "merged": " eng"
    },
    {
      "pair": [
        " eng",
        "ine"
      ],
      "merged": " engine"
    },
    {
      "pair": [
        " engine",
        "er"
      ],
      "merged": " engineer"
    },
    {
      "pair": [
        "ow",
        "ed"
      ],
      "merged": "owed"
    },
    {
      "pair": [
        " mo",
        "on"
      ],
      "merged": " moon"
    },
    {
      "pair": [
        " the",
        "ir"
      ],
      "merged": " their"
    },
    {
      "pair": [
        " pet",
        "s"
      ],
      "merged": " pets"
    },
    {
      "pair": [
        " r",
        "un"
      ],
      "merged": " run"
    },
    {
      "pair": [
        " run",
        "s"
      ],
      "merged": " runs"
    },
    {
      "pair": [
        " rule",
        "d"
      ],
      "merged": " ruled"
    },
    {
      "pair": [
        " de",
        "ep"
      ],
      "merged": " deep"
    },
    {
      "pair": [
        " f",
        "e"
      ],
      "merged": " fe"
    },
    {
      "pair": [
        " a",
        "c"
      ],
      "merged": " ac"
    },
    {
      "pair": [
        " ac",
        "r"
      ],
      "merged": " acr"
    },
    {
      "pair": [
        " acr",
        "o"
      ],
      "merged": " acro"
    },
    {
      "pair": [
        " acro",
        "ss"
      ],
      "merged": " across"
    },
    {
      "pair": [
        " want",
        "ed"
      ],
      "merged": " wanted"
    },
    {
      "pair": [
        " m",
        "u"
      ],
      "merged": " mu"
    },
    {
      "pair": [
        " mu",
        "st"
      ],
      "merged": " must"
    },
    {
      "pair": [
        " h",
        "un"
      ],
      "merged": " hun"
    },
    {
      "pair": [
        " hun",
        "g"
      ],
      "merged": " hung"
    },
    {
      "pair": [
        " hung",
        "ry"
      ],
      "merged": " hungry"
    },
    {
      "pair": [
        "ou",
        "d"
      ],
      "merged": "oud"
    },
    {
      "pair": [
        " st",
        "r"
      ],
      "merged": " str"
    },
    {
      "pair": [
        " str",
        "ong"
      ],
      "merged": " strong"
    },
    {
      "pair": [
        " m",
        "ouse"
      ],
      "merged": " mouse"
    },
    {
      "pair": [
        " b",
        "ot"
      ],
      "merged": " bot"
    },
    {
      "pair": [
        " bot",
        "h"
      ],
      "merged": " both"
    },
    {
      "pair": [
        " l",
        "itt"
      ],
      "merged": " litt"
    },
    {
      "pair": [
        " litt",
        "le"
      ],
      "merged": " little"
    },
    {
      "pair": [
        " f",
        "i"
      ],
      "merged": " fi"
    },
    {
      "pair": [
        " af",
        "r"
      ],
      "merged": " afr"
    },
    {
      "pair": [
        " afr",
        "a"
      ],
      "merged": " afra"
    },
    {
      "pair": [
        " afra",
        "id"
      ],
      "merged": " afraid"
    },
    {
      "pair": [
        "ve",
        "s"
      ],
      "merged": "ves"
    },
    {
      "pair": [
        " w",
        "hen"
      ],
      "merged": " when"
    },
    {
      "pair": [
        " f",
        "ish"
      ],
      "merged": " fish"
    },
    {
      "pair": [
        "ou",
        "ld"
      ],
      "merged": "ould"
    },
    {
      "pair": [
        " l",
        "au"
      ],
      "merged": " lau"
    },
    {
      "pair": [
        " lau",
        "g"
      ],
      "merged": " laug"
    },
    {
      "pair": [
        " laug",
        "hed"
      ],
      "merged": " laughed"
    },
    {
      "pair": [
        " f",
        "le"
      ],
      "merged": " fle"
    },
    {
      "pair": [
        " fle",
        "w"
      ],
      "merged": " flew"
    },
    {
      "pair": [
        " fr",
        "ie"
      ],
      "merged": " frie"
    },
    {
      "pair": [
        " frie",
        "nd"
      ],
      "merged": " friend"
    },
    {
      "pair": [
        " friend",
        "s"
      ],
      "merged": " friends"
    },
    {
      "pair": [
        " s",
        "le"
      ],
      "merged": " sle"
    },
    {
      "pair": [
        " sle",
        "ep"
      ],
      "merged": " sleep"
    },
    {
      "pair": [
        " b",
        "ed"
      ],
      "merged": " bed"
    },
    {
      "pair": [
        "s",
        "id"
      ],
      "merged": "sid"
    },
    {
      "pair": [
        "sid",
        "e"
      ],
      "merged": "side"
    },
    {
      "pair": [
        " wor",
        "ked"
      ],
      "merged": " worked"
    },
    {
      "pair": [
        " n",
        "ur"
      ],
      "merged": " nur"
    },
    {
      "pair": [
        " nur",
        "se"
      ],
      "merged": " nurse"
    },
    {
      "pair": [
        " d",
        "in"
      ],
      "merged": " din"
    },
    {
      "pair": [
        " din",
        "n"
      ],
      "merged": " dinn"
    },
    {
      "pair": [
        " dinn",
        "er"
      ],
      "merged": " dinner"
    },
    {
      "pair": [
        " l",
        "e"
      ],
      "merged": " le"
    },
    {
      "pair": [
        " co",
        "o"
      ],
      "merged": " coo"
    },
    {
      "pair": [
        " p",
        "i"
      ],
      "merged": " pi"
    },
    {
      "pair": [
        " pi",
        "z"
      ],
      "merged": " piz"
    },
    {
      "pair": [
        " piz",
        "z"
      ],
      "merged": " pizz"
    },
    {
      "pair": [
        " pizz",
        "a"
      ],
      "merged": " pizza"
    },
    {
      "pair": [
        " sc",
        "i"
      ],
      "merged": " sci"
    },
    {
      "pair": [
        " sci",
        "ent"
      ],
      "merged": " scient"
    },
    {
      "pair": [
        " scient",
        "is"
      ],
      "merged": " scientis"
    },
    {
      "pair": [
        " scientis",
        "t"
      ],
      "merged": " scientist"
    },
    {
      "pair": [
        " m",
        "ac"
      ],
      "merged": " mac"
    },
    {
      "pair": [
        " mac",
        "hine"
      ],
      "merged": " machine"
    },
    {
      "pair": [
        " s",
        "h"
      ],
      "merged": " sh"
    },
    {
      "pair": [
        "a",
        "ke"
      ],
      "merged": "ake"
    },
    {
      "pair": [
        "ab",
        "le"
      ],
      "merged": "able"
    },
    {
      "pair": [
        " d",
        "au"
      ],
      "merged": " dau"
    },
    {
      "pair": [
        " dau",
        "gh"
      ],
      "merged": " daugh"
    },
    {
      "pair": [
        " daugh",
        "ter"
      ],
      "merged": " daughter"
    },
    {
      "pair": [
        " p",
        "ow"
      ],
      "merged": " pow"
    },
    {
      "pair": [
        " pow",
        "er"
      ],
      "merged": " power"
    },
    {
      "pair": [
        " power",
        "ful"
      ],
      "merged": " powerful"
    },
    {
      "pair": [
        " e",
        "ver"
      ],
      "merged": " ever"
    },
    {
      "pair": [
        " af",
        "ter"
      ],
      "merged": " after"
    },
    {
      "pair": [
        " w",
        "and"
      ],
      "merged": " wand"
    },
    {
      "pair": [
        " wand",
        "e"
      ],
      "merged": " wande"
    },
    {
      "pair": [
        " wande",
        "red"
      ],
      "merged": " wandered"
    },
    {
      "pair": [
        " n",
        "o"
      ],
      "merged": " no"
    },
    {
      "pair": [
        "t",
        "h"
      ],
      "merged": "th"
    },
    {
      "pair": [
        " w",
        "ic"
      ],
      "merged": " wic"
    },
    {
      "pair": [
        " wic",
        "ked"
      ],
      "merged": " wicked"
    },
    {
      "pair": [
        " sa",
        "d"
      ],
      "merged": " sad"
    },
    {
      "pair": [
        " sm",
        "ar"
      ],
      "merged": " smar"
    },
    {
      "pair": [
        " smar",
        "t"
      ],
      "merged": " smart"
    },
    {
      "pair": [
        " po",
        "or"
      ],
      "merged": " poor"
    },
    {
      "pair": [
        " ag",
        "o"
      ],
      "merged": " ago"
    },
    {
      "pair": [
        " be",
        "au"
      ],
      "merged": " beau"
    },
    {
      "pair": [
        " beau",
        "t"
      ],
      "merged": " beaut"
    },
    {
      "pair": [
        " beaut",
        "i"
      ],
      "merged": " beauti"
    },
    {
      "pair": [
        " beauti",
        "ful"
      ],
      "merged": " beautiful"
    },
    {
      "pair": [
        " w",
        "ish"
      ],
      "merged": " wish"
    },
    {
      "pair": [
        " m",
        "at"
      ],
      "merged": " mat"
    },
    {
      "pair": [
        " t",
        "in"
      ],
      "merged": " tin"
    },
    {
      "pair": [
        " tin",
        "y"
      ],
      "merged": " tiny"
    },
    {
      "pair": [
        " me",
        "t"
      ],
      "merged": " met"
    },
    {
      "pair": [
        " w",
        "ild"
      ],
      "merged": " wild"
    },
    {
      "pair": [
        " m",
        "il"
      ],
      "merged": " mil"
    },
    {
      "pair": [
        " mil",
        "k"
      ],
      "merged": " milk"
    },
    {
      "pair": [
        " fi",
        "er"
      ],
      "merged": " fier"
    },
    {
      "pair": [
        " fier",
        "ce"
      ],
      "merged": " fierce"
    },
    {
      "pair": [
        " m",
        "y"
      ],
      "merged": " my"
    },
    {
      "pair": [
        " sw",
        "im"
      ],
      "merged": " swim"
    },
    {
      "pair": [
        " c",
        "ould"
      ],
      "merged": " could"
    },
    {
      "pair": [
        " j",
        "u"
      ],
      "merged": " ju"
    },
    {
      "pair": [
        " the",
        "n"
      ],
      "merged": " then"
    },
    {
      "pair": [
        " ab",
        "o"
      ],
      "merged": " abo"
    },
    {
      "pair": [
        " abo",
        "ve"
      ],
      "merged": " above"
    },
    {
      "pair": [
        " do",
        "w"
      ],
      "merged": " dow"
    },
    {
      "pair": [
        " dow",
        "n"
      ],
      "merged": " down"
    },
    {
      "pair": [
        " u",
        "nd"
      ],
      "merged": " und"
    },
    {
      "pair": [
        " und",
        "er"
      ],
      "merged": " under"
    },
    {
      "pair": [
        " th",
        "ree"
      ],
      "merged": " three"
    },
    {
      "pair": [
        " n",
        "ight"
      ],
      "merged": " night"
    },
    {
      "pair": [
        "ou",
        "t"
      ],
      "merged": "out"
    },
    {
      "pair": [
        " m",
        "or"
      ],
      "merged": " mor"
    },
    {
      "pair": [
        " mor",
        "n"
      ],
      "merged": " morn"
    },
    {
      "pair": [
        " morn",
        "ing"
      ],
      "merged": " morning"
    },
    {
      "pair": [
        "le",
        "d"
      ],
      "merged": "led"
    },
    {
      "pair": [
        "an",
        "k"
      ],
      "merged": "ank"
    },
    {
      "pair": [
        " m",
        "ad"
      ],
      "merged": " mad"
    },
    {
      "pair": [
        " mad",
        "e"
      ],
      "merged": " made"
    },
    {
      "pair": [
        " stud",
        "ent"
      ],
      "merged": " student"
    },
    {
      "pair": [
        " le",
        "ar"
      ],
      "merged": " lear"
    },
    {
      "pair": [
        " lear",
        "n"
      ],
      "merged": " learn"
    },
    {
      "pair": [
        " gre",
        "w"
      ],
      "merged": " grew"
    },
    {
      "pair": [
        " coo",
        "ked"
      ],
      "merged": " cooked"
    },
    {
      "pair": [
        " it",
        "al"
      ],
      "merged": " ital"
    },
    {
      "pair": [
        " ital",
        "i"
      ],
      "merged": " itali"
    },
    {
      "pair": [
        " itali",
        "an"
      ],
      "merged": " italian"
    },
    {
      "pair": [
        " he",
        "al"
      ],
      "merged": " heal"
    },
    {
      "pair": [
        " s",
        "hine"
      ],
      "merged": " shine"
    },
    {
      "pair": [
        "ow",
        "s"
      ],
      "merged": "ows"
    },
    {
      "pair": [
        " r",
        "ain"
      ],
      "merged": " rain"
    },
    {
      "pair": [
        " fl",
        "owed"
      ],
      "merged": " flowed"
    },
    {
      "pair": [
        " play",
        "ful"
      ],
      "merged": " playful"
    },
    {
      "pair": [
        " near",
        "b"
      ],
      "merged": " nearb"
    },
    {
      "pair": [
        " nearb",
        "y"
      ],
      "merged": " nearby"
    },
    {
      "pair": [
        " o",
        "ver"
      ],
      "merged": " over"
    },
    {
      "pair": [
        " l",
        "and"
      ],
      "merged": " land"
    },
    {
      "pair": [
        " fr",
        "u"
      ],
      "merged": " fru"
    },
    {
      "pair": [
        " fru",
        "it"
      ],
      "merged": " fruit"
    },
    {
      "pair": [
        " ",
        "ve"
      ],
      "merged": " ve"
    },
    {
      "pair": [
        " ve",
        "ge"
      ],
      "merged": " vege"
    },
    {
      "pair": [
        " vege",
        "t"
      ],
      "merged": " veget"
    },
    {
      "pair": [
        " veget",
        "able"
      ],
      "merged": " vegetable"
    },
    {
      "pair": [
        " vegetable",
        "s"
      ],
      "merged": " vegetables"
    },
    {
      "pair": [
        "e",
        "e"
      ],
      "merged": "ee"
    },
    {
      "pair": [
        " d",
        "rin"
      ],
      "merged": " drin"
    },
    {
      "pair": [
        " drin",
        "ks"
      ],
      "merged": " drinks"
    },
    {
      "pair": [
        " fl",
        "o"
      ],
      "merged": " flo"
    },
    {
      "pair": [
        " flo",
        "or"
      ],
      "merged": " floor"
    },
    {
      "pair": [
        " a",
        "ll"
      ],
      "merged": " all"
    },
    {
      "pair": [
        " g",
        "row"
      ],
      "merged": " grow"
    },
    {
      "pair": [
        " po",
        "p"
      ],
      "merged": " pop"
    },
    {
      "pair": [
        " pop",
        "ul"
      ],
      "merged": " popul"
    },
    {
      "pair": [
        " popul",
        "ar"
      ],
      "merged": " popular"
    },
    {
      "pair": [
        " e",
        "at"
      ],
      "merged": " eat"
    },
    {
      "pair": [
        " eat",
        "s"
      ],
      "merged": " eats"
    },
    {
      "pair": [
        " sleep",
        "s"
      ],
      "merged": " sleeps"
    },
    {
      "pair": [
        " ne",
        "ed"
      ],
      "merged": " need"
    },
    {
      "pair": [
        " w",
        "is"
      ],
      "merged": " wis"
    },
    {
      "pair": [
        " wis",
        "e"
      ],
      "merged": " wise"
    },
    {
      "pair": [
        " w",
        "o"
      ],
      "merged": " wo"
    },
    {
      "pair": [
        " wo",
        "re"
      ],
      "merged": " wore"
    },
    {
      "pair": [
        " no",
        "b"
      ],
      "merged": " nob"
    },
    {
      "pair": [
        " nob",
        "le"
      ],
      "merged": " noble"
    },
    {
      "pair": [
        " bir",
        "th"
      ],
      "merged": " birth"
    },
    {
      "pair": [
        " fe",
        "ll"
      ],
      "merged": " fell"
    },
    {
      "pair": [
        "ne",
        "ss"
      ],
      "merged": "ness"
    },
    {
      "pair": [
        " br",
        "ing"
      ],
      "merged": " bring"
    },
    {
      "pair": [
        " ag",
        "ain"
      ],
      "merged": " again"
    },
    {
      "pair": [
        " to",
        "ld"
      ],
      "merged": " told"
    },
    {
      "pair": [
        " pe",
        "o"
      ],
      "merged": " peo"
    },
    {
      "pair": [
        " peo",
        "p"
      ],
      "merged": " peop"
    },
    {
      "pair": [
        " peop",
        "le"
      ],
      "merged": " people"
    },
    {
      "pair": [
        " p",
        "r"
      ],
      "merged": " pr"
    },
    {
      "pair": [
        " pr",
        "oud"
      ],
      "merged": " proud"
    },
    {
      "pair": [
        " he",
        "re"
      ],
      "merged": " here"
    },
    {
      "pair": [
