# Chunk number: 23 of 37

.035811,
      0.053254,
      0.015342,
      -0.059666,
      -0.025286,
      0.086199,
      0.057459,
      0.028143,
      -0.058501,
      0.012383,
      0.104096,
      -0.043036,
      0.041179,
      -0.041327,
      0.137868,
      -0.029222,
      -0.124038,
      0.012242,
      -0.129477,
      -0.0759,
      0.144879,
      0.092845,
      -0.15988,
      0.111915,
      -0.029697,
      -0.051117,
      0.024366,
      -0.128444,
      0.000308,
      0.041218,
      -0.002919,
      0.029596,
      0.084644,
      0.016532,
      0.028072,
      -0.0443,
      0.092122,
      -0.123338,
      0.001791,
      -0.105359,
      0.060775,
      0.017784,
      -0.107765,
      0.070646,
      0.074343,
      -0.029277,
      -0.066081,
      -0.037155,
      0.045136,
      -0.038746,
      -0.078333,
      -0.022845,
      -0.065874,
      -0.040375,
      0.03231,
      0.10023,
      0.024827,
      0.02265,
      -0.010798,
      -0.062265,
      -0.015606,
      0.123674,
      0.024523,
      0.020816,
      0.007255,
      0.050175,
      -0.119983,
      -0.092101,
      0.031054,
      -0.071231,
      -0.023187,
      0.041558,
      0.1317,
      0.004553,
      0.051359,
      -0.062989,
      0.108959,
      -0.046665,
      -0.04238,
      -0.159452,
      -0.038789,
      0.019808,
      0.038605,
      0.092532,
      -0.133992,
      0.111545,
      0.000969,
      -0.053555,
      0.055709,
      -0.034369,
      -0.013426,
      0.066454,
      0.04071,
      -0.10093,
      -0.068311,
      -0.032719,
      0.054339,
      0.096423,
      0.051583,
      -0.144596,
      -0.016939,
      0.088021,
      0.065439,
      0.154004,
      0.126957,
      -0.050189,
      -0.014741,
      0.080057,
      -0.04844,
      0.039207,
      0.088518,
      -0.149011,
      -0.105018,
      0.013749,
      0.067343,
      0.005512,
      0.0575,
      -0.053843,
      0.161237,
      0.036923,
      -0.030726,
      0.032579,
      0.045606,
      0.00695,
      -0.06268,
      0.025436,
      -0.052765,
      0.116735,
      0.018227,
      0.046209,
      0.057611,
      0.064256,
      -0.139062,
      0.047788,
      -0.023296,
      0.035484,
      0.116717,
      -0.040906,
      0.114332,
      -0.08035,
      0.073794,
      0.117201,
      0.025373,
      0.066191,
      -0.078652,
      -0.137329,
      0.014074,
      0.02859,
      -0.050933,
      -0.023723,
      -0.123262,
      0.11337,
      -0.054268,
      0.047399,
      -0.078554,
      0.14798,
      -0.070014,
      -0.008198,
      -0.086438,
      -0.128123,
      -0.044705,
      -0.133462,
      0.027398,
      -0.10333,
      0.024256,
      0.092578,
      0.02316,
      -0.039725,
      0.013348,
      -0.078611,
      0.021647,
      -0.03924,
      0.043159,
      0.053921,
      -0.01722,
      0.026119,
      0.118502,
      -0.042492,
      0.145091,
      -0.016607,
      -0.04274,
      -0.034811,
      -0.014112,
      0.03996,
      -0.092632,
      0.139849,
      0.045491,
      0.066597,
      -0.132599,
      -0.052128,
      0.046754,
      0.114415,
      -0.032148,
      -0.079499,
      0.093371,
      0.11803,
      -0.133393,
      0.016312,
      0.116083,
      -0.077209,
      -0.066352,
      0.093586,
      0.057791,
      0.011278,
      0.08522,
      -0.070205,
      -0.008769,
      -0.01429,
      0.029707,
      -0.064202,
      -0.03911,
      0.089168,
      0.078821,
      -0.068404,
      0.062184,
      -0.145843,
      0.072805,
      0.12423,
      0.108448,
      -0.045439,
      -0.133335,
      0.066779,
      -0.069365,
      -0.038341,
      -0.134422,
      -0.047468,
      0.104531,
      0.139754,
      -0.011941,
      -0.063101,
      0.039142,
      -0.160113,
      0.03826,
      -0.118342,
      0.083685,
      -0.014239,
      0.038242,
      0.015954,
      0.025311,
      0.052896,
      0.03438,
      0.038856,
      -0.093932,
      -0.032412,
      -0.003257,
      -0.068985,
      0.036042,
      -0.040263,
      -0.004907,
      -0.065651,
      0.027848,
      0.026068,
      -0.002509,
      -0.120004,
      -0.037487,
      -0.053369,
      0.061699,
      0.027421,
      -0.071036,
      -0.141399,
      -0.11172,
      0.06913,
      -0.074987,
      0.158321,
      0.023156,
      0.05885,
      -0.057712,
      0.019538,
      0.018135,
      -0.082509,
      -0.154845,
      0.022024,
      -0.087841,
      -0.013398,
      -0.123909,
      -0.098466,
      -0.135926,
      0.07519,
      0.028674,
      0.022157,
      -0.124761,
      -0.057082,
      0.065823,
      0.017151,
      0.080148,
      0.107152,
      0.022338,
      -0.045253,
      0.047194,
      0.151079,
      -0.009224,
      -0.049449,
      0.034748,
      0.033408,
      0.056671,
      -0.063767,
      0.083488,
      0.000434,
      -0.0217,
      -0.115623,
      0.043971,
      0.139261,
      0.051119,
      -0.054275,
      0.073242,
      -0.062986,
      0.104527,
      -0.097766,
      0.100854,
      -0.092745,
      -0.079642,
      -0.087697,
      0.067958,
      -0.076546,
      0.039328,
      -0.075045,
      -0.01582,
      0.004031,
      0.03171,
      -0.138648,
      -0.01604,
      -0.026693,
      -0.07511,
      0.025352,
      0.138787,
      0.088602,
      0.015388,
      0.040471,
      0.072922,
      0.083764,
      0.090903,
      0.044088,
      0.061386,
      0.036072,
      -0.068083,
      0.046881,
      -0.066064,
      -0.044705,
      -0.077881,
      -0.001761,
      0.048079,
      -0.107623,
      -0.099138,
      0.158056,
      0.019161,
      -0.114834,
      -0.139542,
      -0.041243,
      0.097481,
      0.120362,
      -0.028794,
      0.052255,
      0.076514,
      -0.011364,
      -0.004459,
      0.128008,
      -0.06357,
      0.004651,
      0.019557,
      -0.033915,
      -0.042396,
      -0.052412,
      -0.050948,
      -0.095348,
      -0.079598,
      -0.171703,
      -0.002865,
      -0.053973,
      0.12839,
      0.00175,
      0.104234,
      -0.030756,
      0.030869,
      -0.067993,
      -0.06122,
      0.019033,
      0.067373,
      0.023715,
      -0.000281,
      -0.014424,
      -0.012558,
      -0.05871,
      0.055703,
      0.017901,
      -0.099634,
      0.013074,
      0.114531,
      -0.033404,
      -0.024754,
      0.088018,
      -0.046924,
      -0.064958,
      0.147097,
      0.008228,
      -0.030908,
      0.003622,
      -0.143188,
      -0.166146,
      0.146867,
      -0.008379,
      0.016555,
      -0.108517,
      -0.166137,
      -0.027584,
      -0.044945,
      -0.142519,
      0.044006,
      -0.113068,
      -0.036288,
      -0.046948,
      0.060822,
      -0.010792,
      0.035873,
      0.052778,
      -0.138455,
      0.035162,
      0.022125,
      -0.048507,
      0.007321,
      -0.106938,
      0.061334,
      0.047383,
      0.035254,
      -0.049782,
      0.087484,
      -0.003079,
      -0.042151,
      0.045215,
      0.011968,
      -0.113168,
      0.068467,
      -0.110972,
      -0.014043,
      0.105135,
      -0.116645,
      0.032633,
      -0.147239,
      0.137296,
      0.014391,
      0.022775,
      -0.07346,
      0.157156,
      0.06766,
      -0.028173,
      -0.060801,
      -0.135005,
      -0.035334,
      0.105186,
      -0.023607,
      -0.039366,
      0.063991,
      -0.06013,
      -0.146325,
      -0.011571,
      0.101631,
      0.152309,
      0.012566,
      -0.036155,
      -0.116446,
      -0.001692,
      0.126013,
      0.065557,
      0.078089,
      -0.116896,
      -0.027763,
      -0.017105,
      0.049505,
      -0.120476,
      -0.025135,
      0.106422,
      -0.114412,
      -0.092844,
      -0.080199,
      0.150891,
      -0.113318,
      0.015616,
      0.084757,
      -0.091246,
      -0.047945,
      -0.018727,
      -0.077504,
      0.006283,
      -0.072092,
      0.012512,
      -0.154801,
      -0.019497,
      -0.126385,
      -0.023695,
      0.048223,
      -0.072596,
      -0.040469,
      0.100581,
      0.164473,
      -0.020047,
      -0.010383,
      -0.036078,
      0.043405,
      -0.05723,
      0.074,
      -0.131535,
      0.044879,
      0.035171,
      -0.083178,
      -0.076356,
      0.019325,
      0.118348,
      -0.082663,
      0.047883,
      -0.101416,
      -0.123449,
      -0.116837,
      0.122614,
      -0.051768,
      -0.036788,
      -0.007615,
      0.033178,
      -0.066648,
      0.135958,
      -0.060671,
      0.081113,
      -0.157086,
      0.067569,
      -0.024287,
      -0.06371,
      -0.010547,
      0.026046,
      0.133469,
      -0.101489,
      0.001748,
      0.115332,
      0.041602,
      -0.03952,
      -0.085064,
      0.006582,
      -0.023091,
      0.058995,
      -0.054059,
      -0.062437,
      0.126969,
      0.027752,
      0.011124,
      -0.056656,
      0.116989,
      -0.03894,
      -0.100852,
      -0.018649,
      0.084724,
      -0.01149,
      -0.007703,
      0.08811,
      0.122406,
      -0.057664,
      -0.060957,
      0.115644,
      0.055509,
      0.022694,
      0.056695,
      0.067695,
      -0.053352,
      0.057573,
      -0.124687,
      0.012768,
      -0.016895,
      0.066529,
      -0.031535,
      -0.001488,
      -0.102413,
      -0.072959,
      0.000961,
      -0.136771,
      0.106797,
      0.146379,
      0.063743,
      0.003898,
      0.115027,
      -0.042723,
      0.076345,
      -0.022246,
      0.058686,
      -0.000558,
      0.10249,
      -0.038224,
      -0.174279,
      -0.027719,
      -0.001256,
      0.00507,
      0.031049,
      0.062043,
      0.097613,
      0.138421,
      -0.059237,
      -0.06004,
      -0.008471,
      -0.14934,
      -0.092172,
      -0.109999,
      -0.051415,
      0.001208,
      0.160371,
      0.122195,
      0.15469,
      0.080146,
      -0.099279,
      -0.033646,
      0.106499,
      0.138509,
      -0.016951,
      -0.059781,
      -0.086675,
      0.055617,
      0.036898,
      -0.13433,
      0.061017,
      -0.027513,
      -0.065409,
      0.113002,
      -0.025974,
      0.047168,
      0.104856,
      0.12302,
      -0.059226,
      -0.03681,
      -0.170761,
      -0.084846,
      -0.126247,
      0.046431,
      0.060021,
      -0.03106,
      0.017861,
      -0.065057,
      0.05273,
      0.08408,
      0.004478,
      -0.054012,
      -0.025926,
      -0.112999,
      -0.131587,
      -0.062291,
      -0.004422,
      -0.031554,
      -0.109916,
      -0.015628,
      -0.038107,
      -0.00367,
      -0.086117,
      0.019141,
      0.124569,
      0.01478,
      -0.000853,
      -0.152005,
      0.114924,
      -0.04497,
      -0.033606,
      0.017699,
      0.128358,
      -0.015024,
      -0.002697,
      0.033506,
      0.043429,
      0.109181,
      -0.137754,
      -0.142404,
      -0.115802,
      -0.057422,
      -0.073773,
      -0.132411,
      0.061959,
      -0.052232,
      0.02624,
      0.037903,
      -0.015576,
      -0.037416,
      -0.123451,
      -0.042356,
      -0.032795,
      0.1136,
      -0.004802,
      0.056386,
      0.036253,
      -0.102896,
      -0.052445,
      0.12283,
      -0.089126,
      0.085285,
      -0.034369,
      0.054857,
      0.15252,
      -0.143929,
      -0.06,
      0.060627,
      0.129931,
      0.048799,
      0.039414,
      -0.017662,
      -0.09144,
      -0.043353,
      -0.032407,
      -0.080705,
      0.080145,
      0.003489,
      0.081887,
      0.041871,
      0.054649,
      0.064061,
      -0.095516,
      -0.070212,
      -0.061907,
      -0.094517,
      0.076162,
      0.026623,
      0.028799,
      0.130602,
      -0.028104,
      -0.082131,
      -0.057624,
      0.029928,
      0.022456,
      0.137926,
      0.065772,
      0.009887,
      -0.009799,
      0.021817,
      0.022284,
      0.005005,
      -0.008966,
      0.138581,
      -0.049916,
      0.053886,
      -0.073043,
      -0.070447,
      0.01758,
      -0.027436,
      0.134715,
      0.10663,
      0.135497,
      -0.145125,
      0.058539,
      -0.060638,
      -0.09157,
      0.137916,
      0.005757,
      -0.074907,
      -0.058574,
      -0.156404,
      -0.035319,
      0.00359,
      -0.072186,
      -0.1195,
      -0.001887,
      0.030852,
      -0.028086,
      0.000751,
      0.106332,
      -0.015258,
      -0.094013,
      0.075322,
      -0.100251,
      0.072992,
      -0.059949,
      0.103851,
      -0.082341,
      0.041539,
      0.022007,
      -0.067683,
      0.170409,
      -0.049176,
      -0.092544,
      0.054872,
      -0.124121,
      0.040312,
      0.103174,
      -0.041706,
      0.112232,
      0.036598,
      -0.148592,
      -0.043342,
      0.059036,
      -0.020151,
      0.097868,
      0.046269,
      -0.11372,
      0.024858,
      0.053363,
      0.037778,
      0.087462,
      0.023537,
      -0.072737,
      0.013458,
      0.156862,
      -0.037904,
      -0.147586,
      0.108392,
      0.074349,
      -0.121731,
      0.012336,
      -0.085382,
      -0.051441,
      -0.081307,
      -0.142758,
      -0.033545,
      -0.083915,
      0.041726,
      -0.085886,
      0.140789,
      -0.074292,
      0.12275,
      0.055683,
      0.02953,
      0.02941,
      0.045456,
      -0.069742,
      0.044294,
      0.129799,
      0.034298,
      0.143237,
      -0.039121,
      0.064312,
      -0.013677,
      0.046008,
      0.135285,
      0.030538,
      -0.071622,
      -0.005829,
      -0.018028,
      0.042972,
      -0.029245,
      -0.000105,
      0.144914,
      0.063514,
      -0.029632,
      0.057358,
      -0.049887,
      0.007015,
      0.035849,
      0.095314,
      -0.032617,
      0.084972,
      -0.094409,
      0.0481,
      -0.048322,
      -0.082829,
      0.125464,
      0.125264,
      0.064009,
      0.075388,
      -0.101125,
      0.122777,
      -0.008036,
      -0.034634,
      0.04059,
      0.066302,
      -0.023675,
      -0.023801,
      -0.113313,
      -0.035511,
      -0.047752,
      -0.06026,
      -0.061274,
      -0.107991,
      0.017459,
      -0.023944,
      0.03004,
      0.002087,
      0.141299,
      0.014473,
      0.011638,
      0.00723,
      -0.074537,
      0.001724,
      0.149229,
      -0.053731,
      0.073669,
      -0.145853,
      -0.041591,
      -0.066714,
      -0.132586,
      0.020143,
      -0.089378,
      0.145156,
      0.038661,
      0.124425,
      -0.009857,
      0.09415,
      -0.101967,
      -0.064278,
      -0.084978,
      0.091024,
      -0.084808,
      -0.095013,
      -0.006077,
      -0.035411,
      0.017799,
      -0.05645,
      -0.133069,
      -0.035626,
      -0.135249,
      -0.162434,
      0.045454,
      0.066694,
      -0.131216,
      -0.047496,
      -0.008527,
      0.041492,
      0.105853,
      0.046999,
      -0.027975,
      -0.053281,
      0.042207,
      -0.084315,
      -0.081615,
      -0.083105,
      0.080532,
      0.16312,
      -0.143081,
      -0.066826,
      0.044796,
      0.077628,
      -4.3e-05,
      0.135272,
      0.138593,
      0.127103,
      0.069192,
      -0.051644,
      -0.024161,
      -0.090621,
      -0.016687,
      -0.073589,
      -0.083461,
      -0.048249,
      0.026702,
      -0.011213,
      -0.001985,
      0.062193,
      -0.020656,
      -0.134352,
      0.008087,
      -0.05622,
      -0.100979,
      0.025274,
      -0.018738,
      -0.054098,
      -0.002377,
      -0.019687,
      -0.024806,
      -0.013658,
      0.020981,
      0.135093,
      -0.106021,
      0.068552,
      -0.046802,
      0.145053,
      -0.038373,
      -0.046677,
      0.028417,
      -0.002254,
      -0.018986,
      0.109864,
      0.036417,
      -0.054204,
      0.004279,
      0.101042,
      -0.114958,
      -0.001451,
      0.012383,
      0.094437,
      -0.136958,
      -0.048158,
      -0.099381,
      0.040806,
      -0.143208,
      0.066901,
      -0.105888,
      -0.157425,
      -0.005741,
      0.013656,
      -0.014086,
      0.08936,
      0.082032,
      0.113474,
      0.087883,
      -0.030643,
      0.013937,
      -0.030447,
      0.040043,
      -0.096011,
      -0.134833,
      0.116716,
      0.061842,
      0.128549,
      0.096395,
      0.10659,
      -0.107347,
      -0.048276,
      -0.052352,
      -0.138138,
      0.015569,
      0.05198,
      0.12176,
      0.009694,
      -0.02892,
      0.072861,
      0.085709,
      -0.007662,
      0.105846,
      0.0051,
      0.118502,
      -0.036932,
      -0.147763,
      0.042862,
      -0.105399,
      -0.072516,
      0.004017,
      0.077441,
      -0.019802,
      -0.034362,
      -0.047985,
      -0.075388,
      -0.027715,
      -0.063443,
      0.022983,
      0.094533,
      -0.092755,
      -0.120062,
      -0.009897,
      0.019781,
      0.150801,
      0.051506,
      -0.127442,
      0.078339,
      -0.070979,
      0.10473,
      0.003956,
      0.079221,
      0.138358,
      -0.065994,
      0.043252,
      -0.152686,
      -0.056836,
      -0.064368,
      -0.02307,
      -0.125363,
      0.104885,
      -0.10746,
      0.032171,
      0.065305,
      -0.029437,
      0.148541,
      0.059071,
      -0.103309,
      0.017139,
      -0.048241,
      0.06523,
      -0.14194,
      0.004657,
      -0.086818,
      0.07068,
      -0.094706,
      -0.086723,
      0.10709,
      -0.032429,
      0.038674,
      -0.01718,
      0.047147,
      0.038565,
      -0.115405,
      -0.010206,
      -0.020828,
      0.133877,
      -0.084625,
      -0.10887,
      -0.099979,
      -0.037787,
      -0.001446,
      0.072951,
      0.131552,
      0.009993,
      -0.035255,
      0.147191,
      -0.053614,
      -0.044936,
      0.036026,
      -0.021821,
      -0.065114,
      -0.137889,
      0.047915,
      0.039012,
      -0.027722,
      0.079434,
      0.025821,
      0.066758,
      0.010822,
      0.095444,
      0.068708,
      0.006978,
      0.088222,
      0.004382,
      -0.078179,
      0.116834,
      -0.10655,
      0.022075,
      0.076915,
      -0.119183,
      0.142186,
      -0.006408,
      0.012066,
      0.115475,
      -0.031587,
      0.042897,
      0.027838,
      0.04434,
      -0.0759,
      -0.002911,
      -0.044767,
      -0.050835,
      0.060608,
      -0.041015,
      -0.036244,
      -0.097943,
      -0.018653,
      -0.048249,
      -0.097792,
      -0.149489,
      -0.061446,
      0.047252,
      -0.07858,
      0.086685,
      -0.088453,
      -0.024742,
      -0.013741,
      -0.020935,
      -0.113507,
      0.040507,
      -0.054612,
      0.033261,
      -0.035234,
      -0.033067,
      -0.008212,
      0.09791,
      -0.042169,
      -0.011798,
      0.043943,
      0.071054,
      0.00959,
      -0.004676,
      -0.058377,
      0.000514,
      0.057259,
      -0.027275,
      -0.068439,
      0.065364,
      0.087345,
      -0.112492,
      -0.061513,
      -0.015153,
      0.00701,
      0.015528,
      -0.067769,
      -0.074144,
      -0.14606,
      0.146345,
      0.108085,
      0.025638,
      0.14152,
      -0.097975,
      -0.00406,
      -0.01401,
      0.035644,
      -0.054541,
      0.081078,
      -0.084395,
      -0.077203,
      0.027128,
      0.07779,
      0.031121,
      0.0717,
      -0.122892,
      -0.132156,
      -0.033672,
      -0.101094,
      0.024927,
      -0.016461,
      0.090145,
      -0.050909,
      -0.108611,
      0.033223
    ],
    "posEmb": [
      0.019832,
      0.251235,
      -0.172812,
      -0.098869,
      -0.151037,
      0.00953,
      -0.036333,
      0.262227,
      0.293207,
      -0.152924,
      0.123498,
      -0.254799,
      -0.207896,
      -0.13414,
      -0.119962,
      0.262951,
      -0.280682,
      -0.172185,
      -0.180718,
      0.081341,
      -0.03526,
      -0.255335,
      0.020093,
      -0.060744,
      0.149902,
      -0.066975,
      -0.166799,
      -0.293202,
      -0.12909,
      0.161747,
      0.244925,
      0.153538,
      0.22211,
      -0.322927,
      0.311999,
      -0.278891,
      0.243936,
      0.235614,
      0.054825,
      0.03226,
      0.060813,
      0.091538,
      -0.22876,
      0.315568,
      -0.131726,
      0.130663,
      -0.050827,
      -0.068422,
      -0.159764,
      0.010113,
      -0.214857,
      -0.207147,
      -0.071953,
      0.103439,
      0.115505,
      -0.029346,
      -0.044319,
      0.198603,
      -0.097291,
      0.233097,
      -0.176234,
      -0.271098,
      -0.022438,
      -0.242266,
      0.212187,
      -0.270482,
      -0.244069,
      0.116315,
      0.195559,
      0.233744,
      -0.305701,
      0.097386,
      0.008309,
      0.203636,
      0.111263,
      0.142383,
      -0.159137,
      0.106234,
      0.21959,
      -0.091629,
      -0.154571,
      0.08277,
      -0.034731,
      0.099734,
      -0.217642,
      -0.179115,
      0.208752,
      -0.0815,
      -0.063653,
      0.226199,
      0.081929,
      -0.136788,
      0.290565,
      -0.274163,
      -0.093248,
      0.164643,
      0.081461,
      -0.144498,
      0.125323,
      -0.209899,
      -0.207298,
      -0.232612,
      0.057605,
      0.168011,
      -0.068658,
      -0.074262,
      0.197276,
      -0.318216,
      0.03318,
      -0.158784,
      0.150024,
      0.071878,
      -0.215294,
      0.103778,
      0.249075,
      -0.290947,
      -0.096894,
      0.213611,
      0.008888,
      0.031607,
      0.278124,
      -0.122053,
      -0.289442,
      0.287437,
      -0.029752,
      0.128248,
      0.097819,
      -0.265289,
      0.144157,
      -0.28233,
      0.277791,
      0.253411,
      -0.176812,
      0.077782,
      0.043108,
      0.064727,
      0.194862,
      0.300084,
      -0.311059,
      0.159579,
      0.051343,
      0.115294,
      0.220328,
      -0.122823,
      -0.271043,
      0.209451,
      0.260099,
      -0.235022,
      0.190645,
      0.280451,
      -0.052129,
      0.161399,
      -0.145843,
      -0.183345,
      0.108814,
      -0.006559,
      -0.25339,
      0.111787,
      0.101687,
      -0.026791,
      0.122166,
      0.156205,
      0.263917,
      -0.306162,
      -0.150486,
      0.245104,
      -0.026013,
      -0.201346,
      -0.031369,
      0.020916,
      -0.132924,
      -0.22337,
      0.144416,
      0.286772,
      0.005384,
      -0.264295,
      -0.278627,
      -0.105334,
      -0.234823,
      0.124788,
      -0.135191,
      0.331243,
      -0.015746,
      -0.022688,
      -0.245134,
      0.194564,
      0.235149,
      0.191659,
      -0.195539,
      -0.26322,
      0.064474,
      -0.083521,
      -0.210234,
      0.106377,
      0.012653,
      -0.019542,
      -0.218668,
      -0.203597,
      0.044306,
      -0.096217,
      -0.059777,
      0.033372,
      -0.159352,
      0.094318,
      -0.196066,
      -0.167646,
      -0.026712,
      0.290449,
      -0.072121,
      0.173786,
      -0.145967,
      -0.253168,
      -0.03366,
      -0.291703,
      -0.257552,
      0.27905,
      0.077042,
      0.006859,
      -0.201718,
      -0.012233,
      0.058273,
      0.172326,
      -0.077832,
      0.001022,
      0.228845,
      0.125135,
      0.137181,
      0.249755,
      -0.07862,
      0.20136,
      0.094722,
      -0.204436,
      -0.250077,
      0.271018,
      0.09028,
      -0.198801,
      -0.130843,
      0.201811,
      -0.084216,
      -0.184779,
      0.256249,
      0.299067,
      0.066927,
      0.290122,
      -0.06096,
      -0.136451,
      -0.235995,
      0.10534,
      0.228013,
      -0.209027,
      -0.207441,
      0.138674,
      0.265877,
      -0.205544,
      -0.257238,
      0.062109,
      0.190692,
      0.277777,
      0.146789,
      0.05097,
      0.213647,
      -0.189053,
      -0.169247,
      -0.300121,
      0.126141,
      -0.216066,
      -0.292576,
      0.199925,
      -0.097223,
      0.218484,
      -0.183893,
      -0.220682,
      -0.018161,
      -0.03697,
      -0.230771,
      -0.07559,
      0.149102,
      0.081489,
      -0.213615,
      -0.148432,
      0.17097,
      -0.252072,
      -0.241316,
      0.225481,
      0.039314,
      0.163421,
      -0.253156,
      0.202625,
      0.047281,
      -0.042415,
      0.184516,
      0.207681,
      -0.054131,
      -0.167996,
      0.241191,
      0.270765,
      -0.275211,
      -0.192458,
      -0.148055,
      0.088053,
      0.117645,
      0.125466,
      -0.133475,
      -0.201598,
      -0.230171,
      -0.27316,
      0.262478,
      0.018088,
      -0.089694,
      -0.008493,
      -0.140096,
      -0.254085,
      -0.264983,
      -0.191199,
      0.146826,
      0.207945,
      -0.20388,
      0.132573,
      -0.032116,
      -0.13064,
      0.195004,
      0.015722,
      0.246461,
      -0.027009,
      -0.105288,
      -0.065288,
      -0.260782,
      -0.041155,
      0.092748,
      -0.151609,
      -0.253711,
      -0.160915,
      0.105066,
      -0.12794,
      0.021996,
      -0.190613,
      0.04306,
      -0.079587,
      -0.156845,
      0.011855,
      0.07838,
      -0.029438,
      0.120459,
      -0.042155,
      0.259653,
      0.297508,
      0.147642,
      -0.003027,
      0.247312,
      -0.227682,
      -0.234227,
      -0.018909,
      -0.16123,
      0.059945,
      -0.265688,
      -0.075997,
      -0.043166,
      0.216345,
      -0.202397,
      0.220314,
      0.07227,
      0.174307,
      0.074204,
      -0.075125,
      0.093731,
      -0.025029,
      -0.23145,
      0.266591,
      -0.184288,
      -0.222197,
      0.254629,
      0.160312,
      0.151875,
      -0.142575,
      0.110376,
      -0.122284,
      0.014602,
      0.087245,
      0.275134,
      -0.128783,
      0.211936,
      0.233108,
      -0.043283,
      0.035717,
      -0.164514,
      0.043386,
      0.072701,
      0.255343,
      0.201638,
      -0.096731,
      0.002725,
      0.299103,
      -0.148507,
      -0.144357,
      -0.14493,
      -0.16004,
      -0.258222,
      0.189198,
      -0.122297,
      0.06562,
      0.222829,
      -0.161372,
      -0.272254,
      0.276188,
      0.249776,
      -0.300284,
      -0.157515,
      0.034679,
      0.276447,
      0.284787,
      0.02497,
      0.060663,
      0.210419,
      -0.040815,
      0.192639,
      -0.247538,
      -0.232657,
      -0.163344,
      -0.094309,
      -0.254268,
      -0.290244,
      -0.117461,
      0.054528,
      -0.051303,
      -0.181305,
      0.058854,
      0.263764,
      -0.314577,
      0.233343,
      0.240324,
      -0.066668,
      0.259976,
      -0.16669,
      0.064389,
      0.224933,
      -0.249285,
      0.253822,
      0.263777,
      0.175259,
      0.005165,
      -0.203781,
      0.086255,
      -0.015924,
      -0.026181,
      0.119372,
      -0.227818,
      -0.001752,
      -0.001787,
      0.238801,
      0.196372,
      0.09507,
      0.207023,
      0.179872,
      0.303575,
      -0.223067,
      0.141116,
      0.122759,
      0.201536,
      -0.275773,
      0.212098,
      -0.094894,
      0.136796,
      0.16869,
      -0.115422,
      0.026834,
      0.056051,
      0.042918,
      0.148741,
      -0.259425,
      0.022109,
      -0.252324,
      -0.201496,
      0.07326,
      -0.177544,
      -0.052695,
      -0.181899,
      -0.122785,
      -0.195411,
      -0.128432,
      0.288279,
      0.180663,
      -0.16933,
      -0.015431,
      0.213706,
      0.079436,
      0.261684,
      0.025891,
      0.104879,
      -0.227641,
      0.014297,
      0.080365,
      -0.002215,
      0.12046,
      0.250644,
      0.094123,
      0.275537,
      -0.180546,
      -0.196327,
      0.115294,
      -0.113259,
      0.195919,
      -0.06094,
      -0.196769,
      0.047197,
      0.004924,
      0.256574,
      0.094878,
      -0.094578,
      0.110519,
      -0.254111,
      0.163348,
      -0.25306,
      -0.210502,
      0.133949,
      -0.099704,
      -0.214798,
      -0.039131,
      0.202438,
      -0.084326,
      -0.080499,
      -0.185384,
      0.23088,
      0.304374,
      0.071751,
      0.123568,
      0.017253,
      -0.204089,
      -0.185933,
      -0.29734,
      0.096466,
      -0.045825,
      0.088539,
      -0.136983,
      -0.100655,
      -0.305748,
      -0.12353,
      0.058483,
      0.246633,
      0.286732,
      -0.121927,
      0.255874,
      -0.011227,
      -0.234211,
      -0.255555,
      -0.06334,
      -0.163748,
      -0.165633,
      -0.24047,
      0.085314,
      -0.106813,
      0.055258,
      -0.125314,
      -0.182776,
      0.046874,
      0.179704,
      -0.188797,
      -0.063591,
      -0.079907,
      -0.25679,
      -0.231195,
      0.206858,
      -0.300542,
      0.18091,
      -0.061152,
      0.289026,
      -0.227674,
      -0.182328,
      0.23847,
      -0.167971,
      -0.094836,
      0.210702,
      -0.226282,
      -0.21991,
      -0.182521,
      0.118768,
      -0.176426,
      0.222753,
      -0.123077,
      0.241896,
      0.106901,
      -0.017075,
      0.067754,
      0.060347,
      0.193372,
      0.224186,
      0.132461,
      -0.276448,
      -0.295149,
      -0.141604,
      -0.091584,
      -0.262382,
      -0.001527,
      0.12837,
      -0.08792,
      0.236388,
      0.249767,
      -0.0387,
      0.230981,
      -0.0753,
      0.261485,
      -0.262942,
      0.202621,
      -0.270111,
      -0.161695,
      -0.238897,
      0.114482,
      0.258612,
      -0.202169,
      -0.277279,
      0.290039,
      0.000307,
      0.041665,
      0.101734,
      -0.159467,
      -0.005007,
      0.142165,
      -0.01203,
      -0.285177,
      0.215118,
      -0.198163,
      0.287841,
      0.051243,
      -0.150881,
      0.125605,
      0.246535,
      0.164088,
      0.290085,
      -0.213222,
      0.273603,
      0.118338,
      -0.014813,
      0.296495,
      -0.001751,
      0.24367,
      0.208643,
      0.266851,
      0.038623,
      -0.271774,
      0.206473,
      -0.073022,
      -0.224825,
      0.289682,
      0.188606,
      -0.181499,
      -0.254112,
      -0.301788,
      -0.173664,
      -0.221856,
      0.125345,
      0.004413,
      -0.147164,
      -0.045978,
      -0.070531,
      -0.042878,
      0.227194,
      0.096982,
      0.250894,
      0.085475,
      -0.008408,
      0.236418,
      0.2369,
      -0.089657,
      -0.085768,
      -0.160029,
      0.008936,
      0.020138,
      -0.072522,
      -0.132106,
      0.133798,
      -0.064238,
      0.085316,
      0.274059,
      -0.20873,
      -0.218838,
      0.04254,
      0.0302,
      -0.034029,
      0.093504,
      -0.076864,
      -0.217298,
      0.001688,
      0.223849,
      0.109336,
      -0.150273,
      0.185183,
      -0.206484,
      -0.266837,
      -0.145924,
      -0.109095,
      0.025174,
      -0.205257,
      -0.278594,
      0.295847,
      -0.218754,
      -0.248319,
      -0.300353,
      0.004533,
      0.031868,
      0.003784,
      -0.303657,
      0.233834,
      -0.139461,
      -0.060124,
      -0.004975,
      -0.214035,
      -0.066727,
      0.224565,
      -0.188337,
      0.064156,
      0.269859,
      -0.187201,
      -0.2315,
      0.086765,
      -0.239422,
      0.187586,
      -0.218895,
      -0.281081,
      0.090907,
      0.032925,
      -0.298516,
      0.255072,
      0.135003,
      0.205525,
      0.137855,
      0.277937,
      -0.054366,
      0.234034,
      -0.09421,
      0.037371,
      0.169879,
      0.290918,
      -0.298095,
      -0.137272,
      -0.106487,
      -0.170269,
      0.301258,
      -0.078943,
      0.233532,
      0.060809,
      -0.251958,
      -0.139119,
      -0.204277,
      -0.073387,
      0.107778,
      0.06038,
      0.178959,
      0.209093,
      -0.0513,
      -0.023915,
      0.171862,
      -0.154546,
      -0.107659,
      0.282476,
      -0.27162,
      -0.007924,
      0.009968,
      0.142849,
      -0.118592,
      -0.048691,
      -0.147525,
      0.208668,
      0.302489,
      0.075041,
      0.304809,
      0.126115,
      0.208632,
      0.301158,
      -0.01839,
      -0.234824,
      -0.142206,
      -0.075089,
      -0.232428,
      -0.303796,
      0.192781,
      -0.29287,
      0.023925,
      -0.144286,
      0.065154,
      0.227255,
      -0.130302,
      -0.001008,
      -0.154383,
      -0.281234,
      0.115466,
      0.092314,
      -0.251477,
      -0.168044,
      0.048262,
      0.013108,
      -0.147071,
      -0.153324,
      0.148514,
      -0.12027,
      -0.013099,
      0.273795,
      0.039653,
      0.242262,
      -0.235099,
      -0.09787,
      -0.015244,
      0.149319,
      -0.147909,
      0.140306,
      0.252641,
      -0.208785,
      -0.159276,
      -0.010733,
      0.180923,
      -0.198074,
      -0.145048,
      0.160537,
      0.087248,
      -0.237481,
      0.266459,
      -0.044574,
      0.142755,
      -0.16369,
      0.142785,
      0.263964,
      -0.03572,
      -0.033744,
      0.234832,
      -0.103124,
      -0.071499,
      0.0047,
      -0.210608,
      0.300742,
      -0.141844,
      0.217667,
      0.269726,
      -0.094575,
      0.108396,
      -0.248055,
      -0.043387,
      0.100157,
      0.065139,
      -0.117533,
      -0.190255,
      -0.014502,
      -0.299201,
      0.079262,
      -0.302567,
      -0.211157,
      0.103016,
      0.116604,
      -0.168086,
      0.134026,
      0.077059,
      0.063645,
      0.154241,
      0.246452,
      0.233844,
      0.23487,
      0.218057,
      0.061343,
      -0.200745,
      -0.237678,
      0.260972,
      -0.088374,
      -0.076252,
      -0.258996,
      -0.10212,
      0.033646,
      -0.134067,
      -0.23632,
      0.24722,
      -0.052315,
      0.066864,
      -0.087759,
      -0.102526,
      -0.210669,
      0.025849,
      -0.103141,
      0.155491,
      0.116959,
      0.244021,
      -0.155274,
      -0.077783,
      -0.281379,
      0.276192,
      -0.285951,
      -0.134847,
      0.118665,
      0.046295,
      0.060637,
      -0.222141,
      -0.297862,
      0.229047,
      0.079581,
      0.002033,
      -0.009609,
      -0.115693,
      0.026083,
      0.025906,
      -0.251748,
      -0.009429,
      -0.087851,
      -0.129473,
      -0.178855,
      0.279941,
      0.144978,
      0.015738,
      0.029907,
      -0.140229,
      0.057046,
      0.052925,
      -0.003503,
      0.27278,
      0.218765,
      0.21815,
      0.222538,
      -0.021613,
      -0.222312,
      0.244479,
      0.016321,
      -0.300359,
      0.263658,
      -0.085643,
      -0.226832,
      0.226296,
      -0.181811,
      -0.21322,
      0.063667,
      -0.073506,
      -0.172296,
      0.201656,
      -0.22509,
      0.276301,
      0.232999,
      -0.067877,
      0.085574,
      0.115106,
      0.157996,
      0.277524,
      0.156249,
      0.050454,
      -0.228348,
      -0.022224,
      0.090482,
      -0.010552,
      0.081533,
      0.085387,
      -0.165416,
      0.120521,
      0.302838,
      -0.195059,
      0.167851,
      0.003383,
      -0.199345,
      -0.05317,
      0.025953,
      0.279331,
      0.184547,
      0.293362,
      0.014517,
      -0.079609,
      0.09585,
      -0.135029,
      0.213127,
      -0.110477,
      0.197535,
      0.063575,
      0.047654,
      -0.203292,
      0.037614,
      0.032051,
      -0.279146,
      0.233415,
      -0.245279,
      0.098238,
      0.173871,
      -0.155617,
      -0.229953,
      -0.267061,
      -0.090572,
      -0.005585,
      0.193768,
      -0.289167,
      -0.297517,
      0.269822,
      0.234736,
      -0.039862,
      0.041952,
      -0.031902,
      0.164781,
      -0.21387,
      -0.019147,
      -0.083609,
      -0.226703,
      -0.228308,
      -0.270486,
      0.257476,
      0.0276,
      -0.15436,
      -0.240614,
      0.302152,
      0.021325,
      -0.0933,
      -0.103238,
      -0.084432,
      0.208015,
      0.158302,
      0.088641,
      -0.271803,
      0.251486,
      0.013809,
      0.225124,
      -0.085454,
      0.052809,
      -0.177745,
      -0.213887,
      0.257132,
      -0.079263,
      -0.172819,
      -0.09885,
      0.132905,
      0.230056,
      -0.241675,
      0.143957,
      -0.272373,
      -0.203283,
      -0.128553,
      0.15184,
      0.203798
    ],
    "blocks": [
      {
        "ln1Gamma": [
          0.956514,
          0.988543,
          0.99056,
          0.981492,
          0.972931,
          1.006183,
          0.987303,
          0.963226,
          0.974771,
          0.979477,
          0.966045,
          1.036777,
          1.034697,
          1.003978,
          1.004999,
          0.97661,
          0.970367,
          1.029922,
          0.964767,
          0.994724,
          1.031926,
          1.027631,
          0.962519,
          0.996795,
          0.978551,
          1.043593,
          0.977918,
          0.985645,
          0.996468,
          0.981442,
          0.964929,
          0.987393
        ],
        "ln1Beta": [
          0.023976,
          -0.03313,
          0.007674,
          0.016211,
          0.023095,
          0.018056,
          0.004908,
          -0.016774,
          0.003484,
          0.005844,
          -0.018671,
          0.043795,
          -0.011302,
          0.015778,
          0.012133,
          0.018052,
          -0.002191,
          -0.011707,
          -0.022284,
          0.01733,
          -0.014563,
          -0.011244,
          0.016414,
          -0.016164,
          0.020266,
          0.012815,
          0.032176,
          0.008113,
          0.019856,
          0.015488,
          -0.007964,
          -0.01957
        ],
        "wQ": [
          0.053494,
          -0.042285,
          0.208271,
          0.092009,
          -0.168503,
          0.023827,
          -0.10838,
          0.123172,
          0.239819,
          -0.040116,
          -0.131074,
          0.272744,
          0.131291,
          -0.133752,
          -0.228129,
          -0.022479,
          0.156009,
          0.033332,
          -0.246051,
          -0.010951,
          0.185719,
          -0.230056,
          0.058642,
          -0.278642,
          -0.17146,
          -0.246385,
          -0.177413,
          0.137339,
          0.035746,
          -0.273765,
          -0.207717,
          0.211496,
          0.023338,
          0.201892,
          -0.102504,
          -0.041516,
          -0.253924,
          -0.2837,
          0.001877,
          0.02495,
          -0.159437,
          0.066858,
          -0.195902,
          -0.111801,
          0.119183,
          0.251488,
          0.008272,
          -0.164059,
          -0.123412,
          -0.097955,
          -0.262336,
          0.076376,
          0.116707,
          0.148765,
          0.278614,
          -0.230548,
          0.254586,
          -0.022708,
          0.242933,
          -0.238474,
          -0.27344,
          -0.274797,
          -0.102067,
          -0.017169,
          0.071966,
          0.238257,
          -0.274368,
          0.121503,
          0.274575,
          -0.118938,
          0.118416,
          -0.184375,
          0.034928,
          0.186173,
          -0.220682,
          0.28991,
          0.009154,
          0.267885,
          -0.056753,
          0.058302,
          -0.078067,
          0.039875,
          -0.091076,
          0.161668,
          -0.146776,
          -0.022276,
          0.174452,
          0.116634,
          0.309601,
          0.257963,
          -0.050343,
          0.005474,
          -0.096033,
          -0.218936,
          0.15243,
          -0.077953,
          0.168176,
          0.219256,
          -0.267487,
          -0.012543,
          0.157099,
          -0.190719,
          0.2833,
          -0.199908,
          0.158897,
          0.140873,
          -0.148533,
          -0.089975,
          -0.238526,
          0.127409,
          -0.074235,
          -0.15596,
          0.044801,
          0.231386,
          -0.108932,
          0.212417,
          -0.040828,
          -0.195614,
          0.191959,
          -0.10005,
          -0.269424,
          0.116888,
          0.045356,
          0.188449,
          0.274148,
          -0.16366,
          0.099512,
          0.027975,
          -0.197714,
          -0.259417,
          0.115909,
          0.111759,
          -0.091141,
          -0.141169,
          -0.06911,
          -0.243119,
          -0.201517,
          0.267065,
          0.066448,
          0.298867,
          -0.201458,
          -0.220006,
          0.011961,
          -0.171362,
          -0.063348,
          -0.035617,
          -0.05884,
          0.140591,
          -0.079773,
          -0.099977,
          0.214449,
          -0.136339,
          0.007606,
          0.09254,
          0.052382,
          0.029377,
          -0.14808,
          -0.076986,
          -0.139659,
          -0.117795,
          0.124944,
          -0.190438,
          -0.215923,
          0.105211,
          -0.149516,
          -0.232228,
          -0.14418,
          -0.31858,
          0.027216,
          -0.1446,
          -0.034237,
          -0.109352,
          0.143885,
          0.296566,
          0.228001,
          -0.003645,
          -0.184451,
          0.195084,
          -0.016313,
          0.240316,
          0.202827,
          -0.02603,
          -0.240761,
          0.047432,
          0.218258,
          -0.179478,
          -0.09584,
          0.000514,
          0.327113,
          0.027082,
          0.248657,
          0.233934,
          0.119718,
          -0.304184,
          -0.236354,
          -0.168822,
          -0.011448,
          0.144115,
          0.17341,
          0.323292,
          0.228923,
          0.069112,
          0.23526,
          0.187512,
          0.075814,
          -0.117528,
          -0.016875,
          0.205542,
          0.095465,
          -0.094817,
          0.28718,
          0.043058,
          -0.08786,
          0.172892,
          -0.181539,
          -0.082173,
          -0.302726,
          -0.261076,
          0.08958,
          0.176301,
          0.251647,
          0.203317,
          -0.023198,
          0.10702,
          -0.204927,
          -0.143072,
          -0.246842,
          -0.298575,
          -0.112179,
          -0.00755,
          0.050157,
          0.165193,
          0.187123,
          0.161964,
          -0.18194,
          0.0884,
          0.003324,
          -0.040855,
          -0.019395,
          -0.058366,
          -0.067817,
          -0.117626,
          -0.118798,
          -0.18185,
          0.034515,
          -0.164856,
          -0.012994,
          -0.001739,
          0.11668,
          -0.060328,
          -0.201885,
          -0.313969,
          -0.186342,
          0.313621,
          -0.253385,
          0.242734,
          -0.081633,
          -0.035453,
          -0.215206,
          0.232161,
          -0.281751,
          -0.055581,
          -0.117407,
          0.169949,
          0.063861,
          -0.230125,
          0.322852,
          0.179596,
          0.099114,
          0.131161,
          0.027718,
          0.213199,
          0.025949,
          -0.186916,
          -0.218866,
          -0.207222,
          -0.239117,
          -0.196779,
          0.081206,
          0.070642,
          0.059023,
          0.279766,
          -0.256047,
          -0.02654,
          -0.054429,
          -0.101893,
          0.180872,
          0.002196,
          -0.185928,
          0.226496,
          0.303782,
          -0.094251,
          0.011406,
          0.200894,
          0.308547,
          0.132075,
          0.065821,
          0.221427,
          -0.077443,
          0.0504,
          0.181831,
          -0.022716,
          0.101087,
          0.074207,
          0.039084,
          0.290374,
          0.325679,
          0.159603,
          -0.113179,
          0.08905,
          0.103598,
          0.220836,
          -0.073244,
          0.209198,
          -0.114392,
          0.226545,
          -0.044414,
          -0.112271,
          -0.019982,
          0.172559,
          0.105325,
          0.239726,
          0.094351,
          -0.221503,
          -0.134046,
          0.259247,
          -0.027051,
          -0.163993,
          0.050213,
          0.15359,
          0.121434,
          0.099526,
          -0.16406,
          0.218513,
          0.267942,
          0.001877,
          -0.051643,
          -0.283258,
          -0.042308,
          0.212219,
          0.102119,
          -0.08528,
          -0.006254,
          0.052599,
          0.166357,
          -0.002127,
          -0.288519,
          -0.168347,
          -0.271302,
          -0.256624,
          -0.06672,
          0.182912,
          0.197999,
          0.091374,
          -0.248949,
          -0.273171,
          -0.160882,
          0.147699,
          -0.127587,
          0.23465,
          0.086439,
          0.268719,
          0.257557,
          -0.111145,
          -0.269933,
          0.066579,
          -0.135883,
          0.008356,
          -0.159369,
          -0.123145,
          0.142329,
          0.036292,
          -0.015307,
          0.021556,
          -0.274854,
          0.14134,
          0.147469,
          0.247827,
          -0.207656,
          -0.228923,
          -0.264186,
          -0.072674,
          -0.181113,
          -0.192766,
          0.255788,
          0.02808,
          0.239187,
          -0.063314,
          0.096217,
          -0.284733,
          0.182951,
          0.234222,
          -0.036865,
          -0.167754,
          0.21972,
          0.033875,
          -0.194654,
          -0.304137,
          0.142647,
          -0.041542,
          0.275854,
          0.184068,
          0.031844,
          0.245052,
          -0.202788,
          -0.215211,
          0.059718,
          0.137305,
          -0.218227,
          0.198752,
          -0.153792,
          -0.190173,
          0.072229,
          0.032578,
          -0.002529,
          -0.206754,
          0.260536,
          0.015945,
          0.123458,
          -0.297725,
          0.275226,
          0.047272,
          -0.140038,
          -0.282793,
          -0.115214,
          0.114352,
          0.157692,
          -0.158553,
          0.196512,
          -0.01483,
          -0.2054,
          0.097905,
          0.038207,
          -0.175117,
          0.204313,
          -0.258939,
          -0.257459,
          0.286192,
          -0.201516,
          -0.032806,
          0.006224,
          0.102724,
          -0.024432,
          0.117409,
          -0.185748,
          0.295057,
          0.220459,
          -0.075852,
          -0.155789,
          0.050132,
          0.119983,
          -0.069327,
          0.009917,
          -0.139303,
          -0.01924,
          -0.264986,
          0.181075,
          -0.126812,
          -0.065683,
          -0.145777,
          -0.030487,
          -0.256267,
          0.086198,
          -0.313122,
          0.204685,
          0.166493,
          0.090155,
          0.201943,
          -0.226887,
          0.030757,
          0.019968,
          -0.002926,
          0.029296,
          -0.026939,
          0.006829,
          0.035403,
          -0.270515,
          0.15324,
          -0.275191,
          0.149117,
          -0.204696,
          -0.057523,
          0.15715,
          0.293911,
          -0.102457,
          0.035261,
          0.284704,
          0.017178,
          -0.273064,
          0.018263,
          -0.015306,
          -0.001848,
          0.004124,
          0.117851,
          -0.258467,
          0.100017,
          0.037063,
          0.307957,
          0.178207,
          -0.044477,
          -0.266725,
          0.227684,
          -0.228785,
          0.053782,
          -0.015426,
          0.096399,
          0.055953,
          0.09148,
          0.191372,
          0.074307,
          0.252673,
          0.257094,
          0.317619,
          0.217643,
          0.251616,
          0.161745,
          -0.193632,
          -0.288144,
          0.251489,
          -0.339003,
          -0.058122,
          0.211023,
          0.061988,
          0.117892,
          -0.116023,
          0.252917,
          -0.023814,
          0.258107,
          0.061261,
          -0.16115,
          -0.251907,
          -0.057084,
          0.154696,
          -0.238854,
          -0.202196,
          -0.144264,
          0.07517,
          -0.076072,
          0.03656,
          0.258974,
          -0.041863,
          0.214027,
          0.156557,
          -0.273434,
          0.123666,
          0.254166,
          -0.181886,
          0.037158,
          0.274686,
          -0.044036,
          -0.092892,
          0.193085,
          0.059112,
          -0.148923,
          -0.037742,
          0.04579,
          0.274996,
          -0.185168,
          0.028964,
          -0.274088,
          0.11934,
          0.174569,
          -0.030528,
          0.043524,
          0.194404,
          -0.045904,
          0.073348,
          -0.176268,
          0.272919,
          -0.177142,
          0.113271,
          0.101576,
          0.065526,
          0.031794,
          0.083281,
          0.266045,
          0.159171,
          -0.283436,
          -0.286473,
          -0.240107,
          0.257634,
          -0.327649,
          -0.282272,
          0.002877,
          -0.265817,
          0.131764,
          0.069323,
          -0.300163,
          -0.049911,
          0.194615,
          -0.107826,
          -0.196858,
          0.124268,
          0.097677,
          -0.310888,
          0.047227,
          0.056942,
          0.18528,
          0.030373,
          -0.040325,
          0.080386,
          -0.071978,
          0.06403,
          -0.15295,
          -0.231218,
          0.092746,
          0.150552,
          -0.13227,
          0.249457,
          0.282896,
          -0.028532,
          0.042792,
          -0.102255,
          0.096048,
          0.297876,
          0.236905,
          0.118397,
          -0.081384,
          0.261346,
          -0.004718,
          0.260179,
          -0.159813,
          -0.219179,
          -0.091541,
          0.312119,
          0.002146,
          0.32256,
          -0.3363,
          0.099033,
          0.109582,
          0.331421,
          -0.12265,
          0.234133,
          -0.160594,
          0.232505,
          -0.150203,
          -0.029226,
          -0.104517,
          -0.197161,
          -0.126049,
          0.230366,
          0.032591,
          -0.07572,
          0.037281,
          -0.054414,
          -0.044318,
          -0.153811,
          0.09006,
          0.283554,
          0.075663,
          0.063069,
          0.267635,
          0.095046,
          0.167991,
          -0.068814,
          0.039151,
          -0.001397,
          0.048799,
          0.103941,
          0.052741,
          -0.040922,
          -0.201521,
          -0.267979,
          0.150473,
          -0.113297,
          -0.082501,
          -0.29206,
          -0.22116,
          0.07008,
          -0.160099,
          -0.3201,
          -0.04871,
          0.131285,
          -0.251292,
          0.076781,
          -0.157596,
          -0.173107,
          0.1138,
          -0.127462,
          -0.134211,
          0.047257,
          0.007793,
          0.218961,
          -0.2571,
          -0.203552,
          -0.09738,
          0.244452,
          0.242775,
          0.296171,
          -0.045231,
          -0.182485,
          0.116047,
          0.045753,
          0.10329,
          0.229902,
          -0.087958,
          -0.038134,
          -0.181848,
          0.281788,
          0.084702,
          -0.147606,
          -0.268247,
          0.224696,
          -0.224435,
          0.030355,
          0.019849,
          0.03983,
          0.280047,
          -0.014816,
          0.106312,
          -0.012151,
          0.203711,
          0.20673,
          -0.22753,
          -0.194073,
          0.223489,
          -0.045232,
          0.157171,
          0.055687,
          -0.002395,
          -0.149004,
          -0.106249,
          -0.148545,
          0.098265,
          0.200363,
          0.190646,
          -0.191876,
          0.012564,
          0.033971,
          -0.021348,
          0.129837,
          0.083013,
          -0.055855,
          0.287833,
          -0.122195,
          -0.019816,
          -0.269753,
          -0.235868,
          -0.243798,
          -0.195094,
          -0.101861,
          0.166576,
          0.03028,
          -0.003402,
          -0.057391,
          0.312111,
          0.139744,
          -0.013481,
          -0.08114,
          0.115519,
          -0.089151,
          0.047822,
          -0.163916,
          -0.217514,
          0.22901,
          -0.092506,
          -0.199827,
          0.296567,
          -0.242405,
          0.193404,
          0.021969,
          -0.291898,
          0.058481,
          0.210578,
          -0.218246,
          0.237511,
          -0.187567,
          0.269064,
          -0.028936,
          -0.038176,
          -0.287876,
          -0.076397,
          -0.245929,
          -0.090358,
          -0.001869,
          -0.022877,
          -0.288987,
          0.257656,
          0.154744,
          -0.129503,
          -0.247975,
          -0.200681,
          0.087982,
          0.153515,
          0.335826,
          0.180869,
          0.260318,
          -0.131019,
          0.107115,
          0.041529,
          0.220751,
          -0.15117,
          -0.347029,
          0.244728,
          0.234281,
          0.226305,
          -0.16644,
          -0.192577,
          -0.304801,
          0.277244,
          0.134474,
          0.125589,
          -0.278379,
          0.045465,
          0.117842,
          0.145961,
          -0.328229,
          0.179868,
          -0.195541,
          0.033103,
          -0.11636,
          -0.270972,
          -0.116007,
          0.284202,
          0.296296,
          0.05172,
          -0.143318,
          -0.30135,
          0.165109,
          -0.276645,
          0.238569,
          -0.093523,
          0.285706,
          0.265021,
          0.161066,
          -0.205786,
          -0.102077,
          -0.171096,
          -0.282783,
          0.081337,
          0.049214,
          0.083085,
          0.064408,
          0.038008,
          -0.237465,
          0.259573,
          0.096466,
          0.085099,
          -0.008821,
          0.1836,
          -0.145477,
          -0.020843,
          -0.205817,
          0.271915,
          -0.149149,
          -0.202984,
          0.047476,
          0.087519,
          0.069162,
          -0.0291,
          -0.025443,
          -0.118947,
          -0.032204,
          0.164051,
          -0.231411,
          0.101989,
          0.061463,
          0.083547,
          0.212843,
          0.226993,
          -0.037368,
          0.144384,
          -0.23159,
          -0.033882,
          0.110012,
          -0.033907,
          -0.187993,
          0.275596,
          0.285991,
          -0.060325,
          0.238376,
          0.27146,
          -0.243352,
          -0.027218,
          0.212399,
          -0.098145,
          -0.029964,
          0.200546,
          -0.129577,
          0.117051,
          -0.088278,
          0.299926,
          -0.279656,
          0.243988,
          0.136986,
          0.01834,
          -0.14092,
          -0.1409,
          -0.058831,
          -0.132641,
          -0.178448,
          -0.327221,
          0.110738,
          -0.165506,
          -0.1495,
          -0.270525,
          0.212941,
          -0.225336,
          0.121538,
          0.00643,
          -0.019457,
          -0.121985,
          0.068383,
          0.027648,
          -0.140228,
          0.151616,
          0.200512,
          0.15205,
          0.107008,
          0.015836,
          -0.064939,
          0.091101,
          0.342239,
          -0.177457,
          -0.057287,
          -0.062901,
          -0.155062,
          0.156039,
          -0.063646,
          -0.209452,
          0.059535,
          0.193635,
          0.008258,
          0.244785,
          0.205039,
          0.222374,
          0.073576,
          0.014234,
          -0.067861,
          0.192916,
          -0.130411,
          -0.248713,
          0.032758,
          -0.268591,
          -0.223728,
          0.142506,
          -0.189354,
          -0.135096,
          -0.192056,
          -0.086198,
          0.260522,
          -0.010456,
          0.165165,
          0.203776,
          0.149239,
          -0.123242,
          0.206903,
          -0.064383,
          -0.119499,
          -0.302975,
          0.115729,
          0.149117,
          0.281137,
          -0.042012,
          -0.130632,
          0.100345,
          0.06549,
          -0.111026,
          0.224351,
          0.161745,
          0.108593,
          0.053189,
          -0.011255,
          0.272477,
          -0.099448,
          0.306651,
          0.173277,
          -0.28218,
          0.20482,
          0.169623,
          0.20354,
          -0.196255,
          -0.19771,
          0.204965,
          -0.02155,
          0.020201,
          0.189488,
          -0.03815,
          -0.11051,
          0.054611,
          -0.248882,
          -0.174667,
          0.248868,
          0.249532,
          0.077195,
          -0.009561,
          -0.151882,
          -0.206575,
          0.263304,
          -0.098412,
          -0.089485,
          0.328062,
          0.115108,
          -0.147692,
          -0.105232,
          -0.156195,
          -0.192887,
          0.253884,
          0.287678,
          0.041418,
          -0.079342,
          0.175031,
          -0.198386,
          0.064302,
          -0.004691,
          0.099238,
          -0.059306,
          0.029433,
          0.000837,
          -0.010472,
          0.123189,
          -0.17734,
          0.133059,
          0.227074,
          0.069561,
          -0.205099,
          -0.124765,
          -0.184371,
          0.242232,
          -0.276427,
          0.003017,
          0.179236,
          -0.163885,
          -0.312831
        ],
        "bQ": [
          -0.003007,
          0.007488,
          -0.006111,
          -0.009319,
          0.017137,
          -0.008928,
          0.011595,
          0.017764,
          0.02497,
          -0.016091,
          0.003797,
          0.031499,
          -0.011405,
          -0.006454,
          -0.02031,
          0.019631,
          0.028926,
          -0.027806,
          0.030645,
          0.029095,
          -0.018667,
          0.0174,
          -0.021059,
          -0.015125,
          -0.02104,
          0.0153,
          -0.010339,
          -0.04394,
          0.026943,
          0.002526,
          0.005193,
          0.013462
        ],
        "wK": [
          -0.030343,
          -0.288208,
          0.16779,
          -0.000732,
          -0.167519,
          0.050242,
          0.060659,
          0.042345,
          0.179914,
          0.331797,
          -0.151508,
          -0.263783,
          0.202706,
          0.123383,
          -0.031048,
          -0.227968,
          -0.172772,
          -0.155197,
          0.157116,
          -0.007649,
          -0.189891,
          -0.166229,
          0.098706,
          0.118012,
          0.180083,
          0.280861,
          -0.002693,
          0.238406,
          0.229049,
          0.089449,
          0.213805,
          -0.113758,
          -0.158768,
          -0.24537,
          -0.029839,
          0.069687,
          -0.121804,
          0.285877,
          0.266545,
          0.118185,
          0.319441,
          -0.173042,
          0.143914,
          -0.25447,
          -0.131957,
          0.052263,
          0.092945,
          0.284208,
          0.189854,
          0.187346,
          0.230437,
          0.252945,
          0.138227,
          0.207167,
          0.08218,
          0.224405,
          -0.10565,
          0.017508,
          -0.261014,
          -0.073292,
          -0.145506,
          0.126455,
          -0.215334,
          0.101811,
          -0.208085,
          0.168285,
          -0.131615,
          -0.310822,
          -0.207108,
          -0.20368,
          0.286555,
          0.330475,
          -0.077751,
          -0.102106,
          0.260816,
          0.197155,
          -0.158023,
          -0.161783,
          -0.240719,
          0.073688,
          0.213971,
          0.117915,
          0.147638,
          0.191582,
          0.164274,
          0.098482,
          -0.129809,
          -0.132204,
          -0.02032,
          -0.144255,
          0.254941,
          -0.187152,
          0.0225,
          0.19682,
          -0.052247,
          0.272049,
          0.298473,
          0.140253,
          -0.185548,
          -0.196691,
          0.028008,
          0.240079,
          -0.105621,
          0.167768,
          -0.24066,
          -0.265931,
          0.062319,
          -0.110646,
          -0.250141,
          0.131701,
          0.254804,
          -0.218318,
          -0.229066,
          -0.255337,
          -0.222075,
          -0.161458,
          0.291609,
          0.220136,
          -0.061705,
          -0.039792,
          -0.102365,
          -0.018286,
          -0.140342,
          -0.113282,
          0.150033,
          0.007686,
          -0.02884,
          0.278695,
          -0.036541,
          -0.28246,
          0.25267,
          0.044956,
          0.100257,
          -0.271168,
          -0.192797,
          0.059382,
          0.256992,
          -0.076104,
          -0.138596,
          -0.131258,
          0.000955,
          -0.092196,
          -0.129791,
          0.034443,
          -0.062597,
          -0.246624,
          -0.020087,
          0.160516,
          -0.193524,
          -0.265837,
          -0.125979,
          -0.193987,
          -0.049192,
          0.259971,
          0.27146,
          0.088971,
          -0.07605,
          0.06383,
          -0.164695,
          0.221696,
          -0.21469,
          0.108629,
          0.234775,
          0.052034,
          0.076096,
          -0.124237,
          0.09671,
          0.055208,
          -0.185513,
          0.014789,
          -0.148388,
          -0.048691,
          -0.014778,
          -0.272433,
          -0.023931,
          -0.094641,
          -0.202897,
          -0.094089,
          -0.096641,
          -0.15495,
          0.211813,
          -0.267329,
          -0.05526,
          0.154152,
          0.101717,
          -0.039263,
          -0.226589,
          0.072598,
          -0.196466,
          -0.19906,
          0.197584,
          -0.168039,
          -0.01054,
          -0.050192,
          0.151721,
          0.02177,
          -0.017189,
          0.192426,
          0.116714,
          -0.031146,
          -0.133167,
          0.10262,
          0.259898,
          0.310834,
          0.171209,
          0.129986,
          0.054379,
          -0.150571,
          -0.151049,
          -0.223642,
          0.229255,
          0.116166,
          -0.053701,
          0.011711,
          -0.107542,
          0.076886,
          0.207204,
          -0.080879,
          -0.094423,
          0.318066,
          0.246437,
          0.127586,
          -0.26426,
          0.059434,
          0.280196,
          -0.192054,
          -0.224383,
          -0.255405,
          -0.059774,
          -0.105875,
          0.190879,
          0.172944,
          0.093917,
          -0.295748,
          0.220787,
          -0.13413,
          0.034133,
          -0.050225,
          0.030453,
          0.166046,
          0.185033,
          0.223404,
          -0.076211,
          -0.21765,
          -0.284879,
          0.037872,
          -0.209721,
          0.199649,
          -0.012157,
          0.093205,
          0.27761,
          0.063073,
          0.164271,
          -0.112643,
          -0.182928,
          -0.279523,
          -0.274064,
          0.140657,
          -0.245927,
          -0.261312,
          -0.254251,
          -0.101611,
          -0.050332,
          -0.031594,
          -0.219578,
          0.120127,
          0.289967,
          -0.004483,
          -0.04169,
          -0.052454,
          -0.223313,
          0.28234,
          0.081936,
          -0.205586,
          -0.193676,
          -0.26524,
          -0.314597,
          -0.166237,
          0.116502,
          0.124373,
          -0.103001,
          -0.198849,
          -0.032737,
          0.172391,
          -0.205032,
          -0.191596,
          -0.030585,
          0.262121,
          -0.079366,
          -0.262729,
          -0.233884,
          0.287846,
          0.077157,
          0.273285,
          -0.037742,
          -0.071869,
          -0.07841,
          -0.224342,
          0.201991,
          0.084989,
          -0.173534,
          0.214167,
          0.243791,
          0.079082,
          -0.078564,
          -0.175837,
          0.090401,
          -0.136491,
          -0.152692,
          0.08402,
          0.251197,
          -0.057752,
          0.311018,
          -0.204919,
          0.229114,
          -0.063595,
          -0.039015,
          -0.045286,
          -0.074216,
          0.025355,
          0.323448,
          0.183974,
          -0.022324,
          -0.265196,
          -0.232091,
          -0.229359,
          0.186072,
          -0.020827,
          -0.282249,
          0.144592,
          0.113761,
          0.121119,
          -0.012629,
          0.132973,
          0.179151,
          0.213579,
          -0.173143,
          0.185812,
          -0.011969,
          0.022423,
          0.249706,
          0.190894,
          0.018225,
          -0.168029,
          -0.071808,
          -0.205011,
          0.24762,
          0.250231,
          0.044966,
          0.252393,
          -0.188125,
          -0.19882,
          0.095208,
          0.011373,
          -0.248607,
          -0.180681,
          0.032531,
          -0.241345,
          0.304367,
          0.311278,
          -0.012032,
          -0.095979,
          0.015246,
          -0.004383,
          -0.15447,
          -0.190634,
          -0.158655,
          -0.223501,
          0.261313,
          -0.222331,
          -0.048313,
          -0.233126,
          -0.167976,
          0.291953,
          -0.042212,
          -0.010021,
          0.150587,
          0.280205,
          -0.046458,
          0.165919,
          0.008712,
          -0.005777,
          -0.22157,
          -0.170729,
          -0.250183,
          0.238133,
          0.169034,
          0.132714,
          -0.01564,
          -0.136214,
          -0.084034,
          0.077033,
          0.186231,
          -0.172414,
          0.309675,
          0.284857,
          -0.285705,
          -0.152881,
          0.202024,
          0.080095,
          -0.151207,
          -0.32519,
          0.200258,
          0.275781,
          0.130504,
          -0.227224,
          -0.13488,
          -0.077157,
          -0.21121,
          -0.11137,
          0.267089,
          -0.278586,
          -0.053412,
          -0.203461,
          -0.185098,
          -0.16356,
          -0.18749,
          0.280647,
          -0.11713,
          -0.111638,
          0.142196,
          -0.206884,
          0.252427,
          0.059121,
          0.088247,
          -0.199476,
          0.271073,
          0.042603,
          -0.181961,
          0.136265,
          0.052576,
          -0.251863,
          -0.269693,
          -0.256974,
          0.282816,
          0.090464,
          -0.047074,
          0.108924,
          -0.175606,
          -0.150928,
          -0.231516,
          0.206834,
          -0.073934,
          -0.096783,
          0.120522,
          -0.045557,
          -0.123864,
          -0.267022,
          0.068418,
          0.0391,
          0.142327,
          0.129575,
          -0.286373,
          -0.098698,
          -0.033163,
          0.07154,
          -0.250822,
          0.256908,
          0.076561,
          0.132854,
          0.054549,
          0.070248,
          0.30108,
          -0.212644,
          -0.34648,
          0.098277,
          -0.246129,
          0.318066,
          0.231105,
          -0.002571,
          -0.303708,
          0.265374,
          0.276724,
          -0.175604,
          -0.27681,
          0.240456,
          -0.109751,
          -0.18903,
          0.13997,
          -0.049044,
          -0.078784,
          -0.18037,
          0.221009,
          0.253326,
          -0.27785,
          0.260531,
          -0.121495,
          -0.122137,
          0.181873,
          0.243014,
          -0.036985,
          0.252081,
          -0.201986,
          0.249016,
          0.326465,
          0.128823,
          -0.131607,
          0.216235,
          0.263194,
          -0.025782,
          -0.006642,
          -0.078658,
          -0.254554,
          0.190413,
          0.255466,
          -0.272757,
          0.167917,
          0.058762,
          0.004143,
          0.088559,
          -0.222443,
          0.085045,
          -0.073316,
          0.116621,
          -0.22721,
          -0.241776,
          -0.227955,
          -0.057342,
          -0.174801,
          -0.096803,
          0.16934,
          -0.219566,
          0.059288,
          -0.302864,
          -0.208065,
          0.236666,
          -0.305167,
          0.137573,
          -0.198974,
          -0.150382,
          -0.17334,
          0.007043,
          0.072512,
          0.271593,
          0.126894,
          0.085622,
          -0.030786,
          0.031247,
          -0.035905,
          -0.233746,
          0.055896,
          0.255109,
          -0.229909,
          -0.267289,
          0.233535,
          0.217609,
          -0.181228,
          -0.283437,
          0.014251,
          0.084313,
          0.04434,
          0.168342,
          -0.263494,
          0.24192,
          -0.036309,
          -0.240507,
          0.288244,
          0.266324,
          0.075607,
          0.120834,
          0.030924,
          -0.060973,
          -0.333606,
          -0.103926,
          0.232721,
          -0.183369,
          0.135798,
          0.143946,
          0.154032,
          -0.221708,
          0.223953,
          0.002474,
          0.158471,
          0.150295,
          -0.136395,
          0.239327,
          0.046365,
          -0.286069,
          -0.17485,
          0.059592,
          0.22893,
          -0.110146,
          0.039885,
          -0.145799,
          0.112245,
          -0.259918,
          -0.139686,
          -0.003988,
          -0.240747,
          -0.199252,
          -0.148954,
          0.190302,
          -0.191054,
          -0.224776,
          0.162637,
          -0.021913,
          -0.143485,
          -0.292152,
          0.040272,
          0.127007,
          0.123851,
          -0.209594,
          0.035613,
          0.156669,
          -0.205858,
          0.20147,
          -0.28065,
          -0.025718,
          -0.050502,
          0.074733,
          -0.108453,
          -0.24339,
          0.011311,
          -0.060773,
          0.094783,
          -0.04992,
          0.264643,
          0.065999,
          0.153686,
          -0.021144,
          0.260473,
          0.13589,
          -0.187891,
          0.202253,
          0.269908,
          -0.27096,
          -0.010902,
          0.242192,
          -0.02439,
          0.045416,
          -0.049799,
          -0.174082,
          -0.029231,
          -0.115098,
          0.271028,
          -0.096637,
          -0.104437,
          0.159134,
          -0.035712,
          -0.20733,
          0.103252,
          -0.134111,
          0.106728,
          0.054837,
          0.258975,
          -0.031588,
          -0.191029,
          -0.053358,
          -0.080304,
          0.119721,
          0.205266,
          0.018771,
          0.215409,
          -0.166838,
          -0.27409,
          0.081871,
          0.291641,
          0.015675,
          0.116856,
          0.176771,
          0.094726,
          0.125492,
          -0.036335,
          -0.069718,
          -0.199995,
          0.216247,
          -0.222441,
          -0.050496,
          0.180236,
          -0.254865,
          0.130388,
          0.111561,
          -0.083332,
          -0.019261,
          -0.236511,
          -0.082982,
          -0.123921,
          0.264279,
          0.350421,
          -0.10969,
          0.185568,
          -0.265639,
          0.268185,
          0.189552,
          0.09344,
          -0.354133,
          0.248556,
          -0.168798,
          -0.288033,
          -0.232196,
          -0.226348,
          0.308138,
          0.198581,
          -0.203097,
          -0.230732,
          -0.262646,
          0.312333,
          0.173491,
          0.202232,
          0.229073,
          -0.068531,
          0.238268,
          0.30705,
          0.124041,
          -0.175011,
          0.162093,
          -0.245629,
          0.067525,
          0.02408,
          -0.11223,
          0.006474,
          -0.137733,
          -0.08639,
          -0.202548,
          0.138923,
          0.178759,
          0.117778,
          0.152745,
          0.039619,
          0.04082,
          0.000746,
          0.030961,
          -0.268874,
          -0.148292,
          -0.232471,
          -0.074702,
          -0.204444,
          -0.147707,
          -0.228637,
          0.264508,
          -0.07138,
          0.087435,
          0.102274,
          -0.060689,
          0.248085,
          0.20771,
          -0.273395,
          0.28088,
          0.253744,
          0.2082,
          -0.191764,
          -0.007686,
          -0.115532,
          0.023701,
          0.127562,
          -0.026703,
          -0.14375,
          0.103655,
          -0.079171,
          -0.038164,
          -0.188625,
          -0.257646,
          -0.215866,
          -0.021258,
          -0.247681,
          0.29427,
          -0.103117,
          -0.165195,
          0.054158,
          -0.251472,
          0.153007,
          -0.254084,
          -0.22477,
          -0.128132,
          0.140167,
          0.124237,
          0.312875,
          -0.057175,
          -0.060859,
          0.008228,
          -0.26398,
          0.208092,
          -0.141161,
          -0.206654,
          -0.229937,
          -0.100863,
          -0.092698,
          0.015566,
          0.11043,
          -0.164955,
          -0.165715,
          -0.053915,
          -0.110529,
          0.242507,
          -0.05826,
          -0.155677,
          -0.15661,
          -0.177917,
          0.115799,
          -0.131597,
          0.294862,
          -0.181164,
          -0.089601,
          0.167372,
          0.093215,
          0.060349,
          -0.08736,
          0.225631,
          -0.310773,
          0.098845,
          0.036136,
          0.113917,
          0.317478,
          0.289065,
          0.250292,
          -0.179612,
          0.287492,
          -0.090428,
          -0.173564,
          -0.156535,
          -0.252123,
          0.268293,
          0.000207,
          -0.196803,
          0.130363,
          -0.035749,
          -0.224326,
          0.199097,
          0.074815,
          -0.182348,
          0.216679,
          0.269615,
          -0.031224,
          0.043699,
          -0.008358,
          -0.199664,
          -0.216199,
          -0.028357,
          -0.285777,
          0.06191,
          0.059592,
          -0.298817,
          0.098923,
          -0.130766,
          -0.204181,
          0.253577,
          -0.229037,
          -0.154862,
          -0.231457,
          -0.161654,
          0.138546,
          -0.270822,
          0.111593,
          0.237371,
          0.265555,
          0.086688,
          -0.164121,
          0.060808,
          -0.163036,
          0.000232,
          -0.277149,
          -0.191103,
          -0.045742,
          0.177429,
          0.255048,
          -0.2611,
          0.056213,
          -0.213625,
          -0.247028,
          0.085968,
          -0.212544,
          0.058604,
          -0.290987,
          0.130888,
          -0.058478,
          -0.003152,
          0.267028,
          0.271679,
          0.153555,
          0.017488,
          -0.14159,
          0.268682,
          0.152014,
          -0.026695,
          0.123709,
          0.080877,
          -0.077384,
          -0.199991,
          -0.053513,
          0.329922,
          0.264742,
          -0.030531,
          -0.032553,
          0.149792,
          -0.287016,
          -0.287417,
          -0.256554,
          -0.194503,
          0.260931,
          0.046182,
          0.214284,
          -0.116767,
          -0.196538,
          0.150282,
          -0.265434,
          -0.024453,
          -0.080803,
          0.205219,
          -0.012939,
          -0.274492,
          0.088198,
          -0.020717,
          -0.191875,
          -0.251783,
          0.167695,
          0.015011,
          0.094554,
          0.263526,
          -0.081842,
          0.252275,
          -0.271427,
          0.12053,
          -0.308496,
          0.262361,
          -0.137618,
          -0.175831,
          0.170767,
          0.003825,
          -0.117075,
          0.2033,
          0.29287,
          0.041406,
          0.164607,
          -0.019504,
          0.057174,
          0.049609,
          -0.246334,
          -0.05847,
          -0.078412,
          -0.250281,
          0.09367,
          0.235057,
          -0.31108,
          -0.139824,
          0.147695,
          -0.236141,
          0.295417,
          0.176971,
          -0.091354,
          -0.160015,
          0.27619,
          -0.02335,
          0.32293,
          -0.291733,
          -0.061168,
          -0.186055,
          0.105321,
          -0.286942,
          0.18963,
          0.048585,
          -0.010168,
          -0.073113,
          0.035908,
          0.018493,
          0.233695,
          0.100551,
          0.105201,
          0.005412,
          -0.076487,
          -0.258096,
          0.010247,
          0.093609,
          0.037533,
          0.279847,
          0.195044,
          0.055573,
          0.240505,
          0.155237,
          0.235406,
          -0.282671,
          -0.160173,
          0.11719,
          0.004528,
          0.138393,
          -0.005201,
          0.214431,
          0.015612,
          -0.159581,
          0.006917,
          -0.199339,
          0.247993,
          -0.23828,
          0.044971,
          0.150406,
          0.062996,
          0.277306,
          0.002682,
          -0.137734,
          -0.151874,
          -0.245875,
          0.041058,
          -0.150509,
          -0.24504,
          0.222684,
          0.076503,
          -0.07069,
          -0.033481,
          -0.197725,
          -0.25604,
          0.043355,
          -0.203749,
          -0.220504,
          -0.288348,
          -0.268612,
          -0.192241,
          -0.152655,
          0.180342,
          -0.308015,
          0.244181,
          -0.054111,
          0.235524,
          -0.247689,
          -0.2767,
          0.058834,
          -0.049787,
          0.233226,
          -0.175606,
          0.19815,
          0.266173,
          -0.150031,
          -0.26667,
          -0.01498,
          -0.270074,
          0.275286
        ],
        "bK": [
          -0.008235,
          -0.003223,
          -0.002499,
          -0.000528,
          -0.002623,
          0.002419,
          0.000854,
          0.001048,
          -0.011036,
          0.003134,
          0.002574,
          -0.005478,
          -0.00336,
          0.00816,
          0.001846,
          0.006313,
          0.005622,
          -0.002756,
          -0.007294,
          0.005691,
          -0.00148,
          -0.003411,
          0.001097,
          -0.006906,
          -0.002956,
          0.000353,
          -0.002055,
          -0.000791,
          -0.00196,
          -0.001898,
          0.001697,
          -0.006582
        ],
        "wV": [
          -0.244181,
          -0.131669,
          0.079435,
          -0.009791,
          0.161802,
          0.31806,
          -0.121858,
          0.038187,
          -0.29681,
          0.239446,
          -0.312926,
          0.098186,
          0.175266,
          0.084475,
          0.249077,
          0.056937,
          -0.179303,
          0.199465,
          0.042832,
          -0.248809,
          -0.210338,
          -0.100957,
          -0.204915,
          -0.0979,
          -0.00011,
          0.092391,
          -0.17968,
          -0.101605,
          -0.232866,
          -0.146709,
          0.238992,
          -0.025198,
          0.140354,
          0.157351,
          0.223614,
          0.02522,
          0.087185,
          -0.172716,
          0.048937,
          -0.170125,
          -0.156533,
          0.237258,
          -0.085793,
          0.041552,
          0.094544,
          0.271235,
          0.107097,
          -0.322529,
          0.244465,
          0.202646,
          0.059674,
          0.231834,
          -0.024669,
          0.072915,
          0.037364,
          -0.158019,
          0.28945,
          -0.063166,
          0.309978,
          0.213261,
          0.190912,
          0.327436,
          -0.249214,
          -0.022148,
          -0.184597,
          0.137799,
          0.20538,
          -0.176872,
          0.197811,
          -0.090601,
          0.110981,
          -0.07391,
          0.084908,
          0.236419,
          0.181702,
          0.064945,
          0.10665,
          0.091798,
          -0.188348,
          0.122917,
          0.12022,
          0.224975,
          -0.251085,
          -0.101996,
          0.0946,
          0.068013,
          -0.084098,
          0.122087,
          0.143501,
          -0.271436,
          -0.067941,
          0.306897,
          -0.119324,
          -0.262326,
          -0.224204,
          0.137671,
          0.224608,
          0.017897,
          -0.093467,
          0.103562,
          -0.285913,
          0.073131,
          0.102701,
          0.21809,
          0.335543,
          0.233889,
          0.085648,
          -0.199038,
          0.01991,
          0.206595,
          -0.029863,
          -0.275991,
          0.17995,
          -0.112648,
          -0.035378,
          -0.164454,
          0.137375,
          -0.231786,
          -0.236247,
          0.160916,
          0.055835,
          -0.064207,
          -0.267447,
          0.157544,
          0.158786,
          0.113162,
          0.095914,
          -0.128526,
          -0.104314,
          -0.077679,
          -0.235418,
          0.20201,
          0.001655,
          -0.267523,
          0.268396,
          -0.068389,
          -0.251988,
          -0.086408,
          -0.211637,
          -0.037872,
          -0.234381,
          -0.248758,
          -0.102578,
          0.1662,
          -0.272009,
          0.257725,
          0.255264,
          0.032743,
          -0.231074,
          -0.266795,
          -0.103612,
          0.18549,
          0.182682,
          0.059197,
          -0.120258,
          0.037673,
          0.161588,
          0.049641,
          0.18088,
          -0.105638,
          0.149072,
          -0.092475,
          0.31671,
          0.087503,
          0.216614,
          0.06863,
          0.277536,
          -0.227311,
          -0.284305,
          0.072301,
          0.269727,
          -0.28883,
          0.064794,
          -0.184577,
          0.261936,
          0.134408,
          -0