# Chunk number: 6 of 37

.143984,
          -0.195015,
          -0.079791,
          -0.011159,
          -0.110636,
          0.024761,
          0.012596,
          -0.025809,
          0.00831,
          0.165496,
          0.097296,
          0.003931,
          0.069669,
          0.155595,
          -0.085786,
          -0.171437,
          -0.109927,
          0.151506,
          0.079057,
          -0.169166,
          0.141659,
          -0.059791,
          0.017636,
          -0.090139,
          0.14529,
          -0.158264,
          -0.072059,
          -0.055149,
          -0.005849,
          -0.007394,
          -0.098741,
          -0.159289,
          -0.068118,
          0.21266,
          0.02412,
          -0.031746,
          -0.129184,
          -0.133259,
          -0.100333,
          -0.157361,
          0.082529,
          0.147552,
          0.10103,
          0.152239,
          0.078063,
          -0.161243,
          -0.129471,
          0.132602,
          0.085415,
          0.161287,
          0.17205,
          -0.026669,
          -0.17035,
          0.004319,
          -0.141461,
          0.041806,
          0.214455,
          -0.104543,
          0.047526,
          0.002079,
          0.055548,
          0.007318,
          0.047604,
          -0.034958,
          0.050966,
          0.111157,
          -0.104411,
          -0.176373,
          -0.083683,
          0.051504,
          0.076908,
          -0.118641,
          0.089226,
          -0.096489,
          -0.106721,
          0.049449,
          0.166553,
          -0.097072,
          0.109613,
          0.012671,
          -0.149508,
          0.218356,
          0.167558,
          0.029228,
          0.15133,
          0.072595,
          -0.215351,
          0.063088,
          -0.03363,
          0.067952,
          -0.061042,
          0.194313,
          -0.084617,
          0.218408,
          -0.045453,
          0.200776,
          0.113529,
          0.196216,
          0.122008,
          -0.069585,
          -0.137338,
          0.080526,
          0.161681,
          -0.165724,
          0.014564,
          0.229988,
          0.141557,
          0.009194,
          0.126409,
          -0.011622,
          -0.209561,
          0.028944,
          0.104652,
          0.109715,
          0.18289,
          0.134771,
          -0.025333,
          0.006817,
          -0.109991,
          -0.075022,
          -0.075286,
          0.057491,
          0.018772,
          0.186139,
          0.106023,
          -0.035813,
          0.061365,
          -0.022026,
          0.116264,
          0.052763,
          -0.095145,
          0.069632,
          0.102154,
          0.095907,
          -0.086977,
          0.031613,
          -0.201647,
          0.155453,
          0.051027,
          -0.014232,
          -0.137669,
          0.20792,
          -0.100143,
          0.155663,
          -0.141997,
          -0.017411,
          -0.179437,
          -0.05229,
          -0.07382,
          0.139786,
          -0.010199,
          -0.116944,
          -0.073822,
          -0.046787,
          0.000838,
          -0.078196,
          -0.099639,
          0.073011,
          -0.11651,
          -0.025228,
          -0.083672,
          0.076356,
          0.086309,
          0.186826,
          -0.000333,
          -0.079804,
          -0.056077,
          -0.114844,
          0.00254,
          0.014761,
          -0.028489,
          0.139385,
          -0.002233,
          0.019877,
          0.21299,
          -0.001437,
          0.084422,
          -0.124891,
          -0.010004,
          0.07257,
          0.100358,
          0.190681,
          0.100174,
          -0.062432,
          0.074394,
          0.050668,
          -0.131971,
          0.019513,
          -0.223201,
          0.014298,
          -0.110746,
          -0.176369,
          -0.159067,
          -0.185139,
          0.15691,
          0.139372,
          0.071214,
          0.123137,
          0.015213,
          -0.082049,
          -0.029149,
          0.187665,
          -0.020424,
          -0.170456,
          0.030119,
          0.037005,
          0.094169,
          -0.055301,
          -0.116613,
          -0.161626,
          0.076499,
          0.068336,
          0.243046,
          -0.122508,
          -0.18565,
          -0.168108,
          -0.047977,
          0.162475,
          0.087465,
          0.177322,
          -0.019278,
          -0.070393,
          0.176054,
          -0.056834,
          0.134766,
          0.157234,
          -0.19561,
          -0.021372,
          -0.071565,
          0.099004,
          0.208583,
          0.075921,
          -0.075809,
          0.213589,
          -0.09351,
          0.123894,
          -0.106531,
          -0.141448,
          0.034072,
          0.070866,
          -0.047154,
          0.13563,
          0.074895,
          -0.04802,
          0.043019,
          -0.147647,
          0.127947,
          -0.229967,
          -0.043718,
          -0.053001,
          -0.113139,
          -0.032378,
          0.159537,
          0.135878,
          0.001897,
          -0.154787,
          -0.054111,
          -0.197122,
          0.045228,
          0.067829,
          0.073485,
          0.170628,
          -0.091963,
          0.074649,
          -0.088648,
          0.190055,
          0.058348,
          0.057861,
          0.027959,
          -0.172149,
          -0.15938,
          -0.074199,
          0.157465,
          -0.061457,
          -0.075816,
          0.078352,
          0.069926,
          0.027158,
          -0.08253,
          0.082761,
          0.082193,
          0.170551,
          -0.040821,
          0.170088,
          0.162795,
          -0.070913,
          0.172932,
          0.008888,
          0.089093,
          -0.073278,
          0.045119,
          0.153737,
          -0.017277,
          0.151764,
          0.092271,
          0.02737,
          -0.063174,
          -0.038309,
          -0.125754,
          -0.168024,
          -0.079366,
          -0.053611,
          -0.094702,
          -0.027042,
          0.118841,
          -0.189374,
          -0.113869,
          -0.041234,
          0.120419,
          0.061765,
          0.059152,
          0.077858,
          -0.12354,
          -0.143225,
          0.045951,
          0.00747,
          -0.178939,
          0.008947,
          -0.013307,
          -0.032206,
          -0.00959,
          0.024022,
          -0.025659,
          0.141584,
          -0.203739,
          -0.107963,
          -0.161381,
          -0.061405,
          -0.195933,
          0.080201,
          -0.130951,
          -0.056787,
          -0.055291,
          0.097161,
          -0.189621,
          0.044398,
          -0.206643,
          -0.162528,
          -0.055529,
          0.040071,
          -0.076522,
          -0.175939,
          -0.179586,
          -0.137388,
          0.016136,
          0.0421,
          -0.144112,
          -0.111038,
          -0.058639,
          0.179562,
          0.005338,
          0.052001,
          -0.028795,
          0.131923,
          -0.025632,
          0.108992,
          -0.060383,
          0.083667,
          0.064824,
          0.000718,
          0.02415,
          -0.171567,
          -0.027851,
          -0.141573,
          -0.084389,
          0.036693,
          -0.030802,
          -0.07474,
          0.189387,
          -0.02716,
          -0.009873,
          -0.198931,
          0.127109,
          -0.211867,
          0.035548,
          -0.16404,
          -0.113776,
          0.063975,
          0.083417,
          0.129729,
          0.133124,
          0.1372,
          -0.095117,
          0.121292,
          0.154359,
          -0.088564,
          -0.071582,
          -0.017426,
          -0.061337,
          0.044054,
          -0.184947,
          -0.079588,
          -0.110482,
          -0.080028,
          0.047968,
          -0.12603,
          0.15774,
          -0.03231,
          -0.029337,
          0.001386,
          0.018834,
          0.086147,
          0.143958,
          0.11165,
          0.141249,
          0.01198,
          -0.182538,
          0.159298,
          0.213467,
          0.018513,
          0.096919,
          0.112199,
          -0.008206,
          0.152901,
          -0.167518,
          -0.200618,
          0.141186,
          -0.163632,
          -0.096591,
          -0.101479,
          0.157105,
          -0.104356,
          0.088754,
          0.107909,
          0.183606,
          0.056323,
          0.037941,
          -0.176529,
          0.087766,
          0.059728,
          0.111418,
          0.130749,
          0.110441,
          0.062831,
          0.080097,
          0.12014,
          -0.220743,
          -0.157146,
          -0.073175,
          0.03569,
          -0.062054,
          0.173225,
          0.031246,
          -0.213088,
          0.133374,
          0.079321,
          -0.074418,
          -0.100651,
          0.188201,
          0.155219,
          -0.130309,
          0.134758,
          -0.031144,
          -0.127925,
          -0.178655,
          0.064284,
          -0.057689,
          -0.109752,
          -0.003423,
          0.215195,
          -0.147128,
          0.037297,
          0.089844,
          0.048863,
          0.135842,
          0.00969,
          -0.157684,
          0.044412,
          0.188927,
          0.037393,
          0.099298,
          -0.180891,
          0.002418,
          0.185443,
          -0.066082,
          0.064879,
          -0.111664,
          0.025319,
          0.072737,
          0.037963,
          0.174721,
          -0.115611,
          0.061623,
          -0.103549,
          -0.119726,
          0.08408,
          0.057586,
          -0.174695,
          0.155014,
          0.125716,
          0.116844,
          0.146376,
          0.142507,
          0.117087,
          -0.028238,
          0.087957,
          0.004312,
          0.117099,
          0.156191,
          -0.021661,
          0.134794,
          -0.095945,
          0.026634,
          -0.018358,
          -0.028531,
          -0.137027,
          -0.049282,
          0.077317,
          -0.107423,
          0.061979,
          0.159004,
          -0.201161,
          0.055246,
          0.134815,
          -0.076907,
          0.049147,
          -0.197454,
          -0.113734,
          -0.167287,
          -0.055982,
          -0.075133,
          -0.061229,
          0.039365,
          -0.162244,
          0.135096,
          0.007971,
          -0.01795,
          0.05975,
          -0.103267,
          -0.197075,
          -0.112869,
          -0.080362,
          0.05047,
          -0.105857,
          0.092158,
          0.186156,
          -0.001816,
          -0.084065,
          -0.061256,
          -0.218009,
          0.094757,
          0.109778,
          -0.134065,
          -0.089436,
          0.063386,
          0.154731,
          -0.159063,
          -0.119699,
          0.170604,
          -0.040383,
          0.036162,
          -0.078778,
          0.151832,
          0.004818,
          0.087382,
          -0.037641,
          -0.116393,
          0.141495,
          0.079034,
          -0.05538,
          -0.107471,
          0.093398,
          0.006454,
          0.002693,
          -0.116032,
          -0.141762,
          0.053785,
          -0.057611,
          -0.061785,
          -0.160788,
          0.112875,
          -0.123401,
          0.101305,
          0.076007,
          0.014383,
          0.036608,
          -0.036037,
          -0.096454,
          -0.121286,
          -0.08987,
          0.139287,
          0.008394,
          0.146786,
          -0.201319,
          0.101353,
          -0.020504,
          0.087283,
          0.085764,
          -0.179539,
          -0.071514,
          0.066518,
          0.105041,
          -0.097513,
          0.070801,
          -0.137285,
          -0.123144,
          -0.176052,
          -0.167852,
          -0.066494,
          0.102954,
          -0.098459,
          -0.107612,
          0.12428,
          -0.073075,
          -0.087195,
          0.074597,
          -0.048601,
          0.083962,
          -0.063113,
          0.203496,
          -0.233621,
          0.005215,
          -0.180723,
          -0.104049,
          0.107498,
          -0.167695,
          -0.028345,
          -0.01473,
          -0.168381,
          -0.037363,
          0.142032,
          0.151593,
          -0.136901,
          0.121943,
          -0.10927,
          0.105851,
          -0.032747,
          0.080584,
          0.033659,
          0.024025,
          -0.119407,
          0.004852,
          -0.042956,
          0.067013,
          -0.077589,
          -0.11762,
          0.023422,
          0.02823,
          0.108548,
          -0.187214,
          -0.120197,
          -0.032289,
          0.218092,
          -0.16287,
          0.213505,
          -0.153506,
          -0.042662,
          -0.033001,
          -0.022385,
          0.018058,
          0.161423,
          0.054207,
          0.069018,
          -0.061765,
          0.161848,
          -0.139693,
          0.064174,
          -0.164019,
          -0.104022,
          0.06333,
          0.143287,
          -0.083158,
          0.012721,
          0.123396,
          -0.040213,
          -0.108773,
          -0.265466,
          0.160069,
          -0.063797,
          -0.054621,
          0.05917,
          -0.024773,
          0.256231,
          -0.095262,
          0.145818,
          -0.012196,
          0.0862,
          0.191799,
          -0.274159,
          -0.165135,
          0.078522,
          -0.000811,
          0.11885,
          -0.224889,
          0.175121,
          0.149635,
          -0.031827,
          0.03197,
          -0.150795,
          -0.004797,
          -0.03044,
          0.077086,
          0.139885,
          -0.027175,
          -0.009583,
          -0.213294,
          0.013519,
          -0.042179,
          0.210145,
          -0.004701,
          -0.024286,
          0.164631,
          0.037771,
          0.007502,
          0.062916,
          0.0365,
          -0.117318,
          0.17625,
          -0.107181,
          -0.183682,
          -0.14051,
          -0.185541,
          0.098227,
          0.11374,
          0.087976,
          -0.081861,
          0.115119,
          0.003705,
          -0.021721,
          -0.002493,
          0.112741,
          -0.04386,
          0.140315,
          -0.070496,
          0.024171,
          0.039596,
          -0.047265,
          0.067373,
          -0.033877,
          -0.192866,
          -0.17408,
          -0.096595,
          0.232643,
          0.086406,
          0.099964,
          0.171386,
          0.12746,
          0.140825,
          -0.111792,
          -0.092263,
          -0.20551,
          0.218081,
          -0.18406,
          -0.137492,
          -0.053726,
          0.083152,
          -0.047272,
          0.019073,
          -0.131655,
          -0.112828,
          -0.086115,
          -0.128536,
          0.026226,
          0.014002,
          -0.115286,
          -0.159043,
          0.11339,
          -0.14804,
          0.069966,
          -0.126748,
          0.145337,
          0.168017,
          -0.120881,
          -0.106392,
          -0.072673,
          0.130206,
          0.084723,
          0.075278,
          0.164833,
          0.060878,
          -0.123576,
          0.008666,
          -0.077114,
          -0.039437,
          -0.113775,
          0.080616,
          0.21527,
          -0.216147,
          0.036739,
          0.133011,
          0.185359,
          0.143975,
          0.033807,
          0.012005,
          0.073009,
          -0.111842,
          -0.049002,
          -0.190821,
          0.097055,
          -0.159936,
          0.052004,
          -0.125207,
          0.160949,
          0.175379,
          -0.017751,
          -0.112923,
          -0.050074,
          -0.08985,
          -0.092673,
          -0.036142,
          0.029719,
          0.176284,
          -0.100099,
          0.086422,
          -0.06351,
          0.142022,
          -0.077684,
          -0.02262,
          0.192809,
          -0.188602,
          0.146022,
          -0.174331,
          -0.168242,
          -0.139505,
          -0.064454,
          0.119635,
          0.071201,
          -0.149596,
          -0.109513,
          -0.085952,
          -0.095424,
          0.183124,
          0.030342,
          -0.108369,
          -0.24307,
          0.065419,
          0.070407,
          -0.012513,
          -0.024315,
          -0.107556,
          0.057895,
          -0.033216,
          -0.18282,
          -0.174236,
          -0.144778,
          -0.148707,
          -0.158499,
          0.130192,
          -0.08038,
          0.180544,
          0.007292,
          0.091856,
          -0.029183,
          0.076278,
          -0.126678,
          0.054809,
          0.162455,
          -0.10977,
          -0.025184,
          0.049037,
          -0.072705,
          0.08276,
          -0.08643,
          0.152717,
          0.021033,
          0.067476,
          -0.178006,
          0.116912,
          -0.167829,
          0.007142,
          -0.058973,
          -0.129656,
          -0.05417,
          -0.064814,
          0.023027,
          -0.026465,
          0.070042,
          -0.140819,
          0.01687,
          -0.0425,
          0.10703,
          -0.189992,
          0.134637,
          -0.051009,
          -0.070567,
          -0.152395,
          -0.170904,
          0.01636,
          -0.049863,
          0.147332,
          0.025123,
          0.186986,
          -0.01502,
          0.136073,
          0.15387,
          -0.046992,
          0.231649,
          -0.035937,
          -0.031726,
          0.09787,
          0.036801,
          0.076777,
          -0.063922,
          -0.025853,
          0.027194,
          0.028238,
          0.012723,
          -0.154658,
          -0.01299,
          0.112784,
          -0.064024,
          -0.088019,
          0.0833,
          0.05338,
          -0.129161,
          -0.008459,
          -0.101321,
          -0.207653,
          -0.020184,
          0.112792,
          0.092643,
          -0.09995,
          0.016619,
          0.032398,
          -0.155988,
          0.124713,
          0.168181,
          -0.212775,
          -0.188059,
          0.073786,
          0.113185,
          -0.014153,
          -0.059036,
          0.057067,
          0.003725,
          0.167932,
          0.180981,
          -0.041565,
          -0.18446,
          0.069986,
          -0.003338,
          0.103481,
          -0.010806,
          -0.105145,
          0.022875,
          -0.177808,
          -0.013176,
          -0.230152,
          0.220482,
          0.162957,
          0.007946,
          0.117961,
          -0.122288,
          0.211971,
          -0.148378,
          0.047012,
          0.056429,
          0.140276,
          -0.092872,
          -0.060845,
          -0.094198,
          0.216485,
          0.020776,
          -0.054732,
          -0.005918,
          -0.018226,
          -0.170871,
          -0.014658,
          0.107223,
          0.112002,
          0.030769,
          0.038145,
          0.162522,
          -0.182579,
          0.08317,
          -0.013859,
          0.209144,
          -0.134287,
          0.053576,
          -0.1116,
          -0.196629,
          0.048016,
          0.133895,
          0.075224,
          -0.033681,
          0.009464,
          -0.06262,
          -0.062303,
          0.11355,
          0.196784,
          -0.208119,
          0.008283,
          0.117276,
          0.008423,
          0.06265,
          0.048683,
          0.154685,
          -0.066297,
          0.086189,
          0.007907,
          -0.09792,
          -0.149264,
          0.166603,
          -0.055718,
          -0.04037,
          0.089926,
          0.046152,
          -0.07266,
          -0.210982,
          0.046956,
          -0.153523,
          -0.000713,
          -0.043333,
          -0.120287,
          0.162689,
          -0.139588,
          -0.093132,
          -0.074665,
          0.103738,
          -0.050537,
          0.03291,
          0.09052,
          -0.064962,
          0.12688,
          0.039991,
          0.082253,
          -0.024168,
          -0.010477,
          -0.103147,
          -0.128753,
          0.085084,
          0.17784,
          0.063615,
          -0.093878,
          -0.164511,
          0.023902,
          -0.113736,
          0.154039,
          -0.125314,
          -0.055908,
          -0.042073,
          0.012035,
          -0.156892,
          -0.053601,
          -0.102501,
          -0.03404,
          -0.00185,
          0.00178,
          -0.220085,
          0.127087,
          -0.096252,
          -0.219734,
          0.005115,
          0.139025,
          0.223354,
          0.107019,
          0.024841,
          0.062181,
          -0.008634,
          -0.073437,
          0.132552,
          -0.081315,
          -0.102963,
          -0.049367,
          -0.141062,
          -0.145442,
          0.168617,
          0.077033,
          0.106192,
          0.03122,
          0.147462,
          0.197968,
          0.060836,
          0.062898,
          -0.008337,
          0.116659,
          0.154558,
          -0.11877,
          -0.093358,
          -0.046572,
          0.060511,
          0.038057,
          0.10115,
          -0.073382,
          -0.032524,
          0.018356,
          0.139961,
          0.171333,
          0.079711,
          -0.086206,
          -0.104786,
          -0.021653,
          -0.024037,
          0.028341,
          -0.077122,
          -0.222752,
          -0.163215,
          -0.16707,
          0.05526,
          0.112519,
          0.044836,
          0.004257,
          0.000587,
          -0.027151,
          0.1111,
          -0.018837,
          0.111082,
          0.117956,
          -0.083677,
          -0.114117,
          0.150424,
          0.2437,
          -0.03461,
          -0.020556,
          -0.088476,
          -0.032647,
          0.166787,
          -0.05661,
          -0.198692,
          0.034841,
          -0.061764,
          0.058365,
          -0.148328,
          -0.102202,
          0.073181,
          0.221433,
          -0.056891,
          0.035996,
          0.005148,
          0.095366,
          -0.200355,
          0.231555,
          0.091927,
          -0.094779,
          0.038277,
          0.143615,
          0.146444,
          -0.096317,
          0.100587,
          -0.132552,
          -0.243353,
          -0.0263,
          -0.014542,
          -0.165373,
          0.165145,
          -0.14236,
          -0.029879,
          0.058319,
          -0.143392,
          -0.207564,
          -0.163404,
          -0.199984,
          0.008525,
          0.033024,
          -0.183493,
          -0.041966,
          0.160285,
          0.111098,
          0.164913,
          -0.044312,
          -0.001772,
          -0.085771,
          -0.052038,
          -0.042104,
          0.223253,
          0.035183,
          0.027654,
          -0.225906,
          -0.024019,
          0.174376,
          -0.151127,
          -0.088577,
          -0.10115,
          -0.139312,
          0.09556,
          -0.091721,
          -0.096465,
          0.101975,
          -0.185559,
          -0.064005,
          0.025306,
          0.150764,
          0.114249,
          -0.04194,
          0.072995,
          0.106497,
          -0.00818,
          -0.039396,
          0.190547,
          0.154519,
          -0.178075,
          0.099632,
          0.118026,
          0.091791,
          0.047974,
          0.045665,
          0.186852,
          -0.076493,
          -0.200706,
          0.003637,
          -0.175246,
          0.055114,
          0.08956,
          0.010131,
          -0.042979,
          -0.030226,
          0.091108,
          -0.072673,
          0.165358,
          -0.104672,
          -0.028338,
          -0.050927,
          -0.11523,
          0.186116,
          0.022653,
          -0.06573,
          -0.142938,
          -0.023256,
          -0.106792,
          0.08931,
          0.036208,
          -0.024898,
          0.108724,
          -0.030088,
          -0.086648,
          0.158128,
          -0.196429,
          0.124703,
          -0.131616,
          0.034006,
          0.126408,
          -0.030168,
          -0.001119,
          0.05345,
          -0.042457,
          -0.178936,
          -0.140407,
          -0.042329,
          -0.004779,
          -0.14999,
          0.013996,
          -0.046899,
          0.190606,
          -0.037525,
          -0.1407,
          0.11088,
          -0.028115,
          0.105375,
          0.009758,
          -0.12899,
          0.213599,
          -0.149133,
          -0.142426,
          0.033959,
          0.12156,
          0.040401,
          0.046122,
          0.011149,
          0.116697,
          0.01364,
          0.13268,
          -0.017341,
          -0.089599,
          -0.11289,
          -0.12407,
          -0.08203,
          -0.216963,
          0.024743,
          -0.15003,
          0.038932,
          -0.177324,
          0.168881,
          -0.167369,
          0.16129,
          -0.060007,
          0.089334,
          0.02054,
          -0.108036,
          -0.10876,
          -0.062916,
          -0.137595,
          -0.146053,
          0.074831,
          -0.130298,
          0.070568,
          0.037214,
          -0.067052,
          -0.147711,
          -0.009524,
          0.177483,
          0.178104,
          0.155382,
          -0.087497,
          0.143403,
          -0.054,
          -0.126855,
          -0.065117,
          0.042421,
          -0.181319,
          0.170234,
          -0.100339,
          0.037077,
          0.030042,
          0.048228,
          0.139325,
          -0.166696,
          -0.020875,
          -0.053937,
          0.064653,
          -0.016653,
          0.028683,
          0.178223,
          0.112604,
          0.046531,
          -0.011753,
          0.104789,
          -0.079686,
          -0.175917,
          -0.15689,
          -0.053449,
          -0.187876,
          0.043313,
          -0.10101,
          -0.167511,
          -0.070746,
          0.015971,
          0.036424,
          0.145447,
          -0.053204,
          -0.017502,
          0.091687,
          -0.15035,
          -0.078338,
          -0.140373,
          0.008649,
          -0.126013,
          0.04067,
          -0.183278,
          -0.202635,
          0.060867,
          -0.182782,
          -0.020275,
          -0.007541,
          0.047401,
          0.123661,
          0.074519,
          0.149121,
          0.105627,
          0.137784,
          0.015191,
          -0.010569,
          0.119195,
          0.000458,
          0.139575,
          0.072039,
          0.12671,
          0.050823,
          0.130831,
          0.05391,
          0.117457,
          0.11343,
          0.135607,
          0.037706,
          0.092117,
          0.106312,
          0.007163,
          0.163027,
          0.246784,
          0.092097,
          0.150834,
          -0.062809,
          0.0995,
          -0.087307,
          -0.169079,
          -0.119776,
          -0.065662,
          0.086312,
          -0.138893,
          -0.219331,
          0.093809,
          -0.137755,
          0.112853,
          -0.070489,
          0.148232,
          -0.100245,
          0.082201,
          -0.049753,
          0.073738,
          -0.112587,
          0.035036,
          0.001516,
          -0.01921,
          0.156424,
          -0.059697,
          0.159552,
          0.243304,
          0.2122,
          -0.054365,
          0.125256,
          0.006786,
          0.003327,
          0.001948,
          0.149905,
          -0.048035,
          -0.000245,
          -0.083094,
          -0.077183,
          -0.111937,
          -0.018344,
          0.060671,
          -0.107211,
          0.088046,
          0.103189,
          0.053888,
          0.029831,
          0.188543,
          -0.064615,
          0.115679,
          0.169355,
          0.012892,
          0.013085,
          0.071794,
          0.070258,
          0.057715,
          0.093384,
          0.069398,
          -0.162176,
          0.11094,
          -0.012379,
          -0.111576,
          -0.119625,
          0.128123,
          0.016781,
          0.022712,
          -0.028254,
          -0.086934,
          0.110045,
          -0.133516,
          -0.166876,
          -0.22915,
          -0.167233,
          -0.119788,
          0.167318,
          -0.165719,
          0.060244,
          -0.047128,
          -0.015215,
          -0.014527,
          0.194622,
          -0.065654,
          0.032767,
          -0.215457,
          0.189983,
          -0.033264,
          0.06387,
          0.093796,
          0.226097,
          -0.127149,
          -0.115309,
          -0.19312,
          0.209545,
          -0.165737,
          -0.046621,
          -0.197572,
          -0.071815,
          -0.087281,
          -0.150223,
          0.210402,
          0.109973,
          -0.069078,
          -0.109021,
          -0.042316,
          0.077893,
          -0.003685,
          -0.075702,
          0.097547,
          -0.067465,
          -0.036023,
          -0.098089,
          0.113634,
          0.177962,
          0.195271,
          0.038916,
          0.049518,
          -0.036479,
          0.040882,
          -0.035683,
          -0.06617,
          0.191896,
          0.170845,
          0.017327,
          0.130132,
          0.118624,
          0.168215,
          0.162644,
          0.144977,
          0.017022,
          -0.082068,
          0.118429,
          -0.052564,
          0.097641,
          0.1218,
          0.089334,
          -0.00716,
          -0.005076,
          -0.036944,
          -0.028512,
          -0.031193,
          -0.190279,
          0.040482,
          0.047692,
          -0.014611,
          0.053885,
          0.038036,
          -0.00247,
          -0.081533,
          0.114459,
          0.012235,
          -0.051574,
          -0.01464,
          0.206703,
          -0.063149,
          0.094545,
          0.028843,
          0.056305,
          -0.094229,
          0.080675,
          -0.03176,
          -0.052869,
          0.040917,
          -0.142879,
          0.009724,
          0.030178,
          -0.094174,
          -0.151031,
          0.177768,
          0.10064,
          -0.044983,
          0.019874,
          0.07699,
          0.030698,
          0.124547,
          -0.127934,
          -0.015591,
          0.04585,
          -0.002941,
          -0.120702,
          0.119103,
          0.069037,
          0.161868,
          -0.131465,
          -0.188868,
          0.107971,
          -0.073759,
          -0.15859,
          -0.094878,
          -0.136602,
          0.010256,
          0.088306,
          -0.05027,
          0.03023,
          -0.02447,
          0.095812,
          -0.03906,
          -0.05233,
          0.055953,
          -0.011426,
          0.146957,
          -0.008628,
          0.052301,
          -0.128799,
          0.060488,
          0.167554,
          -0.114379,
          -0.151858,
          0.193528,
          -0.005923,
          -0.156863,
          0.091208,
          0.16188,
          -0.078805,
          -0.175556,
          -0.074741,
          -0.027724,
          -0.104622,
          -0.082521,
          -0.096632,
          -0.085767,
          -0.034982,
          -0.209119,
          -0.125461,
          0.090586,
          -0.201597,
          0.118868,
          -0.176711,
          -0.066194,
          0.121043,
          -0.096337,
          0.147079,
          0.158843,
          0.112346,
          -0.212298,
          -0.178363,
          -0.082944,
          -0.018046,
          0.186965,
          0.034347,
          0.067335,
          -0.080956,
          0.015222,
          -0.032794,
          0.076099,
          0.083958,
          0.09988,
          0.065816,
          0.148701,
          -0.114826,
          0.12499,
          -0.010543,
          0.053951,
          0.147363,
          -0.153387,
          -0.007417,
          -0.145773,
          -0.011805,
          -0.231815,
          0.145736,
          0.141949,
          -0.065867,
          0.217112,
          -0.091114,
          0.032854,
          0.117945,
          0.037979,
          0.17481,
          -0.154788,
          0.046762,
          0.075754,
          0.217317,
          0.093912,
          -0.15845,
          0.166552,
          0.007488,
          -0.078466,
          0.02807,
          0.131099,
          0.150281,
          0.048427,
          0.020749,
          0.005626,
          0.000675,
          -0.01697,
          -0.122838,
          -0.222216,
          -0.113456,
          -0.036507,
          0.095971,
          -0.167004,
          0.03935,
          -0.047725,
          0.180106,
          0.079832,
          -0.146371,
          0.072813,
          0.188592,
          -0.174201,
          -0.22074,
          -0.160125,
          -0.006944,
          0.190321,
          -0.025505,
          -0.119492,
          -0.012612,
          0.000548,
          0.060178,
          0.003235,
          -0.027628,
          0.02562,
          0.247807,
          -0.026005,
          -0.106351,
          0.011688,
          -0.001037,
          0.026254,
          0.24731,
          -0.168966,
          0.081929,
          0.015356,
          -0.032802,
          -0.009912,
          -0.077624,
          0.178979,
          -0.091265,
          0.09556,
          -0.073862,
          -0.147595,
          -0.195742,
          0.191083,
          -0.107441,
          0.152734,
          0.148577,
          -0.014783,
          0.136406,
          0.04098,
          -0.016352,
          -0.155072,
          -0.130025,
          -0.098321,
          -0.170238,
          -0.003321,
          0.079476,
          -0.213163,
          -0.11543,
          -0.173076,
          -0.070299,
          0.115883,
          0.065765,
          0.035604,
          0.024409,
          -0.158778,
          -0.070821,
          -0.042644,
          -0.031581,
          0.11557,
          -0.020912,
          -0.104654,
          0.000252,
          -0.123327,
          0.206569,
          -0.006655,
          -0.020691,
          -0.050967,
          -0.172925,
          -0.164029,
          -0.042726,
          -0.128991,
          -0.164444,
          -0.054046,
          0.062708,
          -0.071278,
          0.088374,
          0.066899,
          -0.064765,
          0.17479,
          0.042013,
          0.150404,
          0.11626,
          -0.121685,
          -0.003798,
          -0.099576,
          0.128956,
          0.116236,
          0.092338,
          -0.047615,
          -0.212455,
          -0.096838,
          0.068332,
          -0.061447,
          -0.118251,
          -0.081034,
          -0.110544,
          0.002903,
          0.115211,
          0.114366,
          -0.136247,
          -0.137355,
          -0.030786,
          0.185205,
          -0.179434,
          0.023595,
          -0.140885,
          0.041582,
          -0.040004,
          0.121689,
          -0.116522,
          0.123665,
          -0.158575,
          0.065559,
          0.216803,
          -0.022782,
          0.047133,
          0.08266,
          0.056242,
          -0.040606,
          0.008435,
          -0.052347,
          -0.01536,
          -0.205751,
          0.17839,
          0.015066,
          -0.141656,
          -0.164021,
          -0.090327,
          0.017739,
          0.115623,
          -0.109259,
          -0.077676,
          0.173764,
          -0.180777,
          -0.07374,
          0.201181,
          0.113837,
          0.045773,
          -0.13352,
          0.025531,
          -0.055794,
          -0.027049,
          0.251487,
          -0.092204,
          0.093307,
          -0.180604,
          -0.193907,
          -0.024169,
          -0.055234,
          -0.002169,
          -0.037112,
          0.008386,
          0.00628,
          0.166043,
          0.027585,
          -0.186035,
          -0.148676,
          -0.048845,
          0.060831,
          -0.043191,
          0.1323,
          -0.006242,
          -0.230634,
          -0.049987,
          -0.078395,
          0.050853,
          -0.166589,
          0.065108,
          0.203121,
          0.074261,
          0.085508,
          0.014736,
          -0.119102,
          -0.099677,
          -0.161661,
          -0.099283,
          -0.109113,
          -0.007015,
          -0.039576,
          0.069031,
          0.111748,
          0.035677,
          -0.194064,
          0.023734,
          -0.107426,
          0.103125,
          0.096258,
          -0.138411,
          -0.100467,
          -0.03358,
          0.091984,
          0.019271,
          0.086245,
          0.180643,
          -0.089316,
          0.19388,
          0.112323,
          0.079799,
          -0.078428,
          0.056662,
          -0.051358,
          -0.107096,
          -0.012411,
          -0.222081,
          0.040949,
          -0.162063,
          -0.148963,
          0.067355,
          -0.143591,
          0.078776,
          0.009638,
          0.074943,
          -0.053271,
          0.155151,
          -0.01207,
          -0.117034,
          0.113846,
          -0.170008,
          0.089411,
          -0.12219,
          0.087121,
          -0.191638,
          -0.090237,
          -0.167153,
          0.025656,
          -0.07209,
          0.102119,
          0.189311,
          0.054654,
          -0.123163,
          0.049661,
          0.003269,
          0.005812,
          -0.080292,
          -0.077367,
          -0.120575,
          -0.088598,
          -0.039157,
          0.008187,
          0.000882,
          0.126465,
          -0.080366,
          0.186449,
          -0.11729,
          -0.030722,
          -0.169697,
          0.020104,
          -0.017995,
          0.128683,
          -0.16667,
          0.127389,
          0.140133,
          -0.024535,
          0.17216,
          -0.130519,
          0.041436,
          0.171916,
          -0.10416,
          -0.112084,
          0.146188,
          -0.059857,
          0.187386,
          -0.037081,
          -0.016396,
          0.01841,
          -0.120341,
          0.138885,
          -0.054376,
          0.191171,
          0.05173,
          0.153538,
          0.033181,
          -0.07489,
          0.045596,
          0.073947,
          -0.040211,
          0.055898,
          0.168325,
          0.12128,
          -0.045648,
          -0.034986,
          0.002955,
          0.065261,
          -0.021371,
          -0.10398,
          0.001135,
          -0.104508,
          -0.00376,
          0.162571,
          -0.037337,
          0.155563,
          0.201342,
          0.077622,
          0.057247,
          -0.127391,
          0.072775,
          0.022459,
          -0.008485,
          -0.13194,
          -0.012209,
          0.073668,
          -0.082832,
          -0.192067,
          -0.069201,
          0.050564,
          -0.025766,
          0.181632,
          0.002627,
          0.009964,
          -0.159816,
          0.053268,
          -0.083698,
          0.031189,
          0.079695,
          -0.010388,
          -0.032605,
          -0.090332,
          -0.030426,
          0.075569,
          0.012488,
          0.133417,
          -0.036154,
          -0.065524,
          -0.175674,
          -0.233587,
          0.181683,
          -0.154383,
          0.098818,
          0.133453,
          0.117207,
          0.118099,
          -0.088098,
          -0.154454,
          -0.200047,
          -0.117457,
          0.039062,
          0.1505,
          -0.209495,
          -0.197272,
          -0.020712,
          -0.085647,
          0.223706,
          -0.055889,
          -0.185045,
          -0.000392,
          0.08694,
          0.030255,
          -0.12858,
          -0.135511,
          -0.22377,
          -0.116399,
          -0.166829,
          -0.133475,
          -0.105813,
          -0.01336,
          0.075031,
          0.042302,
          -0.210418,
          -0.159595,
          -0.063248,
          0.211584,
          0.150814,
          0.080987,
          -0.129397,
          0.068019,
          0.066235,
          -0.049083,
          0.088557,
          0.088489,
          -0.065102,
          0.226688,
          -0.068615,
          -0.148997,
          -0.001266,
          -0.06523,
          -0.040895,
          0.098652,
          0.223276,
          0.175593,
          -0.136236,
          0.145867,
          0.201271,
          0.060265,
          0.135617,
          0.098652,
          0.118313,
          0.201021,
          0.089477,
          -0.044802,
          0.188034,
          0.036454,
          0.121896,
          0.082088,
          0.022626,
          0.222538,
          -0.095193,
          -0.115003,
          0.104602,
          0.018957,
          -0.067116,
          -0.167242,
          0.120468,
          -0.009191,
          -0.153256,
          0.061382,
          -0.102741,
          0.071147,
          -0.192822,
          -0.148449,
          -0.060935,
          0.06872,
          -0.046561,
          -0.073908,
          0.010969,
          0.016795,
          -0.076487,
          -0.11685,
          0.04681,
          -0.219279,
          -0.169506,
          -0.138769,
          -0.108076,
          -0.127165,
          0.043219,
          -0.02605,
          0.104338,
          0.068446,
          0.049549,
          -0.032201,
          -0.001452,
          0.112482,
          -0.079891,
          0.035294,
          0.051111,
          0.04042,
          -0.096503,
          0.104568,
          -0.154231,
          -0.046483,
          -0.005549,
          -0.012523,
          0.120661,
          0.028506,
          -0.120591,
          -0.228963,
          -0.207352,
          -0.049701,
          0.111987,
          0.075892,
          -0.020831,
          -0.079231,
          0.068044,
          0.135329,
          0.144058,
          -0.035295,
          -0.066002,
          0.15006,
          0.03511,
          0.013187,
          0.118234,
          0.083101,
          0.180484,
          -0.053939,
          0.127405,
          -0.119073,
          -0.045664,
          0.027763,
          -0.12026,
          -0.158789,
          -0.143596,
          -0.126522,
          -0.157666,
          -0.168907,
          0.076751,
          -0.092694,
          0.033661,
          0.123753,
          0.069719,
          0.002635,
          -0.196748,
          -0.058312,
          -0.139464,
          -0.02621,
          -0.06079,
          -0.026116,
          -0.04702,
          -0.039342,
          -0.187791,
          -0.20063,
          -0.088103,
          0.188722,
          0.031741,
          0.128813,
          -0.105567,
          -0.014122,
          0.076471,
          0.00481,
          0.023882,
          0.187544,
          0.210971,
          -0.100745,
          0.143958,
          0.054958,
          0.122079,
          -0.11787,
          0.040097,
          0.197016,
          0.128791,
          0.192955,
          0.010807,
          0.118756,
          0.094705,
          0.124084,
          0.025361,
          0.027509,
          -0.055493,
          0.138677,
          -0.137824,
          -0.083451,
          0.034941,
          -0.001426,
          -0.019192,
          -0.109454,
          -0.047473,
          -0.028456,
          -0.216802,
          0.115685,
          -0.165145,
          -0.045782,
          0.116096,
          0.001934,
          0.039237,
          -0.011187,
          0.173917,
          -0.141891,
          0.0763,
          0.200812,
          0.162298,
          -0.00202,
          -0.137909,
          -0.12407,
          -0.106179,
          0.19904,
          -0.07684,
          0.16865,
          -0.071437,
          -0.090044,
          0.13912,
          -0.123245,
          -0.127459,
          -0.04743,
          0.041053,
          0.146842,
          -0.049972,
          -0.175042,
          0.049814,
          -0.166193,
          0.03804,
          -0.081351,
          0.223467,
          -0.091813,
          -0.012761,
          0.031553,
          0.152411,
          0.029843,
          0.115074,
          -0.190291,
          0.067538,
          0.123863,
          -0.10547,
          0.135652,
          -0.10222,
          -0.184868,
          0.01517,
          0.03597,
          -0.153256,
          0.191928,
          0.114115,
          -0.126539,
          -0.209398,
          0.086246,
          -0.02778,
          0.212754,
          -0.148081,
          0.097865,
          0.119232,
          0.03765,
          -0.034987,
          0.173716,
          0.071148,
          -0.011646,
          -0.029925,
          -0.144883,
          0.068237,
          -0.097932,
          -0.066457,
          0.086305,
          -0.160664,
          -0.064531,
          0.197325,
          0.155925,
          -0.124085,
          -0.06764,
          0.144312,
          0.155889,
          -0.181753,
          -0.05234,
          -0.058521,
          -0.138434,
          0.13898,
          0.114898,
          -0.083973,
          -0.091519,
          -0.148351,
          -0.221088,
          0.091057,
          -0.010591,
          -0.172799,
          -0.21595,
          0.120555,
          0.16769,
          0.016542,
          -0.011828,
          -0.167034,
          0.164462,
          -0.172888,
          -0.059044,
          -0.227347,
          -0.164764,
          0.1072,
          0.205397,
          -0.092562,
          -0.15467,
          0.144515,
          0.102635,
          -0.008642,
          0.08441,
          0.128382,
          0.08434,
          -0.051935,
          -0.004322,
          0.203202,
          -0.097266,
          -0.067818,
          -0.115003,
          -0.017733,
          -0.09377,
          0.011,
          -0.003969,
          0.11875,
          -0.072512,
          -0.195604,
          0.086633,
          0.142722,
          0.166215,
          0.151013,
          -0.138505,
          0.044964,
          -0.171696,
          0.123888,
          0.057874,
          -0.02061,
          0.021613,
          0.19052,
          -0.114024,
          0.012177,
          0.008619,
          0.028193,
          -0.160362,
          -0.14547,
          0.128258,
          -0.001206,
          -0.158624,
          0.015896,
          -0.003112,
          0.212944,
          0.10264,
          -0.153448,
          0.011259,
          0.042121,
          0.129234,
          0.117653,
          -0.078477,
          0.138956,
          -0.132643,
          -0.082465,
          -0.068853,
          -0.207872,
          0.01306,
          -0.023729,
          -0.134299,
          -0.163208,
          0.06656,
          -0.18916,
          -0.083999,
          0.070682,
          0.031039,
          0.0649,
          0.138172,
          -0.157461,
          -0.0258,
          0.042722,
          0.025879,
          -0.132301,
          -0.015594,
          0.066462,
          0.08394,
          0.126642,
          -0.057241,
          -0.055781,
          0.134538,
          0.100068,
          -0.038023,
          -0.133183,
          -0.093227,
          -0.215312,
          0.097236,
          -0.050527,
          0.162192,
          0.185127,
          0.235627,
          0.074471,
          0.255148,
          -0.057457,
          -0.061389,
          -0.105395,
          -0.24474,
          0.136881,
          -0.101731,
          -0.003567,
          -0.023252,
          0.143757,
          0.071785,
          -0.0374,
          0.09883,
          0.088175,
          0.060919,
          -0.070044,
          -0.117481,
          0.063462,
          0.080016,
          -0.093583,
          -0.144156,
          -0.177724,
          -0.012095,
          0.153877,
          -0.191729,
          0.240483,
          0.024357,
          -0.163494,
          -0.061671,
          -0.106902,
          -0.042412,
          0.032953,
          0.098035,
          -0.045202,
          0.189365,
          -0.126216,
          0.000564,
          0.033706,
          -0.249792,
          -0.217402,
          0.114146,
          0.216575,
          -0.168028,
          0.055566,
          0.085157,
          -0.108565,
          -0.067374,
          -0.164499,
          0.099682,
          -0.045767,
          -0.075781,
          0.095756,
          0.086315,
          -0.1468,
          0.05157,
          0.075308,
          0.03364,
          0.102625,
          -0.133484,
          0.190635,
          0.176203,
          -0.236958,
          -0.183709,
          -0.12657,
          0.041491,
          -0.007725,
          0.015531,
          0.0917,
          -0.058602,
          0.104057,
          -0.086736,
          0.106507,
          0.090917,
          -0.080271,
          -0.224982,
          0.178003,
          0.125544,
          0.008722,
          -0.035265,
          -0.155443,
          -0.092506,
          -0.004059,
          0.20215,
          0.107467,
          0.154006,
          -0.168605,
          0.098451,
          -0.089211,
          0.185551,
          0.156781,
          0.096464,
          -0.023078,
          0.09046,
          0.033367,
          -0.180194,
          -0.084365,
          0.06898,
          -0.053175,
          -0.088858,
          0.125749,
          0.070725,
          -0.143214,
          -0.17033,
          -0.13664,
          0.12605,
          -0.020748,
          0.138169,
          -0.162861,
          -0.154661,
          -0.073222,
          -0.090901,
          0.043026,
          0.216401,
          -0.038949,
          0.133006,
          0.162417,
          -0.145555,
          0.086626,
          0.074158,
          0.111155,
          0.172056,
          0.116954,
          -0.023276,
          0.13323,
          -0.00454,
          0.194243,
          0.124227,
          -0.139565,
          -0.137832,
          -0.171468,
          0.077849,
          0.118664,
          0.157401,
          0.01795,
          0.14649,
          -0.005669,
          -0.055642,
          0.205204,
          0.195205,
          -0.208756,
          0.01522,
          -0.003537,
          0.184958,
          0.204621,
          0.010288,
          -0.10367,
          -0.120162,
          0.17307,
          -0.077798,
          0.219122,
          -0.046502,
          -0.036208,
          -0.092416,
          0.133415,
          0.164635,
          0.002464,
          0.070926,
          -0.169982,
          0.004265,
          -0.03204,
          0.066499,
          -0.083911,
          -0.047745,
          -0.001652,
          -0.206595,
          0.034527,
          0.069757,
          0.021664,
          -0.093447,
          0.043963,
          -0.068134,
          -0.006848,
          -0.021554,
          -0.093565,
          0.084986,
          0.051441,
          -0.139552,
          0.133297,
          -0.06692,
          0.028223,
          -0.141544,
          0.049633,
          0.150914,
          -0.000436,
          -0.002648,
          0.081893,
          -0.12877,
          -0.086965,
          -0.152581,
          -0.067699,
          0.068809,
          0.030009,
          0.001376,
          -0.053605,
          0.046113,
          0.039476,
          -0.098861,
          -0.046061,
          -0.055294,
          -0.149368,
          -0.114918,
          -0.150557,
          -0.285601,
          0.084429,
          -0.100911,
          0.141456,
          -0.043881,
          -0.034312,
          0.016476,
          0.086081,
          0.218675,
          -0.045725,
          -0.012675,
          -0.157359,
          -0.123744,
          0.002483,
          -0.119134,
          0.113183,
          0.104785,
          0.242471,
          -0.027955,
          0.086788,
          -0.106544,
          -0.080835,
          0.22816,
          -0.028637,
          -0.151957,
          0.001831,
          0.074277,
          0.04993,
          -0.056699,
          -0.157423,
          0.050171,
          -0.048558,
          0.042886,
          0.175283,
          -0.076858,
          0.052567,
          -0.190704,
          -0.006221,
          0.010716,
          -0.126675,
          0.102783,
          -0.186144,
          -0.035071,
          -0.158645,
          0.034322,
          0.141818,
          -0.063484,
          0.12866,
          0.012613,
          -0.061778,
          0.096826,
          -0.124968,
          0.13892,
          -0.220501,
          -0.084924,
          -0.133564,
          -0.137141,
          -0.162352,
          0.019243,
          0.218597,
          0.162394,
          0.043194,
          -0.011804,
          -0.149955,
          -0.104884,
          0.047203,
          -0.16516,
          0.211182,
          0.198439,
          -0.044652,
          -0.043811,
          0.16415,
          -0.023791,
          -0.016632,
          0.093563,
          -0.103657,
          -0.169852,
          -0.028476,
          0.041283,
          -0.044186,
          -0.007961,
          -0.094259,
          -0.034204,
          0.121295,
          0.095137,
          0.208838,
          0.009344,
          -0.092299,
          -0.028179,
          -0.104355,
          0.151094,
          -0.056211,
          0.042413,
          -0.215528,
          -0.061777,
          -0.059971,
          -0.009883,
          0.031603,
          -0.022591,
          -0.006677,
          0.127066,
          0.21415,
          0.000942,
          0.177283,
          -0.143601,
          -0.057441,
          -0.158497,
          -0.006935,
          -0.073574,
          0.026366,
          -0.060918,
          -0.226436,
          -0.112286,
          0.218745,
          0.105806,
          0.150533,
          0.178852,
          -0.14868,
          0.008333,
          -0.145395,
          0.108461,
          -0.176831,
          -0.14769,
          -0.162141,
          0.078538,
          0.016375,
          -0.074951,
          0.017012,
          -0.146799,
          0.013432,
          0.097479,
          0.026003,
          0.058405,
          0.163703,
          -0.184969,
          -0.205626,
          -0.154021,
          0.18228,
          0.081298,
          0.062171,
          -0.152198,
          -0.068909,
          0.058184,
          0.083343,
          -0.084839,
          0.042619,
          -0.01121,
          0.24421,
          -0.159026,
          0.090335,
          -0.110716,
          0.092174,
          0.108925,
          -0.062444,
          -0.025829,
          0.052425,
          -0.215767,
          0.145238,
          -0.195135,
          -0.025031,
          0.131981,
          -0.019339,
          -0.066602,
          0.038242,
          0.02255,
          0.010984,
          -0.160644,
          -0.053412,
          0.163168,
          -0.064247,
          0.129744,
          -0.179352,
          -0.184298,
          0.190183,
          -0.075398,
          0.068015,
          0.052563,
          0.157889,
          0.118648,
          0.086433,
          -0.18896,
          0.07141,
          -0.049936,
          0.120934,
          0.180233,
          -0.054528,
          -0.051478,
          0.030857,
          -0.055951,
          -0.212611,
          -0.138055,
          -0.000295,
          -0.205232,
          -0.052603,
          -0.136161,
          0.029779,
          0.182427,
          0.039432,
          0.170806,
          0.036145,
          -0.177227,
          0.114243,
          -0.023438,
          0.11494,
          -0.060937,
          -0.106012,
          0.141687,
          -0.238262,
          0.033022,
          0.036182,
          -0.004871,
          0.002865,
          -0.175753,
          -0.134699,
          -0.112866,
          0.055036,
          -0.094156,
          -0.138324,
          0.056736,
          -0.031703,
          0.024095,
          -0.200625,
          -0.163804,
          0.025323,
          -0.109039,
          -0.193891,
          -0.052057,
          0.063338,
          -0.028884,
          0.091268,
          -0.01995,
          0.093596,
          -0.00863,
          -0.163889,
          -0.050498,
          -0.031351,
          -0.216959,
          0.059935,
          0.100931,
          0.033354,
          -0.098347,
          -0.161836,
          0.142072,
          0.174588,
          0.008104,
          0.160901,
          -0.18152,
          -0.152986,
          -0.013641,
          -0.084138,
          0.03592,
          -0.14301,
          0.009427,
          -0.102577,
          0.043079,
          0.169689,
          0.070871,
          -0.047361,
          0.111628,
          0.033184,
          0.169801,
          0.005607,
          -0.138954,
          0.260226,
          -0.190633,
          -0.017683,
          -0.03604,
          0.076331,
          0.065612,
          0.001344,
          0.030044,
          0.234572,
          -0.125005,
          -0.078814,
          -0.099597,
          -0.082694,
          -0.020111,
          -0.158713,
          -0.020026,
          0.00649,
          0.094688,
          0.114817,
          0.128564,
          0.170472,
          -0.105167,
          -0.117509,
          0.188678,
          0.133695,
          -0.065585,
          0.192137,
          -0.022366,
          0.016798,
          -0.181986,
          -0.116019,
          0.189786,
          -0.007767,
          -0.234073,
          0.178294,
          -0.14898,
          -0.016848,
          0.071297,
          -0.133894,
          -0.0942,
          0.072873,
          0.127745,
          0.078528,
          0.18991,
          0.062483,
          0.121184,
          -0.18302,
          -0.055018,
          0.148432,
          -0.089019,
          0.069075,
          -0.038469,
          0.120287,
          0.09712,
          -0.107182,
          -0.076232,
          0.102816,
          0.032104,
          0.13112,
          0.134338,
          -0.042581,
          -0.148637,
          0.037108,
          0.04756,
          -0.011558,
          0.019462,
          0.042839,
          -0.033942,
          0.226825,
          0.129051,
          0.050009,
          0.062649,
          0.076841,
          0.134686,
          0.023309,
          -0.097934,
          -0.088191,
          0.079345,
          -0.081953,
          0.027679,
          -0.004105,
          -0.149563,
          -0.046544,
          0.141566,
          -0.141483,
          0.101268,
          -0.095439,
          0.016062,
          -0.147824,
          -0.11274,
          0.251623,
          0.040676,
          0.090145,
          -0.07246,
          -0.028922,
          0.111688,
          0.112117,
          -0.038281,
          -0.110571,
          0.13304,
          0.099805,
          -0.059768,
          -0.012364,
          0.113554,
          0.200106,
          0.08486,
          -0.108916,
          0.19476,
          -0.21054,
          0.083951,
          0.093807,
          0.11977,
          -0.067047,
          0.136563,
          -0.039404,
          -0.066019,
          0.148264,
          0.012546,
          0.141763,
          -0.08967,
          0.014502,
          0.03455,
          -0.095259,
          -0.096649,
          -0.00023,
          0.066106,
          -0.046176,
          -0.182621,
          0.189245,
          -0.022478,
          0.159708,
          -0.136928,
          0.130533,
          0.163829,
          0.158447,
          0.116317,
          0.091422,
          0.013639,
          0.043264,
          -0.164066,
          -0.116663,
          -0.047328,
          0.215322,
          -0.053814,
          -0.050193,
          -0.155798,
          -0.021901,
          -0.016602,
          0.103016,
          -0.101618,
          0.096115,
          0.239767,
          -0.030058,
          -0.098253,
          -0.006519,
          0.167041,
          -0.101565,
          0.12585,
          0.073572,
          -0.092203,
          -0.061563,
          0.163045,
          0.085347,
          -0.109968,
          0.122924,
          0.128744,
          -0.060468,
          0.143157,
          0.187834,
          -0.142641,
          -0.136721,
          0.133607,
          -0.081014,
          -0.112457,
          0.141204,
          -0.042872,
          0.220473,
          -0.084501,
          -0.043831,
          0.136691,
          -0.006136,
          0.119163,
          0.049108,
          0.02926,
          -0.094965,
          -0.02571,
          0.204361,
          0.140929,
          0.003889,
          -0.085965,
          -0.091841,
          0.117136,
          0.051127,
          0.069784,
          0.101546,
          0.178559,
          0.126211,
          -0.064851,
          -0.130238,
          0.102388,
          -0.037262,
          -0.073557,
          0.092749,
          -0.198681,
          -0.00479,
          0.179355,
          0.168166,
          0.037449,
          0.248335,
          0.015985,
          -0.096074,
          0.160994,
          0.083019,
          -0.057671,
          -0.185464,
          -0.181835,
          0.164606,
          0.168314,
          0.162145,
          -0.005137,
          -0.208942,
          -0.010963,
          0.13126,
          0.093929,
          -0.157419,
          -0.107531,
          -0.002429,
          0.054739,
          0.001543,
          -0.078086,
          0.044669,
          0.14692,
          -0.160923,
          0.042395,
          -0.06844,
          -0.044485,
          -0.051116,
          0.073095,
          -0.038485,
          -0.107904,
          0.128079,
          0.021305,
          0.107165,
          -0.124817,
          0.028542,
          -0.146762,
          -0.148465,
          0.240931,
          -0.052492,
          0.194842,
          0.132348,
          -0.00054,
          0.1216,
          -0.106782,
          0.169669,
          0.111069,
          -0.109424,
          0.180776,
          0.065885,
          0.015566,
          0.015226,
          -0.033364,
          0.000926,
          -0.137141,
          0.083367,
          0.011737,
          0.182373,
          -0.121112,
          0.021446,
          0.162929,
          0.124699,
          0.001296,
          0.016128,
          -0.145414,
          -0.135938,
          -0.169943,
          -0.118244,
          -0.200659,
          -0.064453,
          -0.173812,
          0.004538,
          -0.158854,
          -0.060232,
          -0.012457,
          0.052353,
          0.096337,
          -0.086773,
          -0.157783,
          -0.064588,
          0.146037,
          -0.186481,
          -0.075855,
          0.020359,
          -0.056162,
          -0.099818,
          -0.156563,
          -0.010129,
          -0.163005,
          0.048558,
          -0.126823,
          -0.205387,
          -0.02447,
          -0.11717,
          0.039734,
          0.078582,
          0.039919,
          0.059415,
          -0.1924,
          0.090951,
          -0.063116,
          -0.160114,
          -0.045103,
          -0.20948,
          0.058107,
          -0.116585,
          -0.069046,
          0.166082,
          -0.147226,
          -0.133963,
          -0.18104,
          -0.054265,
          -0.137853,
          -0.176714,
          0.128,
          -0.211194,
          -0.144351,
          0.011443,
          -0.020944,
          -0.178419,
          0.012671,
          0.11921,
          -0.075902,
          -0.067983,
          -0.042267,
          0.018518,
          0.103689,
          0.036273,
          -0.124735,
          0.116833,
          -0.019984,
          -0.030059,
          -0.099959,
          -0.16276,
          0.092067,
          -0.078969,
          0.004978,
          0.109486,
          -0.146259,
          0.047141,
          0.017683,
          -0.0042,
          0.033481,
          -0.150804,
          0.095884,
          0.096867,
          -0.052323,
          -0.002681,
          -0.138182,
          -0.00394,
          0.114877,
          -0.034388,
          0.083333,
          0.112609,
          -0.061989,
          -0.085161,
          0.003152,
          -0.133018,
          0.041688,
          -0.172458
        ],
        "ff1B": [
          -0.018836,
          0.010853,
          0.009402,
          0.014891,
          -0.035678,
          -0.017847,
          -0.028924,
          -0.020443,
          -0.012927,
          0.020705,
          -0.017681,
          0.009026,
          -0.007033,
          -0.032394,
          -0.017343,
          0.02453,
          0.000798,
          -0.022762,
          0.008346,
          0.005482,
          0.019128,
          -0.002366,
          0.012752,
          0.025519,
          -0.033052,
          0.005076,
          0.0319,
          -0.051469,
          -0.014391,
          -0.003853,
          -0.021142,
          0.013541,
          0.014436,
          0.020299,
          -0.003847,
          -7.1e-05,
          0.037821,
          0.001076,
          0.010935,
          0.003828,
          0.024009,
          0.031743,
          -0.019143,
          -0.016445,
          0.013245,
          0.043222,
          0.008938,
          0.012996,
          0.046926,
          0.029833,
          -0.058864,
          -0.014312,
          -0.008098,
          -0.029929,
          0.010112,
          -0.000772,
          -0.008889,
          -0.015176,
          0.021793,
          0.020892,
          0.007409,
          -0.014411,
          -0.002697,
          -0.007626,
          -0.025584,
          0.005124,
          -0.001237,
          -0.010451,
          0.013546,
          0.039996,
          0.025985,
          0.012813,
          0.017085,
          -0.00875,
          0.018917,
          0.01143,
          0.022896,
          0.019813,
          -0.007337,
          0.005519,
          0.017954,
          0.027907,
          0.007451,
          0.02771,
          0.006604,
          0.014561,
          0.017138,
          -0.027785,
          0.001547,
          -0.00287,
          0.014981,
          0.003435,
          -0.015447,
          -0.01334,
          0.017737,
          0.008276,
          -0.014458,
          -0.009292,
          -0.008354,
          -0.037551,
          -0.026373,
          0.025367,
          0.008568,
          0.029244,
          -0.013122,
          0.018659,
          -0.001264,
          0.015894,
          0.001684,
          -0.017831,
          0.000675,
          0.011419,
          -0.013152,
          0.017775,
          0.011611,
          -0.008532,
          0.002908,
          -0.02751,
          0.021203,
          0.033978,
          0.009649,
          -0.00655,
          0.001824,
          -0.035328,
          0.012833,
          0.008111,
          0.016344,
          -0.016045
        ],
        "ff2W": [
          0.120501,
          -0.154983,
          0.012442,
          -0.162136,
          -0.162874,
          -0.091578,
          0.059675,
          -0.132223,
          0.067788,
          0.076696,
          -0.178742,
          -0.146657,
          0.165729,
          0.031998,
          -0.145201,
          -0.02433,
          -0.054873,
          0.049392,
          0.17493,
          -0.016423,
          0.151057,
          -0.040869,
          0.156189,
          -0.048166,
          -0.024618,
          -0.098067,
          0.086097,
          -0.066469,
          0.121608,
          -0.100547,
          0.097647,
          -0.179715,
          0.084923,
          0.149065,
          -0.0608,
          0.057263,
          -0.086336,
          -0.090439,
          0.057151,
          0.083212,
          -0.133084,
          0.172311,
          -0.153534,
          0.111033,
          0.268031,
          -0.087507,
          -0.018014,
          0.140321,
          -0.098368,
          -0.073471,
          0.048111,
          0.155481,
          -0.177716,
          0.069173,
          -0.103299,
          -0.119538,
          -0.008967,
          -0.194677,
          -0.042767,
          0.14949,
          0.121847,
          -0.030819,
          0.034785,
          -0.193357,
          0.061103,
          0.065536,
          0.143916,
          -0.11352,
          -0.093288,
          0.073931,
          0.038593,
          -0.068211,
          0.085948,
          -0.109303,
          -0.045849,
          0.136112,
          0.119827,
          -0.142748,
          -0.152506,
          -0.098486,
          0.08162,
          0.128322,
          0.185986,
          0.162343,
          0.096361,
          0.199903,
          -0.115784,
          0.166613,
          -0.084198,
          -0.004798,
          -0.02413,
          0.129553,
          -0.154506,
          -0.081537,
          0.122851,
          0.143948,
          0.058425,
          0.023699,
          -0.193754,
          0.136042,
          -0.026863,
          -0.14034,
          -0.157981,
          0.073758,
          0.027466,
          -0.176726,
          0.05989,
          0.032998,
          -0.02956,
          -0.027527,
          0.063966,
          0.179414,
          -0.134263,
          -0.112307,
          0.041537,
          0.207494,
          -0.015576,
          0.005485,
          0.01692,
          -0.099417,
          0.051142,
          0.096357,
          -0.119831,
          -0.110768,
          -0.061547,
          0.090764,
          -0.16826,
          0.159522,
          0.133271,
          -0.02463,
          -0.046636,
          -0.085728,
          -0.158613,
          -0.157041,
          0.094734,
          0.187039,
          -0.043213,
          -0.134119,
          0.105773,
          -0.134141,
          -0.062023,
          0.042628,
          0.13133,
          -0.038161,
          0.034503,
          -0.088963,
          -0.124105,
          -0.005085,
          -0.000649,
          0.051414,
          -0.016646,
          -0.059298,
          -0.045025,
          -0.074642,
          0.151305,
          0.029977,
          -0.08736,
          0.026435,
          -0.124137,
          -0.179583,
          0.144051,
          -0.12881,
          0.070391,
          -0.069859,
          0.047458,
          0.118962,
          0.175038,
          0.054936,
          0.110819,
          -0.031304,
          -0.059318,
          -0.165317,
          -0.028501,
          0.088141,
          0.203363,
          -0.036678,
          -0.035874,
          0.158895,
          0.030521,
          0.197273,
          0.085367,
          0.159738,
          0.053228,
          0.028433,
          -0.130332,
          -0.072779,
          -0.008092,
          -0.007174,
          -0.131956,
          -0.107563,
          0.014537,
          0.013529,
          -0.14309,
          0.082553,
          0.073516,
          -0.179937,
          0.034204,
          -0.167509,
          0.026096,
          -0.208302,
          -0.105567,
          -0.010523,
          0.034282,
          -0.165118,
          -0.176423,
          -0.171969,
          -0.17347,
          0.049856,
          0.154327,
          -0.128779,
          -0.024726,
          0.068696,
          -0.057341,
          -0.008842,
          -0.141211,
          -0.185715,
          -0.004016,
          -0.053085,
          -0.099281,
          -0.096478,
          0.117121,
          0.017461,
          -0.079855,
          -0.082011,
          0.099866,
          -0.061024,
          0.145014,
          -0.131923,
          0.047631,
          -0.017698,
          0.112595,
          -0.009978,
          0.121466,
          -0.120627,
          -0.109547,
          -0.092204,
          -0.053492,
          0.181555,
          0.192131,
          -0.071084,
          -0.133964,
          -0.165987,
          -0.10938,
          -0.053386,
          -0.131662,
          0.079128,
          0.134434,
          0.007215,
          0.060829,
          -0.20752,
          -0.103148,
          -0.122543,
          -0.162366,
          -0.096106,
          0.00882,
          -0.068907,
          0.126299,
          0.149556,
          0.209119,
          -0.144896,
          -0.046949,
          0.078006,
          0.162331,
          0.134401,
          0.045704,
          0.118661,
          0.167246,
          -0.180094,
          0.070835,
          0.138474,
          -0.056435,
          0.034928,
          -0.205051,
          0.028679,
          -0.005644,
          -0.046281,
          0.105437,
          0.087878,
          0.195262,
          -0.034154,
          0.066297,
          -0.170868,
          -0.207871,
          0.054114,
          -0.08611,
          -0.121426,
          -0.156469,
          0.015846,
          0.180537,
          0.068894,
          -0.019874,
          -0.030019,
          0.026875,
          -0.03186,
          -0.142789,
          0.044137,
          -0.065512,
          -0.077708,
          0.165065,
          -0.000478,
          0.131348,
          -0.173669,
          0.210957,
          0.065574,
          -0.044887,
          0.209055,
          0.184733,
          0.014579,
          -0.056797,
          -0.155549,
          0.027742,
          -0.193649,
          -0.092892,
          0.185797,
          0.156891,
          -0.064721,
          0.125225,
          -0.105864,
          -0.180882,
          0.15616,
          -0.128054,
          0.125849,
          0.147415,
          0.037058,
          0.122657,
          -0.153228,
          -0.173246,
          0.180741,
          -0.058734,
          0.113288,
          -0.059602,
          0.131609,
          -0.133307,
          0.135568,
          -0.123232,
          0.156562,
          0.029703,
          0.072635,
          -0.09333,
          -0.111054,
          -0.149044,
          0.176941,
          -0.044674,
          -0.135445,
          -0.165145,
          0.141168,
          0.094437,
          -0.044272,
          0.148667,
          -0.040391,
          -0.086299,
          0.17854,
          0.066657,
          -0.153099,
          -0.102283,
          0.172648,
          -0.162227,
          -0.114711,
          -0.032508,
          -0.081916,
          -0.09355,
          0.075471,
          -0.156507,
          -0.113974,
          -0.070718,
          0.017707,
          0.088965,
          -0.046536,
          0.036796,
          -0.056135,
          0.002099,
          -0.106078,
          0.016177,
          -0.027559,
          -0.142281,
          -0.116503,
          -0.21118,
          -0.103008,
          -0.100019,
          -0.016556,
          0.054814,
          -0.22755,
          0.068132,
          -0.1885,
          0.066265,
          0.137054,
          -0.073821,
          -0.134642,
          0.097989,
          -0.156005,
          -0.025185,
          -0.113033,
          0.164462,
          0.15201,
          0.027993,
          0.024597,
          0.138528,
          0.137426,
          -0.054257,
          -0.096153,
          -0.087716,
          -0.065984,
          0.064961,
          -0.017566,
          -0.057615,
          -0.20338,
          -0.064897,
          -0.107975,
          0.139654,
          -0.049769,
          -0.059287,
          0.095647,
          0.074779,
          -0.00725,
          0.039129,
          -0.035999,
          -0.097568,
          0.151799,
          0.000823,
          -0.03044,
          0.065061,
          -0.157948,
          -0.033424,
          0.106776,
          -0.062736,
          -0.109597,
          0.136987,
          0.065646,
          -0.078813,
          0.126586,
          0.113106,
          0.045268,
          0.115769,
          0.084421,
          -0.11006,
          -0.169509,
          0.003741,
          0.028372,
          -0.0846,
          0.169874,
          -0.099722,
          -0.06596,
          -0.154335,
          0.126889,
          0.152205,
          0.176759,
          0.012638,
          -0.206135,
          0.019151,
          -0.05989,
          -0.064046,
          -0.058622,
          0.107479,
          -0.03279,
          -0.053927,
          -0.11628,
          -0.037409,
          0.083467,
          0.147489,
          -0.115307,
          0.056552,
          -0.139345,
          0.116754,
          -0.178509,
          -0.080814,
          -0.15806,
          0.098667,
          0.024164,
          -0.121379,
          -0.055259,
          0.021303,
          -0.149058,
          0.189817,
          0.161432,
          -0.06102,
          0.037058,
          0.041037,
          -0.112355,
          0.022477,
          -0.14985,
          -0.038552,
          -0.067314,
          -0.046111,
          0.116909,
          -0.09355,
          0.001077,
          -0.130531,
          0.043357,
          0.07855,
          0.018107,
          -0.03517,
          -0.095925,
          0.093077,
          -0.160468,
          -0.014185,
          -0.139326,
          -0.021083,
          0.18378,
          0.109949,
          -0.121854,
          0.161609,
          0.080337,
          0.204928,
          -0.075225,
          0.119324,
          -0.091092,
          -0.027632,
          -0.024825,
          0.023151,
          -0.084992,
          -0.139222,
          -0.212187,
          -0.210281,
          0.006637,
          0.151652,
          0.109145,
          -0.037666,
          -0.020665,
          0.157092,
          0.065269,
          0.037309,
          -0.177354,
          0.160772,
          0.160154,
          0.076665,
          0.015463,
          -0.064563,
          0.03849,
          -0.184417,
          -0.145993,
          -0.130874,
          0.16507,
          -0.075207,
          -0.010874,
          -0.096078,
          0.025799,
          0.001614,
          0.080945,
          0.030952,
          -0.082892,
          -0.109974,
          0.282017,
          -0.189873,
          0.004415,
          0.209821,
          -0.106943,
          0.156289,
          0.049654,
          -0.053514,
          -0.00282,
          0.134064,
          0.061457,
          -0.01822,
          0.144564,
          0.144421,
          0.136987,
          0.122116,
          -0.059035,
          0.056007,
          -0.178234,
          -0.022024,
          0.016529,
          -0.154653,
          -0.073701,
          0.177537,
          0.093381,
          0.121851,
          0.039186,
          -0.043901,
          0.116475,
          0.093973,
          -0.058544,
          0.019785,
          0.04716,
          0.020338,
          -0.08694,
          -0.188485,
          0.189074,
          0.07598,
          -0.043543,
          0.194093,
          0.035915,
          -0.139126,
          -0.196666,
          -0.12886,
          -0.086217,
          0.161975,
          0.08065,
          0.232629,
          -0.064324,
          -0.149588,
          0.227566,
          -0.233472,
          -0.162965,
          0.134438,
          0.091363,
          -0.134683,
          -0.038873,
          -0.065687,
          -0.209482,
          0.072561,
          -0.166585,
          0.101031,
          0.15367,
          -0.124163,
          -0.194107,
          0.08499,
          0.075821,
          -0.004137,
          -0.128226,
          0.057928,
          -0.057155,
          -0.131333,
          -0.156171,
          -0.018548,
          -0.15584,
          0.050954,
          0.103336,
          0.106067,
          -0.191114,
          0.026403,
          -0.169992,
          0.176009,
          -0.172088,
          0.093173,
          -0.171586,
          -0.01585,
          -0.009447,
          -0.022946,
          -0.078948,
          0.122768,
          0.089743,
          -0.115187,
          -0.056487,
          -0.075422,
          0.203038,
          -0.100927,
          0.110571,
          -0.048475,
          0.029652,
          -0.193248,
          0.212207,
          -0.173767,
          0.153133,
          0.036712,
          0.109722,
          0.146359,
          0.192314,
          0.158416,
          0.073437,
          -0.222962,
          0.162385,
          -0.038836,
          0.020436,
          0.015178,
          -0.138332,
          0.070961,
          0.018514,
          0.095415,
          -0.19245,
          0.079809,
          0.220073,
          0.187355,
          0.17461,
          -0.170998,
          -0.112758,
          0.029255,
          -0.082348,
          -0.165288,
          0.080159,
          -0.080459,
          0.019428,
          -0.175538,
          -0.150207,
          -0.024511,
          -0.062319,
          0.12033,
          -0.053555,
          0.103038,
          0.022856,
          0.158375,
          -0.008323,
          -0.107246,
          0.031347,
          0.128189,
          0.028356,
          -0.114564,
          -0.089391,
          0.06144,
          0.106554,
          0.066948,
          -0.154194,
          0.023044,
          -0.176957,
          -0.11584,
          -0.032752,
          0.176636,
          0.106757,
          -0.156558,
          -0.031322,
          -0.051193,
          0.110787,
          0.086892,
          0.049812,
          0.180479,
          -0.018268,
          -0.052789,
          -0.037332,
          -0.178595,
          0.149067,
          0.018664,
          -0.049921,
          0.167374,
          -0.194587,
          0.021065,
          0.010224,
          -0.115606,
          -0.123446,
          0.19744,
          -0.008495,
          -0.150459,
          0.130392,
          -0.139886,
          0.125846,
          -0.121781,
          0.185588,
          -0.048538,
          -0.08468,
          0.141299,
          -0.140718,
          0.100591,
          -0.173508,
          0.137038,
          -0.195934,
          -0.19584,
          -0.202715,
          0.11898,
          0.192291,
          0.106646,
          0.14453,
          -0.029215,
          -0.125936,
          -0.002687,
          0.190193,
          0.016069,
          -0.188288,
          -0.132395,
          0.05613,
          0.071324,
          0.169903,
          -0.072958,
          0.087128,
          -0.08324,
          0.150766,
          -0.067764,
          0.096383,
          -0.001763,
          0.213569,
          -0.10862,
          0.177489,
          -0.19438,
          -0.048299,
          0.147075,
          0.16937,
          -0.126551,
          -0.047993,
          -0.151187,
          -0.108232,
          -0.097326,
          -0.074429,
          0.141243,
          0.200743,
          -0.06467,
          0.116398,
          -0.049886,
          0.189702,
          -0.134135,
          0.05632,
          0.088595,
          0.063596,
          -0.032937,
          0.178327,
          -0.132957,
          0.009826,
          0.143406,
          -0.023353,
          0.17398,
          0.12234,
          0.141575,
          -0.088534,
          0.162573,
          0.169792,
          -0.057656,
          -0.173878,
          0.013436,
          0.184366,
          0.080341,
          0.115894,
          -0.096783,
          -0.064276,
          -0.180081,
          -0.148586,
          -0.223217,
          -0.03176,
          -0.112025,
          -0.025054,
          -0.031293,
          0.089469,
          0.077407,
          -0.024746,
          -0.138475,
          -0.120401,
          0.193459,
          0.204905,
          -0.204662,
          -0.150184,
          -0.22048,
          0.156067,
          -0.104524,
          0.165936,
          -0.132429,
          0.141536,
          -0.03321,
          0.05248,
          0.040298,
          0.009277,
          0.094047,
          0.110665,
          0.125726,
          0.172559,
          0.044076,
          -0.151664,
          -0.22069,
          -0.120624,
          -0.041856,
          0.119266,
          -0.112815,
          0.085949,
          0.158922,
          0.032718,
          0.136303,
          0.02581,
          0.067527,
          -0.033287,
          -0.105139,
          0.02517,
          0.113526,
          0.181058,
          -0.093411,
          -0.113729,
          0.065329,
          0.113848,
          -0.048271,
          -0.156245,
          -0.215541,
          -0.050843,
          -0.096448,
          0.002575,
          0.150114,
          0.070746,
          -0.061193,
          -0.015988,
          0.148178,
          -0.008689,
          -0.145267,
          0.079679,
          -0.063486,
          0.151343,
          0.090693,
          -0.188403,
          -0.205843,
          -0.004908,
          -0.125845,
          -0.176076,
          0.09362,
          0.041408,
          -0.027992,
          0.01527,
          -0.045907,
          -0.063258,
          -0.071913,
          0.14824,
          -0.156407,
          -0.100008,
          0.030252,
          0.075113,
          -0.160822,
          0.097678,
          0.072927,
          0.083411,
          -0.058179,
          0.069763,
          0.097991,
          0.150308,
          -0.154034,
          0.03574,
          0.104263,
          -0.092391,
          0.084153,
          0.120787,
          0.183302,
          -0.089641,
          -0.068677,
          0.108263,
          0.153512,
          0.030428,
          -0.094641,
          -0.153769,
          -0.03973,
          -0.045409,
          -0.172235,
          0.041663,
          -0.035255,
          0.050314,
          0.059719,
          0.07776,
          0.0046,
          0.026601,
          0.123774,
          -0.077333,
          0.115219,
          -0.11285,
          0.119977,
          -0.073788,
          0.158659,
          0.143277,
          0.094019,
          -0.048703,
          -0.071738,
          0.013828,
          -0.092507,
          0.079308,
          -0.060421,
          -0.107164,
          -0.018969,
          0.041978,
          -0.111546,
          0.002903,
          0.011226,
          0.051101,
          -0.125006,
          -0.05265,
          0.09639,
          0.093296,
          0.128667,
          -0.150512,
          0.10698,
          0.052645,
          0.145899,
          0.156225,
          0.065412,
          -8e-05,
          -0.035244,
          -0.091753,
          0.014896,
          -2e-06,
          0.017755,
          -0.065488,
          0.165109,
          -0.137407,
          0.073075,
          -0.111395,
          -0.033635,
          0.197509,
          0.136119,
          -0.036127,
          0.154433,
          -0.119124,
          0.102701,
          -0.074003,
          -0.023889,
          0.181553,
          0.108807,
          -0.100622,
          -0.178161,
          0.111886,
          0.133825,
          0.047299,
          -0.121497,
          0.032185,
          0.009971,
          -0.194082,
          -0.037439,
          0.013712,
          -0.086251,
          0.101353,
          0.108694,
          -0.032227,
          0.131956,
          0.173474,
          0.031231,
          0.07947,
          -0.162251,
          -0.013497,
          0.090784,
          0.104144,
          -0.073879,
          -0.035113,
          0.119167,
          0.078747,
          0.053635,
          -0.140282,
          0.15555,
          0.188929,
          0.057112,
          0.038293,
          0.162584,
          -0.190475,
          -0.038202,
          -0.00683,
          0.143171,
          0.213052,
          0.221747,
          -0.011238,
          -0.068263,
          0.10623,
          0.179607,
          0.171564,
          -0.233053,
          0.018846,
          0.132357,
          0.045926,
          0.035113,
          -0.067438,
          0.206722,
          -0.09216,
          -0.028468,
          -0.175767,
          0.115278,
          -0.164237,
          -0.118723,
          -0.13488,
          -0.21228,
          -0.075534,
          -0.01283,
          0.106094,
          -0.054492,
          -0.181547,
          -0.124743,
          -0.107941,
          -0.113868,
          -0.050272,
          0.130089,
          -0.089311,
          -0.008443,
          0.102943,
          0.189911,
          0.151806,
          -0.006912,
          0.110955,
          -0.217995,
          -0.040906,
          0.184251,
          -0.050509,
          -0.048288,
          -0.109006,
          -0.113235,
          0.127546,
          0.04334,
          0.012174,
          0.112258,
          0.187499,
          -0.092707,
          -0.104505,
          0.016359,
          -0.117865,
          -0.083921,
          0.165131,
          -0.079028,
          -0.175711,
          0.219792,
          0.104839,
          -0.045595,
          0.045247,
          -0.041233,
          0.056559,
          -0.075873,
          -0.11885,
          0.047801,
          -0.101137,
          -0.045916,
          0.000686,
          -0.143337,
          -0.0297,
          -0.117702,
          -0.143552,
          -0.090851,
          -0.148213,
          0.067513,
          -0.108621,
          -0.025389,
          0.035828,
          -0.021854,
          0.103693,
          0.130196,
          0.094711,
          0.127235,
          -0.153973,
          -0.071336,
          0.057743,
          0.071049,
          0.088406,
          0.157571,
          0.162222,
          -0.067428,
          0.114706,
          0.132216,
          0.169031,
          0.040073,
          -0.12551,
          -0.002934,
          0.0926,
          0.176402,
          -0.123451,
          -0.125816,
          -0.186421,
          -0.145475,
          0.148707,
          0.06236,
          -0.190404,
          0.133712,
          -0.190651,
          0.092306,
          -0.06739,
          -0.011821,
          0.211895,
          -0.001486,
          0.073659,
          0.222646,
          0.0305,
          0.157927,
          0.165795,
          -0.024603,
          0.045756,
          -0.136463,
          -0.135282,
          0.180588,
          -0.069065,
          -0.035564,
          -0.106578,
          0.152648,
          -0.122159,
          0.146288,
          0.074546,
          0.063616,
          -0.004025,
          0.134202,
          -0.116033,
          -0.147983,
          -0.083711,
          -0.065597,
          0.022551,
          -0.003493,
          0.118766,
          -0.205457,
          0.098754,
          0.128362,
          0.180007,
          -0.030556,
          -0.014399,
          0.085077,
          0.182633,
          -0.072316,
          -0.139966,
          0.181233,
          -0.039123,
          -0.115567,
          0.15063,
          -0.171781,
          -0.120713,
          -0.105094,
          0.204845,
          -0.058198,
          -0.092245,
          0.040314,
          -0.226542,
          0.0223,
          -0.082436,
          0.139031,
          0.149078,
          -0.115257,
          0.123013,
          -0.198483,
          -0.12605,
          0.098742,
          -0.047407,
          -0.137886,
          0.034565,
          -0.020499,
          -0.134647,
          0.024768,
          -0.035308,
          -0.106134,
          0.058359,
          -0.127971,
          -0.012717,
          0.054161,
          -0.053162,
          0.187087,
          0.042058,
          -0.026236,
          0.003538,
          -0.079385,
          -0.057789,
          -0.084401,
          0.02902,
          -0.050396,
          -0.042268,
          -0.087069,
          -0.18929,
          -0.174356,
          0.000461,
          0.1998,
          -0.198921,
          -0.173552,
          0.148683,
          0.100663,
          -0.013448,
          -0.028689,
          0.025737,
          0.00634,
          0.069797,
          -0.147315,
          0.099246,
          -0.183572,
          0.066396,
          -0.110719,
          -0.095513,
          -0.007483,
          0.111031,
          0