# Chunk number: 3 of 37

      -0.098328,
      -0.132777,
      0.065757,
      0.0266,
      0.01772,
      0.021814,
      -0.046724,
      -0.132023,
      0.117609,
      -0.191618,
      0.198612,
      -0.014261,
      -0.080866,
      -0.069451,
      -0.125956,
      -0.071824,
      -0.018691,
      0.120765,
      0.15549,
      -0.128401,
      0.009766,
      0.081204,
      -0.137624,
      0.051182,
      -0.075689,
      -0.012769,
      -0.091089,
      0.015425,
      0.006319,
      -0.04201,
      0.085973,
      -0.008212,
      0.065831,
      0.012887,
      0.1346,
      0.095473,
      0.089872,
      0.103033,
      0.077485,
      -0.158252,
      0.021703,
      -0.019565,
      -0.034325,
      0.043721,
      -2e-06,
      -0.000868,
      0.069529,
      0.013481,
      -0.1165,
      -0.019855,
      -0.037206,
      -0.020259,
      0.070086,
      0.025109,
      -0.083911,
      -0.141071,
      0.00109,
      -0.110485,
      0.130709,
      -0.152287,
      -0.102629,
      -0.017363,
      0.002048,
      -0.149259,
      -0.071151,
      -0.028826,
      0.192586,
      0.08719,
      -0.135024,
      0.022434,
      -0.05983,
      -0.001699,
      -0.091248,
      -0.024072,
      -0.048329,
      -0.088676,
      0.003467,
      0.026682,
      -0.069068,
      0.073835,
      -0.00413,
      0.017197,
      0.054149,
      -0.041916,
      -0.028982,
      0.01304,
      0.158462,
      0.023879,
      -0.093361,
      -0.007024,
      -0.002479,
      -0.014616,
      0.035784,
      0.187418,
      -0.01896,
      0.074612,
      -0.003547,
      0.133328,
      0.060475,
      0.053223,
      0.126251,
      -0.090862,
      0.044233,
      -0.083336,
      0.046785,
      0.070678,
      0.045907,
      -0.207766,
      0.084711,
      -0.080543,
      0.001479,
      0.030197,
      -0.027335,
      0.068158,
      -0.083195,
      -0.088832,
      0.017685,
      -0.022179,
      0.104453,
      0.077387,
      -0.024577,
      -0.107384,
      -0.050269,
      0.139356,
      -0.10384,
      -0.009353,
      -0.140833,
      -0.091864,
      0.035522,
      0.032298,
      0.121494,
      -0.11335,
      0.074172,
      0.097037,
      0.0792,
      -0.080716,
      0.122043,
      -0.043046,
      0.016382,
      0.132704,
      0.020642,
      -0.011412,
      -0.015083,
      0.009574,
      0.038242,
      0.118465,
      -0.03222,
      -0.045194,
      0.094696,
      0.001251,
      0.015551,
      -0.108453,
      0.118275,
      0.08225,
      0.182896,
      0.076604,
      -0.052762,
      -0.014999,
      0.063498,
      -0.155437,
      0.0078,
      0.121096,
      0.135697,
      0.103465,
      0.027652,
      0.037981,
      -0.182366,
      -0.158285,
      -0.077024,
      0.193633,
      0.082523,
      0.002054,
      -0.085798,
      0.019581,
      0.163908,
      0.173149,
      -0.109551,
      0.102378,
      -0.012963,
      0.053863,
      0.13288,
      0.032927,
      0.062135,
      0.026392,
      -0.040287,
      -0.002369,
      0.129582,
      0.040818,
      0.104051,
      -0.116771,
      -0.046024,
      0.043699,
      0.103932,
      0.053852,
      -0.160814,
      -0.121086,
      0.009531,
      -0.146836,
      0.103667,
      0.108394,
      -0.155972,
      0.11707,
      0.014506,
      0.238954,
      0.118509,
      0.171193,
      0.003917,
      -0.010636,
      -0.034051,
      -0.05657,
      -0.038834,
      -0.091371,
      0.102397,
      0.047967,
      -0.092339,
      -0.12808,
      0.116475,
      -0.128478,
      -0.025632,
      0.136139,
      -0.004392,
      -0.127163,
      0.069247,
      0.142164,
      -0.012209,
      -0.080722,
      0.038185,
      -0.195479,
      0.101907,
      0.00858,
      -0.018668,
      -0.078417,
      -0.047013,
      0.026375,
      -0.045323,
      0.027661,
      -0.068416,
      0.022086,
      -0.056365,
      0.004703,
      -0.030108,
      0.021627,
      0.078268,
      -0.092807,
      -0.028818,
      0.011548,
      -0.070516,
      -0.096207,
      -0.058534,
      -0.06587,
      0.107999,
      -0.082178,
      0.000282,
      0.009073,
      0.025886,
      -0.063747,
      0.007528,
      -0.015452,
      0.085365,
      -0.100132,
      0.027722,
      -0.03008,
      -0.008623,
      -0.032047,
      -0.006144,
      0.056117,
      -0.037671,
      -0.036055,
      0.013307,
      -0.02792,
      0.024719,
      0.119755,
      0.103154,
      0.033594,
      -0.089666,
      0.051138,
      -0.13626,
      0.085246,
      -0.179865,
      -0.023573,
      -0.045759,
      -0.0053,
      -0.018427,
      -0.075671,
      -0.117965,
      0.126211,
      -0.090471,
      -0.042695,
      -0.024725,
      0.119107,
      0.004954,
      -0.177179,
      0.020667,
      -0.154615,
      -0.070185,
      -0.031023,
      -0.047963,
      -0.033921,
      -0.05265,
      -0.128649,
      -0.02562,
      -0.063578,
      -0.105763,
      0.05843,
      -0.066162,
      0.027414,
      -0.089317,
      0.112942,
      -0.080338,
      0.145718,
      0.162155,
      0.164809,
      -0.009253,
      -0.042902,
      0.065143,
      0.052598,
      -0.060354,
      -0.031122,
      0.018701,
      0.123091,
      -0.003332,
      -0.031769,
      -0.128032,
      0.093231,
      0.105999,
      -0.211567,
      0.086144,
      -0.168768,
      -0.053063,
      0.063081,
      0.060053,
      0.077848,
      0.009324,
      0.058784,
      0.090149,
      -0.114247,
      -0.042838,
      -0.022213,
      -0.155907,
      0.085131,
      0.151698,
      -0.121692,
      0.123663,
      -0.089615,
      0.019253,
      -0.176233,
      0.07968,
      -0.136335,
      -0.017823,
      0.025923,
      -0.115518,
      0.076773,
      0.156571,
      0.013168,
      0.079217,
      0.041449,
      -0.001985,
      0.067459,
      -0.007759,
      0.096013,
      0.043212,
      -0.125263,
      0.093276,
      -0.10425,
      0.051743,
      -0.020339,
      0.01921,
      0.016973,
      0.008241,
      -0.094412,
      0.057085,
      0.096322,
      0.138205,
      0.013413,
      -0.109095,
      -0.079606,
      0.088068,
      -0.024404,
      0.016871,
      0.011211,
      -0.027983,
      0.046256,
      -0.115425,
      0.0047,
      0.102709,
      0.104637,
      0.09598,
      -0.022361,
      0.04318,
      0.050838,
      0.022979,
      0.066656,
      0.024967,
      0.03725,
      -0.192763,
      -0.07298,
      0.000455,
      0.096064,
      -0.15743,
      -0.076212,
      -0.054385,
      0.082699,
      0.093205,
      -0.103712,
      -0.090721,
      -0.148066,
      -0.003025,
      -0.10711,
      0.168986,
      -0.016095,
      0.110151,
      0.024913,
      0.035298,
      0.019281,
      0.104745,
      0.031063,
      0.049294,
      -0.037718,
      -0.115278,
      -0.093616,
      0.142842,
      -0.056842,
      -0.010364,
      0.027391,
      -0.087816,
      0.058368,
      0.144421,
      0.156001,
      0.000935,
      -0.052973,
      -0.168635,
      0.094012,
      0.119009,
      -0.154545,
      -0.122954,
      -0.040161,
      0.044519,
      0.041664,
      -0.051744,
      0.220077,
      -0.023723,
      -0.082242,
      0.076421,
      0.120615,
      0.056669,
      -0.154681,
      -0.140418,
      0.069764,
      0.051591,
      -0.000402,
      -0.131555,
      0.083125,
      0.16073,
      0.064993,
      -0.071899,
      -0.009326,
      0.08201,
      -0.013163,
      -0.168969,
      -0.09342,
      0.108832,
      0.097393,
      -0.139205,
      0.175096,
      -0.071983,
      -0.061977,
      -0.075407,
      0.077587,
      0.092682,
      0.083075,
      -0.011669,
      -0.058583,
      0.023064,
      -0.047245,
      0.118017,
      0.015424,
      0.039384,
      -0.001499,
      -0.047162,
      0.116367,
      -0.0955,
      -0.146532,
      0.1293,
      0.025473,
      0.01516,
      0.03308,
      -0.009215,
      0.004187,
      -0.040345,
      0.014776,
      -0.018208,
      0.14054,
      -0.015964,
      0.171026,
      -0.092598,
      -0.08257,
      0.023129,
      -0.044038,
      -0.049077,
      -0.019295,
      0.098184,
      0.057373,
      -0.010083,
      -0.014274,
      -0.071894,
      -0.148567,
      -0.003503,
      0.038839,
      -0.067692,
      0.115245,
      0.111616,
      0.032958,
      -0.036862,
      -0.002239,
      -0.002312,
      0.094156,
      -0.0923,
      0.025041,
      0.008354,
      -0.100383,
      -0.033653,
      -0.007258,
      -0.001613,
      0.044537,
      0.12629,
      0.029713,
      -0.103503,
      -0.022862,
      -0.069328,
      0.033746,
      0.032277,
      0.140061,
      -0.053842,
      -0.062007,
      -0.047055,
      -0.065581,
      0.011012,
      -0.138729,
      0.030933,
      -0.021246,
      -0.113797,
      -0.045192,
      0.080765,
      -0.065839,
      0.210752,
      -0.15293,
      -0.124362,
      -0.041161,
      0.001995,
      0.07701,
      0.136845,
      0.144308,
      -0.010514,
      0.011524,
      -0.008809,
      0.012248,
      0.019234,
      0.009996,
      -0.003661,
      -0.093089,
      -0.011228,
      -0.083517,
      -0.174384,
      0.02556,
      0.075292,
      -0.082945,
      -0.176519,
      0.033058,
      0.173021,
      -0.002238,
      0.148637,
      -0.068132,
      0.005975,
      0.074541,
      -0.093895,
      0.046077,
      0.047777,
      -0.039518,
      -0.011069,
      0.036717,
      -0.06606,
      0.170579,
      0.075207,
      0.106926,
      0.048542,
      0.020563,
      -0.018865,
      0.078224,
      0.050571,
      0.000827,
      0.082265,
      -0.067607,
      -0.021866,
      0.015015,
      -0.026063,
      0.018513,
      -0.075419,
      -0.078527,
      -0.045623,
      -0.128855,
      0.098276,
      0.004278,
      -0.012764,
      -0.111907,
      -0.146843,
      0.113705,
      -0.155309,
      -0.11315,
      0.153235,
      -0.063098,
      0.054691,
      -0.020726,
      -0.006055,
      -0.047623,
      -0.095484,
      0.008285,
      0.036593,
      0.012442,
      -0.196026,
      -0.084471,
      -0.039338,
      0.081943,
      -0.154061,
      -0.01616,
      0.093437,
      -0.118488,
      -0.033582,
      0.118369,
      -0.010023,
      0.076646,
      0.048304,
      0.128811,
      0.006569,
      0.131738,
      -0.160994,
      -0.066266,
      0.016081,
      -0.164933,
      0.060066,
      0.124105,
      -0.109604,
      -0.032891,
      0.02384,
      0.039167,
      -0.128358,
      0.142608,
      0.054333,
      -0.039026,
      -0.006576,
      -0.116274,
      0.003098,
      0.126815,
      0.029667,
      0.15109,
      -0.036596,
      0.018152,
      0.025186,
      -0.002531,
      0.001391,
      -0.028421,
      0.068773,
      -0.111536,
      -0.079297,
      0.090746,
      0.007765,
      0.142109,
      0.142935,
      0.200911,
      0.069419,
      -0.096605,
      0.076871,
      0.031248,
      0.084144,
      0.015882,
      0.056647,
      -0.074695,
      -0.171251,
      -0.073331,
      -0.009405,
      0.091608,
      0.112113,
      -0.09818,
      -0.017628,
      -0.012684,
      0.035212,
      0.206235,
      0.090909,
      -0.172485,
      -0.023415,
      -0.01435,
      -0.110456,
      0.119558,
      0.014567,
      -0.004711,
      -0.085793,
      -0.114362,
      -0.005213,
      -0.15496,
      0.0378,
      0.006204,
      -0.123757,
      -0.020433,
      -0.039239,
      0.020902,
      -0.099054,
      0.010544,
      0.054495,
      0.005741,
      -0.081832,
      0.02389,
      0.107001,
      -0.059892,
      0.021158,
      0.000664,
      -0.050036,
      0.033694,
      0.104076,
      0.180557,
      0.056064,
      0.181512,
      -0.088162,
      0.000598,
      -0.06906,
      0.029515,
      -0.04251,
      -0.058395,
      -0.052147,
      0.036604,
      -0.091138,
      0.042919,
      0.108866,
      -0.052197,
      -0.033944,
      0.114288,
      0.019027,
      0.038207,
      0.025278,
      0.004403,
      0.124216,
      -0.045256,
      0.06631,
      0.087406,
      -0.005595,
      0.034765,
      0.038648,
      -0.009694,
      -0.110255,
      0.013006,
      -0.155617,
      0.052968,
      0.058281,
      0.08215,
      -0.049218,
      0.020459,
      0.039172,
      -0.03164,
      0.072972,
      0.093756,
      -0.215674,
      0.100519,
      -0.005616,
      -0.030924,
      0.139805,
      -0.018799,
      0.06649,
      0.051745,
      0.075854,
      0.002732,
      0.092178,
      -0.053603,
      0.019674,
      -0.048496,
      -0.084169,
      0.090761,
      0.007377,
      0.023274,
      0.028116,
      0.098967,
      0.009293,
      -0.114593,
      -0.046973,
      0.009739,
      -0.132462,
      -0.112785,
      -0.032391,
      0.004343,
      -0.036287,
      -0.140022,
      0.00081,
      0.035768,
      0.087132,
      -0.126291,
      0.009512,
      0.009939,
      0.098338,
      -0.070604,
      0.121254,
      -0.078177,
      0.069176,
      0.023376,
      -0.226667,
      -0.134276,
      -0.067366,
      -0.076252,
      0.020501,
      -0.128294,
      0.035876,
      -0.120749,
      0.030498,
      -0.070798,
      -0.162732,
      0.221894,
      0.064349,
      0.076813,
      -0.006792,
      -0.108132,
      -0.134454,
      0.047263,
      0.112253,
      0.112199,
      0.112156,
      0.127131,
      -0.07826,
      0.083998,
      0.077106,
      0.071901,
      -0.014336,
      -0.014672,
      0.15341,
      -0.12115,
      -0.054187,
      0.010164,
      0.034005,
      0.046672,
      -0.165274,
      -0.063841,
      0.071198,
      0.114693,
      0.119241,
      0.026921,
      0.001401,
      -0.067128,
      0.048027,
      0.062752,
      0.051252,
      0.05424,
      -0.038201,
      0.038228,
      0.006536,
      -0.008666,
      -0.059535,
      -0.011028,
      -0.042883,
      0.041314,
      -0.111973,
      -0.107461,
      0.070741,
      0.027222,
      0.017942,
      -0.021722,
      -0.077501,
      -0.081502,
      -0.063154,
      -0.159306,
      -0.054218,
      -0.088579,
      0.129886,
      -0.069633,
      0.057932,
      -0.127914,
      -0.070468,
      0.000262,
      0.138466,
      -0.052013,
      -0.030319,
      0.043039,
      -0.123849,
      -0.096574,
      -0.044767,
      0.035997,
      0.096455,
      -0.061237,
      -0.089958,
      0.015953,
      0.051857,
      -0.052045,
      -0.007458,
      -0.133762,
      -0.046984,
      0.056378,
      0.070842,
      0.07618,
      -0.0329,
      -0.087734,
      0.035986,
      0.052213,
      -0.028698,
      -0.102269,
      0.128749,
      -0.0538,
      0.090973,
      0.043312,
      -0.113578,
      -0.138077,
      -0.040711,
      -0.159814,
      0.012146,
      0.137193,
      0.12911,
      0.009303,
      -0.05016,
      -0.011182,
      0.095503,
      -0.001488,
      -0.149058,
      0.086035,
      0.086088,
      0.040994,
      -0.039557,
      0.13162,
      0.091922,
      0.024088,
      -0.113372,
      -0.001129,
      0.06655,
      -0.03045,
      0.050258,
      0.003407,
      0.137474,
      0.07859,
      0.010561,
      -0.010646,
      -0.10004,
      0.184899,
      0.043959,
      0.090021,
      0.000154,
      0.027505,
      -0.00959,
      -0.016007,
      0.03039,
      -0.067497,
      0.079604,
      -0.019459,
      0.015468,
      -0.036365,
      -0.080681,
      -0.14761,
      0.10644,
      0.197738,
      -0.041319,
      -0.036181,
      0.071609,
      0.00825,
      0.092499,
      -0.113339,
      -0.023236,
      -0.00745,
      -0.118414,
      -0.086164,
      -0.034034,
      0.017037,
      0.154308,
      -0.019709,
      -0.125493,
      -0.052999,
      -0.030688,
      -0.042461,
      0.036258,
      0.02873,
      0.094415,
      0.070647,
      0.002582,
      0.096132,
      -0.127793,
      -0.037539,
      -0.003521,
      -0.05721,
      0.15347,
      -0.002274,
      -0.114562,
      -0.042756,
      0.017674,
      0.143136,
      -0.112271,
      0.152561,
      -0.052913,
      -0.195735,
      0.000671,
      -0.144041,
      0.014499,
      -0.05002,
      0.059961,
      -0.000181,
      0.014956,
      0.021831,
      0.012337,
      -0.001023,
      -0.042505,
      0.022493,
      0.106115,
      0.037658,
      0.043159,
      0.05071,
      -0.021718,
      0.068561,
      -0.004048,
      0.030862,
      -0.017755,
      0.072266,
      -0.108335,
      -0.072895,
      0.008284,
      -0.001391,
      -0.141004,
      -0.077142,
      -0.081249,
      0.051228,
      0.149335,
      0.025838,
      -0.031605,
      0.010779,
      0.049281,
      -0.010452,
      -0.034558,
      0.002341,
      0.091988,
      -0.048166,
      -0.065402,
      0.109404,
      0.109649,
      -0.151941,
      -0.031622,
      -0.002592,
      0.055954,
      0.086334,
      0.09905,
      0.076458,
      -0.063652,
      -0.175053,
      -0.01502,
      -0.121523,
      -0.018829,
      -0.136642,
      0.198419,
      -0.137476,
      0.021657,
      -0.058831,
      0.037752,
      0.041988,
      0.054243,
      -0.21792,
      0.065773,
      -0.016798,
      -0.139928,
      -0.096763,
      -0.064617,
      -0.046046,
      -0.000329,
      -0.054785,
      0.215808,
      -0.140683,
      0.036714,
      -0.066556,
      -0.026596,
      0.058436,
      0.038836,
      0.173988,
      -0.066731,
      0.098479,
      -0.00943,
      0.004341,
      -0.058629,
      0.069529,
      0.085572,
      0.002354,
      -0.079666,
      0.149372,
      -0.062756,
      0.056313,
      -0.006958,
      -0.012331,
      -0.150533,
      0.188744,
      0.051568,
      -0.088421,
      0.002635,
      -0.081919,
      -0.000176,
      0.141968,
      0.157927,
      -0.084055,
      -0.072701,
      0.011183,
      -0.115097,
      -0.127711,
      0.082507,
      -0.040778,
      -0.00736,
      -0.035996,
      -0.093939,
      0.177733,
      0.06065,
      -0.042808,
      -0.051426,
      0.046814,
      0.130577,
      -0.001858,
      -0.002335,
      -0.082074,
      0.033042,
      -0.145132,
      -0.137354,
      0.152458,
      0.040743,
      -0.036354,
      0.011623,
      -0.00346,
      -0.010064,
      0.004805,
      0.129506,
      0.101044,
      0.176578,
      -0.013053,
      0.190613,
      -0.134553,
      -0.016279,
      -0.00812,
      -0.122472,
      0.07873,
      -0.018257,
      -0.039127,
      0.005914,
      0.082448,
      0.066627,
      0.130255,
      0.049778,
      -0.039715,
      0.085788,
      -0.000502,
      -0.054866,
      -0.036047,
      0.182986,
      0.018775,
      0.004879,
      -0.014299,
      -0.013893,
      0.111261,
      -0.034922,
      -0.13618,
      -0.084035,
      -9e-06,
      -0.052031,
      0.168118,
      0.095819,
      -0.012395,
      -0.097224,
      0.012675,
      0.028203,
      -0.011503,
      -0.047215,
      -0.016632,
      0.025468,
      -0.024496,
      -0.081165,
      -0.130373,
      -0.077576,
      0.113944,
      0.118972,
      -0.035117,
      -0.092335,
      -0.180854,
      0.17399,
      0.07685,
      0.038989,
      -0.126378,
      0.024992,
      -0.118189,
      -0.037736,
      -0.158177,
      0.04232,
      0.077684,
      0.047093,
      -0.056716,
      0.068951,
      -0.033436,
      0.034602,
      0.08453,
      0.036583,
      0.001055,
      -0.055027,
      0.06004,
      -0.098646,
      0.076756,
      0.05936,
      0.060327,
      -0.177874,
      -0.193306,
      0.028149,
      0.132535,
      -0.110815,
      -0.033422,
      0.027159,
      0.012335,
      -0.024076,
      -0.092201,
      0.117411,
      0.186322,
      -0.214499,
      -0.029106,
      -0.077842,
      0.147706,
      -0.036881,
      0.040315,
      -0.008283,
      -0.162615,
      0.012778,
      -0.058474,
      0.046443,
      -0.033334,
      -0.064701,
      0.155757,
      0.03858,
      0.082121,
      0.093583,
      -0.06794,
      -0.106235,
      0.046118,
      0.153321,
      -0.037411,
      -0.166107,
      -0.079435,
      -0.025512,
      -0.095006,
      -0.026108,
      0.070511,
      0.20907,
      -0.006582,
      0.118061,
      -0.000169,
      -0.033122,
      -0.102927,
      0.063479,
      -0.115927,
      0.044557,
      0.048002,
      -0.175816,
      -0.147845,
      -0.050366,
      -0.130408,
      0.037805,
      0.046334,
      0.059765,
      0.116428,
      0.112164,
      0.040209,
      0.049421,
      0.048467,
      0.156362,
      -0.109663,
      0.160017,
      -0.168506,
      0.034169,
      -0.104672,
      0.004198,
      -0.133562,
      -0.159405,
      -0.108582,
      0.029589,
      0.011377,
      0.18149,
      -0.149665,
      -0.049087,
      0.005502,
      -0.050762,
      -0.065402,
      0.020466,
      -0.159365,
      0.150114,
      0.040835,
      0.036831,
      -0.054899,
      -0.084792,
      0.025444,
      0.104272,
      -0.120662,
      0.179684,
      -0.044404,
      -0.071473,
      -0.166868,
      0.018074,
      0.112277,
      -0.056753,
      -0.126628,
      -0.140347,
      0.04415,
      0.018807,
      -0.045614,
      -0.03415,
      0.126827,
      0.040376,
      0.140408,
      0.017608,
      0.152764,
      0.036314,
      -0.16735,
      -0.012173,
      0.148698,
      -0.053518,
      -0.000162,
      -0.01429,
      0.08875,
      -0.015356,
      0.01142,
      -0.045644,
      -0.051515,
      0.00832,
      -0.002057,
      -0.018569,
      -0.018034,
      0.02542,
      -0.090941,
      -0.061705,
      -0.058659,
      0.015774,
      0.085248,
      0.099352,
      -0.091472,
      0.101632,
      0.060073,
      -0.064234,
      -0.002249,
      -0.118501,
      -0.047153,
      0.049676,
      -0.007875,
      0.023851,
      -0.017164,
      0.020635,
      -0.06295,
      0.001944,
      -0.021849,
      -0.026952,
      -0.016973,
      -0.034286,
      -0.009074,
      0.133146,
      0.057964,
      -0.143096,
      0.078494,
      -0.086969,
      -0.051577,
      -0.16751,
      -0.080919,
      0.032315,
      -0.071439,
      -0.031068,
      0.045141,
      0.035408,
      0.106338,
      -0.020887,
      0.107885,
      -0.001203,
      -0.051953,
      0.000962,
      0.041312,
      -0.036371,
      -0.075572,
      -0.101352,
      -0.017995,
      -0.021637,
      0.058485,
      0.009438,
      0.133292,
      -0.113571,
      -0.037785,
      -0.134911,
      0.09619,
      0.082208,
      0.024964,
      -0.002313,
      0.087709,
      -0.029846,
      -0.069926,
      0.009645,
      -0.129191,
      -0.053054,
      0.049645,
      -0.09871,
      0.003009,
      -0.038594,
      0.039507,
      0.161827,
      -0.016126,
      0.10226,
      -0.064409,
      -0.190087,
      -0.148868,
      -0.143847,
      0.039797,
      0.063105,
      0.13306,
      0.093126,
      0.096361,
      0.051785,
      -0.034469,
      0.165062,
      0.064621,
      0.045512,
      0.067079,
      -0.030795,
      0.034185,
      0.033119,
      -0.105944,
      0.191521,
      -0.036938,
      0.082574,
      0.137943,
      0.074354,
      0.144029,
      0.043379,
      0.075037,
      0.081268,
      -0.109587,
      0.023523,
      -0.096172,
      -0.079059,
      -0.040429,
      0.106473,
      -0.184053,
      0.158524,
      -0.088879,
      -0.119123,
      -0.013177,
      0.187741,
      -0.066239,
      0.014787,
      0.089383,
      -0.096454,
      0.017045,
      0.154463,
      -0.00835,
      -0.001119,
      0.013544,
      0.077387,
      -0.099675,
      -0.048553,
      0.034503,
      0.058701,
      -0.046683,
      -0.116971,
      -0.064917,
      0.00235,
      -0.113229,
      0.043401,
      0.067357,
      0.05662,
      -0.124032,
      -0.053609,
      0.044744,
      -0.071365,
      0.03111,
      0.048058,
      0.152812,
      0.138682,
      0.103174,
      -0.107087,
      0.142649,
      -0.041679,
      -0.050735,
      0.180698,
      0.119134,
      0.084187,
      -0.021899,
      0.010573,
      -0.01774,
      0.026581,
      0.077476,
      -0.018849,
      0.201498,
      0.029723,
      -0.023451,
      -0.04078,
      0.066907,
      0.051516,
      -0.230332,
      -0.094159,
      -0.039229,
      -0.089372,
      -0.022367,
      -0.017103,
      0.018558,
      0.061483,
      0.042112,
      0.142501,
      -0.027956,
      -0.019644,
      0.069313,
      -0.092932,
      -0.02892,
      0.053239,
      0.024521,
      0.094542,
      0.047313,
      0.106118,
      0.120899,
      -0.023807,
      0.003701,
      -0.015977,
      0.130166,
      0.1082,
      -0.102818,
      0.046736,
      0.143987,
      0.09907,
      -0.046596,
      0.047329,
      -0.0644,
      -0.126864,
      -0.113992,
      0.010273,
      -0.032762,
      -0.129278,
      -0.009686,
      0.011104,
      0.10119,
      0.134057,
      -0.117242,
      0.062123,
      -0.097459,
      0.072843,
      -0.06879,
      0.073407,
      -0.172786,
      0.050312,
      -0.039017,
      0.051671,
      -0.00549,
      -0.038258,
      -0.059197,
      -0.01298,
      0.099703,
      0.040924,
      0.058443,
      0.061824,
      0.116744,
      -0.078024,
      -0.015755,
      -0.041996,
      0.130952,
      0.000682,
      0.052955,
      -0.042488,
      0.055122,
      0.011738,
      -0.041102,
      -0.125811,
      -0.014866,
      -0.025085,
      -0.093281,
      0.151413,
      -0.028528,
      0.181779,
      -0.033083,
      -0.04296,
      0.099988,
      -0.000223,
      -0.087894,
      -0.016323,
      0.094317,
      0.066453,
      -0.023994,
      0.062477,
      0.170781,
      -0.0145,
      -0.058389,
      0.020714,
      0.036686,
      -0.001791,
      0.100985,
      -0.008828,
      -0.071101,
      -0.04139,
      0.020267,
      -0.034001,
      0.151909,
      0.059267,
      -0.05502,
      0.144408,
      -0.047111,
      0.175993,
      0.031404,
      -0.205619,
      -0.05855,
      0.010867,
      0.058847,
      -0.042262,
      -0.134319,
      0.003446,
      -0.10178,
      -0.09887,
      0.014649,
      0.059807,
      0.128326,
      -0.029683,
      -0.074516,
      0.084885,
      -0.058067,
      -0.039716,
      0.061087,
      -0.080619,
      -0.003041,
      -0.020966,
      0.027507,
      0.003669,
      0.187,
      -0.106758,
      -0.06814,
      -0.005396,
      0.124645,
      0.13601,
      -0.132873,
      -0.033025,
      -0.097526,
      -0.033913,
      0.121189,
      0.138325,
      0.000236,
      -0.138117,
      0.13737,
      -0.11547,
      0.012281,
      -0.012572,
      -0.107585,
      -0.03272,
      0.067535,
      -0.047343,
      0.031136,
      -0.016266,
      0.086168,
      0.047394,
      -0.041634,
      0.053204,
      0.074256,
      0.033004,
      0.121503,
      0.108537,
      0.018806,
      -0.043053,
      0.058441,
      -0.03266,
      -0.023751,
      -0.029221,
      0.007337,
      0.019979,
      -0.053909,
      0.082327,
      0.031367,
      -0.009144,
      -0.012367,
      0.047067,
      0.003645,
      0.009232,
      -0.009047,
      -0.031389,
      -0.130977,
      0.052384,
      0.04737,
      0.059673,
      -0.052611,
      -0.060174,
      0.024293,
      0.100948,
      0.048249,
      -0.012159,
      -0.050527,
      -0.081974,
      -0.079441,
      0.025562,
      0.041716,
      -0.0344,
      0.024067,
      0.037938,
      0.048986,
      0.117804,
      -0.086812,
      -0.194401,
      0.10613,
      -0.008008,
      0.06622,
      0.02267,
      -0.07416,
      -0.015867,
      0.009542,
      0.036658,
      -0.093548,
      0.03273,
      0.096707,
      0.157343,
      0.144613,
      -0.046831,
      0.065753,
      -0.016053,
      -0.01958,
      0.04756,
      -0.010023,
      -0.014321,
      -0.000253,
      -0.02223,
      0.049965,
      0.036493,
      0.031337,
      0.065491,
      0.161196,
      0.128885,
      -0.017026,
      -0.145657,
      -0.030715,
      0.069775,
      -0.050624,
      0.018695,
      0.037229,
      -0.074362,
      0.011992,
      0.015379,
      0.069916,
      -0.091821,
      -0.119917,
      -0.097546,
      0.085529,
      0.032658,
      -0.048333,
      -0.061156,
      -0.12715,
      0.096986,
      0.025627,
      0.081089,
      0.100736,
      0.055359,
      0.012319,
      -0.035036,
      0.141408,
      -0.010199,
      -0.082592,
      0.010226,
      0.063012,
      -0.013126,
      0.01646,
      0.070349,
      0.002735,
      -0.085448,
      0.066502,
      -0.058134,
      -0.169718,
      0.047815,
      -0.026146,
      -0.083875,
      -0.016018,
      -0.144324,
      -0.044393,
      0.036384,
      0.059976,
      0.011003,
      0.004829,
      0.030641,
      -0.017116,
      -0.079557,
      -0.058765,
      -0.002284,
      0.048971,
      -0.079513,
      0.015853,
      -0.000169,
      0.045931,
      -0.108356,
      0.142157,
      0.003594,
      -0.026848,
      0.031292,
      -0.132858,
      -0.050799,
      0.01056,
      -0.026569,
      -0.057,
      -0.005571,
      0.004752,
      0.043275,
      0.011425,
      0.049674,
      -0.072803,
      0.128817,
      -0.150756,
      0.045555,
      0.104747,
      -0.008817,
      -0.078386,
      0.091458,
      -0.057524,
      -0.038671,
      0.144104,
      -0.097415,
      0.140591,
      -0.023079,
      -0.111276,
      0.051269,
      0.079162,
      0.095921,
      0.021647,
      0.117293,
      -0.046767,
      -0.120902,
      -0.047093,
      -0.050787,
      -0.008439,
      -0.112221,
      -0.035846,
      0.06176,
      0.107988,
      -0.051132,
      0.020801,
      -0.14853,
      -0.021413,
      -0.067694,
      -0.016851,
      -0.019035,
      0.033961,
      0.015295,
      0.036843,
      0.102788,
      -0.085585,
      0.048151,
      0.065972,
      -0.112823,
      -0.038689,
      -0.010593,
      0.048393,
      0.148188,
      0.024871,
      0.194284,
      -0.098376,
      -0.057474,
      -0.016523,
      0.03597,
      0.079944,
      -0.027336,
      -0.096089,
      0.097704,
      -0.109921,
      0.139026,
      0.023263,
      -0.039551,
      -0.029378,
      -0.017228,
      0.008184,
      0.004712,
      -0.124498,
      0.008544,
      -0.000653,
      -0.122694,
      0.022287,
      -0.099746,
      0.106572,
      0.032952,
      0.092431,
      -0.007596,
      0.057674,
      -0.065171,
      0.087513,
      0.041815,
      0.151389,
      0.038616,
      0.018463,
      -0.011742,
      0.095455,
      -0.086365,
      -0.019756,
      0.089777,
      -0.050714,
      -0.075246,
      -0.110189,
      0.003424,
      -0.043254,
      -0.01042,
      -0.09707,
      -0.05681,
      0.032672,
      -0.172024,
      0.015231,
      0.082898,
      0.009246,
      -0.082427,
      0.005457,
      0.052409,
      -0.134248,
      0.10624,
      0.189011,
      0.161739,
      0.080937,
      0.079184,
      0.067384,
      0.014134,
      0.087885,
      -0.043139,
      -0.068213,
      -0.011455,
      -0.098146,
      -0.008673,
      -0.027202,
      0.036036,
      0.014861,
      -0.040779,
      0.117573,
      0.053366,
      -0.036307,
      0.018414,
      -0.098263,
      0.094071,
      0.144455,
      -0.133292,
      -0.049422,
      -0.12558,
      0.057096,
      -0.027051,
      0.102611,
      -0.121689,
      -0.080375,
      0.124819,
      -0.042359,
      -0.013802,
      0.062206,
      0.017882,
      0.018223,
      0.075184,
      0.103743,
      0.001254,
      -0.062976,
      -0.145108,
      -0.087529,
      -0.078878,
      0.071898,
      0.054484,
      -0.110001,
      -0.148845,
      -0.104593,
      -0.001597,
      -0.015022,
      -0.059025,
      -0.031224,
      -0.018006,
      0.038977,
      -0.029901,
      -0.148948,
      0.021102,
      -0.055296,
      -0.129463,
      -0.085014,
      0.025507,
      -0.06659,
      0.124519,
      -0.074912,
      -0.148978,
      -0.037962,
      -0.03986,
      0.090154,
      0.078678,
      -0.014948,
      0.090493,
      -0.213026,
      0.014497,
      0.032529,
      -0.064216,
      -0.015753,
      0.038695,
      -0.001441,
      -0.025207,
      0.121514,
      0.022094,
      -0.063725,
      -0.103513,
      -0.16941,
      0.072516,
      -0.064149,
      0.091775,
      0.06706,
      -0.061461,
      0.194058,
      -0.056411,
      -0.017737,
      0.038303,
      -0.058712,
      -0.199199,
      -0.04911,
      -0.091706,
      0.041955,
      -0.095547,
      0.046367,
      0.049263,
      0.151361,
      0.026006,
      0.084912,
      -0.024723,
      -0.045846,
      0.129895,
      -0.101372,
      0.044061,
      -0.058984,
      0.014413,
      -0.054072,
      -0.035755,
      0.03628,
      0.160954,
      -0.00616,
      -0.091016,
      -0.096101,
      -0.09496,
      0.014219,
      -0.10441,
      -0.065485,
      -0.10184,
      0.010163,
      0.117801,
      -0.208723,
      -0.006834,
      -0.035239,
      0.079438,
      -0.107722,
      -0.05702,
      -0.07851,
      0.15111,
      0.002168,
      0.042134,
      0.010036,
      -0.107364,
      -0.138198,
      0.049518,
      -0.014335,
      -0.047269,
      0.038042,
      0.048254,
      0.078237,
      -0.160155,
      -0.117611,
      -0.004051,
      0.045119,
      0.029624,
      -0.189575,
      0.047728,
      -0.039663,
      0.014889,
      -0.010566,
      0.057788,
      -0.012865,
      0.041985,
      0.089142,
      0.052513,
      0.190405,
      -0.063513,
      -0.200039,
      0.053794,
      -0.056895,
      -0.027288,
      -0.158968,
      -0.076127,
      0.008847,
      0.069847,
      -0.042021,
      -0.083578,
      0.036316,
      -0.118179,
      0.009593,
      0.1871,
      -0.008031,
      0.000534,
      -0.053066,
      -0.000223,
      -0.158886,
      0.042686,
      0.065995,
      -0.04292,
      0.09591,
      -0.064418,
      0.014499,
      0.032396,
      -0.051255,
      -0.009573,
      0.152666,
      0.043222,
      0.044982,
      0.092479,
      0.125694,
      -0.092702,
      -0.037642,
      0.049203,
      -0.041107,
      0.010259,
      -0.014858,
      0.03804,
      0.152169,
      0.027825,
      -0.009817,
      0.076181,
      -0.052082,
      -0.18319,
      0.065865,
      0.066057,
      0.116322,
      0.001806,
      0.008468,
      0.124792,
      -0.035048,
      0.060158,
      -0.040566,
      0.014759,
      0.022022,
      -0.085118,
      -0.050191,
      -0.039863,
      -0.020709,
      -0.049851,
      -0.075518,
      -0.035979,
      -0.005279,
      -0.030637,
      -0.010811,
      -0.051258,
      -0.02959,
      0.091596,
      -0.121559,
      0.021426,
      0.105412,
      -0.046708,
      -0.010283,
      -0.019361,
      0.036348,
      0.179056,
      -0.094829,
      0.006529,
      0.092173,
      -0.179301,
      -0.009843,
      0.096124,
      -0.033629,
      0.066631,
      -0.080864,
      0.013942,
      0.105828,
      -0.021672,
      0.097403,
      0.119107,
      -0.14707,
      0.014344,
      0.01965,
      -0.062813,
      0.151945,
      -0.010732,
      -0.024597,
      0.221952,
      0.017765,
      -0.015635,
      0.071242,
      0.039689,
      -0.09027,
      -0.073841,
      -0.026672,
      0.106781,
      0.018797,
      0.148116,
      -0.035104,
      0.108168,
      -0.144132,
      0.021687,
      0.048366,
      -0.022091,
      -0.055482,
      -0.081707,
      0.106951,
      0.08182,
      0.096668,
      0.037844,
      0.020427,
      -0.014135,
      -0.047519,
      -0.040558,
      0.102647,
      0.122659,
      -0.072393,
      0.067492,
      0.110874,
      -0.0308,
      0.130277,
      0.139239,
      0.087235,
      -0.051877,
      -0.025599,
      -0.018542,
      0.064406,
      -0.037595,
      -0.06847,
      -0.091955,
      -0.187579,
      0.08514,
      -0.135368,
      0.085869,
      -0.171258,
      0.05805,
      0.012711,
      -0.041659,
      0.01002,
      0.077586,
      0.024888,
      0.042932,
      -0.113332,
      0.082688,
      0.043985,
      -0.042839,
      -0.003718,
      0.041204,
      0.025827,
      -0.089353,
      -0.081196,
      -0.038603,
      -0.126561,
      -0.009408,
      0.044174,
      -0.056766,
      -0.121501,
      -0.086445,
      -0.029623,
      0.003712,
      0.062737,
      0.011534,
      0.033014,
      0.063016,
      0.076244,
      -0.046988,
      -0.012139,
      0.188861,
      -0.1016,
      0.12635,
      0.086736,
      -0.05483,
      -0.133912,
      -0.034936,
      -0.125541,
      0.038471,
      -0.000231,
      0.034946,
      0.086683,
      -0.076783,
      0.101912,
      0.106158,
      0.154423,
      0.161029,
      -0.016385,
      0.049532,
      -0.083827,
      -0.119947,
      -0.088599,
      -0.059307,
      -0.00046,
      0.052636,
      0.074487,
      -0.048274,
      -0.00125,
      0.037403,
      -0.180044,
      0.056994,
      0.106535,
      -0.022571,
      0.024461,
      -0.149576,
      0.096438,
      0.034161,
      0.128314,
      0.020856,
      -0.08602,
      -0.044467,
      -0.036868,
      0.006053,
      -0.021822,
      0.05268,
      0.071693,
      -0.112221,
      -0.024703,
      -0.138342,
      -0.009548,
      0.033999,
      -0.028197,
      -0.033527,
      0.131507,
      0.075745,
      -0.039974,
      -0.118098,
      -0.078191,
      -0.000986,
      -0.171305,
      -0.129937,
      0.013442,
      0.064591,
      0.039644,
      0.060285,
      -0.035139,
      0.031664,
      -0.116683,
      0.093571,
      -0.027544,
      -0.017066,
      0.207387,
      -0.118594,
      -0.031546,
      -0.017522,
      -0.207921,
      -0.022759,
      0.007023,
      0.068168,
      0.104762,
      -0.081462,
      0.063196,
      -0.023766,
      0.056052,
      0.144382,
      -0.08904,
      0.009838,
      -0.013902,
      0.105267,
      -0.121078,
      0.042867,
      0.129527,
      -0.168323,
      0.119821,
      -0.123158,
      0.085772,
      -0.073957,
      -0.157137,
      -0.018962,
      -0.196839,
      -0.034742,
      0.014277,
      0.090367,
      -0.009126,
      0.000425,
      0.026979,
      0.015192,
      -0.011604,
      0.136095,
      -0.129467,
      0.025065,
      -0.117258,
      0.057004,
      -0.053804,
      0.005791,
      0.112118,
      -0.000408,
      -0.036923,
      -0.01719,
      -0.042785,
      0.13964,
      0.11327,
      0.179964,
      -0.12541,
      -0.10158,
      -0.015421,
      0.043684,
      -0.112059,
      0.036199,
      -0.029103,
      0.074227,
      0.069384,
      -0.087931,
      0.025574,
      0.062705,
      0.132984,
      -0.166323,
      0.011855,
      0.155684,
      0.164791,
      -0.001274,
      0.020619,
      -0.021542,
      0.060314,
      0.158321,
      -0.004345,
      0.038314,
      -0.040496,
      -0.143563,
      0.002091,
      -0.05038,
      0.028166,
      -0.015431,
      -0.089302,
      -0.042462,
      -0.060449,
      0.125064,
      0.027661,
      0.099804,
      -0.080723,
      -0.002343,
      -0.001915,
      -0.059143,
      -0.129039,
      -0.090369,
      -0.091674,
      -0.031626,
      0.040243,
      -0.158599,
      0.116386,
      -0.031476,
      0.087448,
      0.118565,
      0.097769,
      -0.005482,
      0.000848,
      0.082289,
      0.105854,
      0.085716,
      -0.074922,
      -0.086495,
      0.071885,
      0.034551,
      0.108212,
      -0.041656,
      -0.142747,
      -0.005689,
      -0.021157,
      -0.000191,
      -0.129333,
      -0.0741,
      0.010708,
      -0.016108,
      0.007914,
      0.03682,
      0.030581,
      -0.061237,
      0.019745,
      -0.095247,
      -0.080291,
      -0.014118,
      -0.139536,
      -0.036305,
      0.020333,
      -0.139434,
      -0.069197,
      -0.071322,
      0.166192,
      0.016126,
      0.16119,
      -0.02457,
      0.068624,
      0.039273,
      -0.07149,
      0.052157,
      0.03534,
      -0.01234,
      -0.088022,
      0.045521,
      0.196275,
      0.196655,
      -0.012534,
      -0.009462,
      0.17241,
      0.08213,
      -0.073337,
      -0.045577,
      0.047064,
      0.056699,
      -0.103601,
      -0.005526,
      0.017124,
      0.157494,
      -0.137233,
      -0.020496,
      -0.031025,
      -0.056397,
      -0.000652,
      -0.068841,
      0.085536,
      0.02967,
      0.028529,
      -0.001269,
      -0.032459,
      -0.061423,
      -0.155541,
      -0.114128,
      0.112732,
      -0.009379,
      -0.109877,
      0.018742,
      0.168258,
      -0.008279,
      -0.160261,
      0.094914,
      0.018458,
      0.064361,
      -0.043943,
      -0.023141,
      -0.048495,
      0.048611,
      -0.017546,
      0.098274,
      0.049386,
      0.007968,
      -0.034464,
      0.030093,
      -0.019394,
      0.15272,
      0.022943,
      0.09283,
      0.022602,
      0.014426,
      0.13046,
      0.014889,
      -0.036963,
      0.096111,
      -0.003477,
      -0.142741,
      -0.027076,
      0.073754,
      -0.095665,
      0.106799,
      0.110411,
      -0.105407,
      0.063599,
      0.141494,
      0.132475,
      0.004943,
      0.003785,
      -0.090142,
      -0.045203,
      0.001682,
      0.071401,
      -0.098734,
      0.035445,
      0.096073,
      -0.002295,
      0.007012,
      -0.122731,
      0.067558,
      0.033823,
      0.049679,
      -0.039666,
      -0.130339,
      -0.059777,
      -0.15206,
      0.052505,
      0.046701,
      -0.103685,
      0.080328,
      0.104853,
      0.081813,
      -0.145308,
      0.005179,
      0.031249,
      -0.001946,
      -0.045267,
      0.055088,
      0.181606,
      -0.058762,
      -0.067918,
      -0.011992,
      -0.032516,
      -0.020881,
      0.020448,
      0.108227,
      0.009888,
      -0.209983,
      0.029383,
      0.005348,
      0.162577,
      0.023592,
      -0.141142,
      0.002626,
      -0.082396,
      -0.075815,
      0.026552,
      0.018646,
      -0.016975,
      0.114017,
      -0.094232,
      0.039733,
      0.113612,
      -0.005507,
      0.175757,
      -0.015134,
      -0.039356,
      0.083456,
      0.008393,
      0.03381,
      -0.00704,
      0.161405,
      0.056313,
      0.007607,
      0.079164,
      -0.004012,
      -0.049842,
      0.052557,
      -0.042033,
      0.05353,
      -0.103024,
      -0.008604,
      -0.136846,
      0.093775,
      0.203981,
      0.111937,
      0.032759,
      0.176052,
      -0.16683,
      0.112394,
      0.04322,
      0.061809,
      -0.003974,
      -0.120877,
      -0.034205,
      -0.157001,
      0.042504,
      -0.021527,
      -0.1514,
      0.052714,
      0.049938,
      0.065496,
      0.213277,
      -0.092845,
      -0.012653,
      -0.039626,
      -0.061119,
      -0.029753,
      -0.005416,
      -0.002872,
      0.198005,
      -0.067551,
      -0.169996,
      0.102299,
      -0.044905,
      -0.007162,
      -0.111363,
      -0.052729,
      0.092398,
      -0.018378,
      0.059855,
      -0.010052,
      0.090521,
      -0.007324,
      -0.185478,
      -0.047192,
      0.096684,
      -0.150549,
      0.19887,
      -0.169519,
      -0.017749,
      0.064769,
      0.141638,
      -0.02453,
      0.139558,
      0.118659,
      -0.132214,
      0.142469,
      -0.08271,
      0.032373,
      -0.029213,
      -0.055434,
      0.058405,
      -0.057222,
      -0.048847,
      -0.031771,
      -0.053353,
      -0.013601,
      -0.029173,
      0.099183,
      -0.186432,
      0.103144,
      -0.105533,
      0.097628,
      0.06086,
      0.055945,
      0.020224,
      -0.03829,
      -0.025274,
      0.155199,
      -0.106943,
      -0.125085,
      -0.048146,
      0.005027,
      0.024788,
      0.030494,
      -0.08295,
      -0.057856,
      0.139888,
      -0.040971,
      0.011232,
      0.158125,
      0.003675,
      -0.133515,
      0.119325,
      -0.018825,
      -0.102198,
      -0.083797,
      -0.048962,
      0.154984,
      -0.037754,
      0.02737,
      -0.191669,
      0.013777,
      -0.109878,
      0.146249,
      0.04582,
      -0.05551,
      -0.038586,
      -0.043822,
      0.037523,
      -0.036256,
      -0.113119,
      0.00579,
      0.117753,
      0.06449,
      -0.191114,
      0.067584,
      0.121644,
      -0.134553,
      -0.058499,
      0.016925,
      -0.08106,
      -0.023212,
      -0.020258,
      0.105155,
      0.063202,
      0.135769,
      0.184125,
      0.005183,
      0.17936,
      -0.036184,
      -0.068943,
      -0.010658,
      -0.148981,
      -0.140236,
      0.003056,
      0.059317,
      -0.118911,
      0.118201,
      -0.03342,
      -0.081624,
      -0.017034,
      -0.030923,
      0.066555,
      0.035641,
      0.042338,
      0.106953,
      -0.101411,
      -0.191986,
      -0.183847,
      -0.081401,
      -0.122215,
      0.177262,
      0.068847,
      -0.060622,
      -0.174112,
      0.091074,
      0.024774,
      -0.073312,
      0.044521,
      -0.04347,
      -0.109631,
      0.126192,
      0.074744,
      -0.016394,
      -0.057942,
      -0.144939,
      0.025404,
      -0.04356,
      0.134197,
      -0.004678,
      0.097087,
      -0.04166,
      0.132273,
      -0.178217,
      -0.174447,
      -0.001863,
      0.055551,
      0.111002,
      0.084377,
      0.061873,
      0.119504,
      -0.01594,
      0.080559,
      0.025644,
      -0.155684,
      0.190429,
      -0.038569,
      0.029643,
      0.141768,
      0.153815,
      0.014337,
      0.135277,
      0.043267,
      -0.005297,
      0.044849,
      0.140719,
      0.006111,
      -0.017177,
      -0.179307,
      -0.103179,
      0.121597,
      0.111173,
      -0.040371,
      0.005125,
      -0.138466,
      0.061193,
      0.052442,
      -0.002691,
      -0.061451,
      -0.053647,
      -0.072041,
      -0.069145,
      -0.088071,
      -0.08638,
      0.009761,
      0.046979,
      0.028883,
      0.080346,
      -0.178941,
      -0.124187,
      -0.019974,
      0.080915,
      -0.085664,
      -0.026112,
      0.071493,
      -0.084526,
      -0.015692,
      0.023716,
      0.091809,
      -0.056298,
      -0.027418,
      0.152008,
      0.046596,
      -0.011284,
      0.012978,
      -0.045849,
      0.045776,
      0.007046,
      0.01989,
      -0.034633,
      0.044505,
      0.062469,
      0.063512,
      0.034463,
      -0.00982,
      0.003576,
      -0.02944,
      0.199672,
      0.008519,
      -0.199621,
      -0.109362,
      0.028676,
      -0.17823,
      -0.05739,
      -0.077541,
      0.129784,
      -0.119077,
      0.134768,
      0.083105,
      0.114283,
      0.009213,
      0.173107,
      0.107345,
      -0.014902,
      -0.065087,
      -0.114725,
      -0.044705,
      0.151668,
      0.168585,
      0.138949,
      0.036798,
      -0.096625,
      -0.013441,
      -0.018513,
      -0.018751,
      -0.067182,
      -0.024305,
      0.181866,
      0.050757,
      0.024107,
      0.158058,
      -0.019647,
      -0.118284,
      0.030407,
      0.071658,
      0.207543,
      0.119786,
      -0.029926,
      -0.12351,
      0.148747,
      0.004475,
      0.114722,
      0.062307,
      0.094746,
      0.070802,
      0.051237,
      0.030226,
      0.039836,
      -0.081463,
      0.005232,
      0.065165,
      0.107292,
      0.024919,
      0.126433,
      -0.009459,
      0.057072,
      0.069946,
      0.038765,
      0.048366,
      -0.082503,
      0.011199,
      0.006522,
      -0.083041,
      0.058909,
      0.070952,
      0.031884,
      -0.008417,
      0.010802,
      0.086916,
      -0.09646,
      -0.050831,
      0.002949,
      -0.059693,
      -0.113213,
      0.021557,
      0.058808,
      0.004172,
      0.023367,
      -0.065551,
      0.087362,
      0.047663,
      0.041003,
      0.037821,
      -0.016665,
      -0.006144,
      0.121728,
      -0.100027,
      -0.096515,
      0.157459,
      0.005266,
      -0.059637,
      0.075901,
      0.148572,
      0.041138,
      -0.063321,
      -0.06316,
      -0.189526,
      -0.055971,
      0.059393,
      0.0373,
      -0.016417,
      -0.027847,
      0.004186,
      0.134527,
      -0.020215,
      -0.06755,
      -0.059932,
      -0.061951,
      0.022272,
      -0.034908,
      0.126445,
      0.056475,
      -0.015807,
      0.103257,
      0.110689,
      -0.067761,
      -0.037875,
      -0.058677,
      -0.042956,
      0.058739,
      0.004671,
      -0.064444,
      0.088049,
      0.055635,
      0.070497,
      0.035738,
      -0.004114,
      0.060952,
      -0.085576,
      0.00244,
      -0.083998,
      0.026009,
      -0.0576,
      -0.08359,
      -0.034371,
      0.019176,
      -0.01098,
      -0.037056,
      0.08734,
      0.096036,
      0.145531,
      0.004263,
      0.1204,
      -0.162115,
      -0.058883,
      0.026722,
      -0.038874,
      -0.009518,
      -0.126261,
      -0.018782,
      0.063357,
      0.191496,
      0.146397,
      0.113186,
      -0.063587,
      -0.020665,
      0.062608,
      -0.015222,
      0.084777,
      0.010867,
      -0.027817,
      -0.065374,
      0.040578,
      -0.013962,
      0.019611,
      -0.053128,
      0.119982,
      -0.015315,
      -0.042759,
      0.029398,
      0.100619,
      0.033424,
      0.094735,
      -0.076811,
      0.111018,
      0.024962,
      0.051291,
      0.048018,
      -0.042565,
      -0.037238,
      -0.139249,
      -0.056307,
      -0.073171,
      -0.030807,
      -0.077301,
      -0.029825,
      -0.008224,
      0.054181,
      -0.031018,
      -0.057585,
      -0.104637,
      -0.134688,
      -0.023813,
      0.129362,
      -0.128821,
      0.10303,
      -0.065031,
      0.055592,
      -0.113673,
      -0.002411,
      0.000444,
      0.000708,
      -0.066846,
      0.025766,
      0.025459,
      -0.038229,
      -0.081764,
      0.096415,
      0.058161,
      -0.046263,
      0.100135,
      -0.00173,
      0.011147,
      -0.109153,
      0.030716,
      0.101085,
      0.043158,
      -0.09936,
      0.105315,
      0.183104,
      -0.041008,
      0.044582,
      0.007735,
      0.091583,
      -0.041801,
      -0.051496,
      -0.069798,
      0.09405,
      -0.175479,
      0.031209,
      -0.053552,
      -0.067186,
      -0.015703,
      -0.065082,
      0.187286,
      0.045027,
      0.040145,
      -0.018817,
      0.031359,
      0.073822,
      0.066873,
      0.049602,
      0.026972,
      0.060403,
      -0.114091,
      -0.038161,
      -0.111815,
      0.09958,
      -0.025031,
      0.167789,
      0.14181,
      0.06732,
      -0.029817,
      -0.12857,
      -0.008519,
      -0.060647,
      -0.01749,
      -0.107083,
      -0.060241,
      -0.054343,
      -0.034001,
      -0.015256,
      0.103467,
      0.018118,
      0.010991,
      -0.033321,
      -0.003758,
      0.037568,
      0.137593,
      0.04648,
      0.042832,
      -0.061707,
      0.072442,
      -0.087277,
      -0.062718,
      -0.012968,
      -0.031448,
      -0.040624,
      -0.13553,
      -0.009022,
      -0.040767,
      0.044086,
      -0.150319,
      -0.03142,
      0.013638,
      0.008328,
      0.024775,
      0.165353,
      0.03709,
      0.019415,
      -0.042076,
      0.043305,
      -0.123172,
      -0.006221,
      -0.082204,
      -0.072347,
      0.197873,
      -0.192088,
      0.023825,
      -0.010673,
      -0.196907,
      0.04064,
      0.069154,
      -0.076778,
      0.044572,
      -0.003873,
      0.146376,
      0.077579,
      -0.084934,
      0.113346,
      0.010684,
      0.131549,
      -0.005104,
      0.008829,
      0.034542,
      0.031657,
      -0.003276,
      -0.132967,
      -0.081101,
      -0.036873,
      0.03823,
      0.029113,
      -0.047445,
      0.039497,
      0.003222,
      0.036884,
      0.001933,
      -0.008716,
      0.032549,
      0.00038,
      -0.185893,
      0.132617,
      0.075047,
      -0.097304,
      -0.050814,
      0.060502,
      -0.045881,
      0.058871,
      -0.037293,
      -0.18939,
      -0.00816,
      -0.08868,
      -0.080438,
      -0.072621,
      0.142981,
      0.153321,
      -0.031087,
      -0.017178,
      -0.078569,
      0.071323,
      0.015244,
      -0.042704,
      0.097682,
      -0.085908,
      0.047572,
      0.19847,
      0.066719,
      0.097749,
      -0.023341,
      -0.04341,
      0.06985,
      0.135788,
      -0.029702,
      0.00793,
      -0.067098,
      -0.121953,
      -0.041416,
      -0.060507,
      -0.189032,
      0.082404,
      0.015723,
      0.005105,
      0.100617,
      -0.077627,
      -0.022833,
      -0.066345,
      0.040506,
      0.083595,
      -0.037383,
      0.01344,
      0.132791,
      -0.161267,
      0.058569,
      0.050537,
      0.045778,
      0.140688,
      0.035674,
      -0.077719,
      0.127846,
      -0.076905,
      -0.114621,
      -0.041848,
      -0.008579,
      0.053204,
      -0.134835,
      -0.050714,
      0.12124,
      0.163603,
      0.154724,
      0.115098,
      0.055107,
      0.179635,
      -0.072088,
      -0.184541,
      0.015047,
      -0.125163,
      -0.012363,
      -0.086087,
      -0.004369,
      0.009948,
      0.028263,
      -0.063574,
      0.027718,
      -0.047795,
      -0.014921,
      -0.003401,
      0.059515,
      -0.055445,
      -0.070996,
      0.166422,
      -0.011516,
      -0.214242,
      -0.09935,
      -0.097475,
      -0.031621,
      -0.044052,
      -0.113298,
      -0.118229,
      -0.111053,
      -0.039798,
      -0.046298,
      0.122479,
      -0.045268,
      0.037022,
      -0.009413,
      0.014066,
      -0.063748,
      0.083768,
      0.068049,
      -0.00703,
      0.080761,
      0.080227,
      -0.039828,
      0.00558,
      -0.068624,
      -0.011238,
      -0.176238,
      -0.017795,
      0.187118,
      0.033389,
      -0.14565,
      -0.0404,
      -0.0923,
      0.01157,
      -0.010863,
      0.022635,
      -0.055349,
      -0.127275,
      0.132179,
      -0.0057,
      -0.058814,
      0.040955,
      -0.064181,
      -0.058133,
      -0.011151,
      0.188141,
      -0.046722,
      0.031087,
      0.204472,
      -0.065224,
      0.193408,
      0.097784,
      -0.072324,
      -0.024899,
      -0.199272,
      0.050882,
      0.012503,
      0.133876,
      0.219315,
      -0.032518,
      -0.096424,
      0.169892,
      0.009806,
      0.008721,
      -0.022757,
      -0.040228,
      -0.070562,
      -0.047131,
      -0.063608,
      0.146644,
      -0.084714,
      0.058659,
      0.004813,
      -0.099708,
      -0.095733,
      -0.025597,
      -0.133525,
      0.036396,
      -0.150756,
      -0.059244,
      -0.065855,
      0.138078,
      -0.079846,
      -0.19373,
      -0.057186,
      0.172542,
      0.112625,
      -0.195316,
      0.137148,
      -0.015536,
      -0.041922,
      0.096665,
      0.090131,
      -0.024592,
      0.048063,
      -0.034639,
      -0.087996,
      0.010873,
      -0.084674,
      -0.144787,
      0.076082,
      -0.042491,
      0.039817,
      -0.025524,
      0.004318,
      -0.031548,
      0.083575,
      -0.116747,
      -0.028659,
      -0.02992,
      -0.056371,
      0.102102,
      -0.091964,
      0.085211,
      0.117708,
      -0.118039,
      0.020638,
      0.076994,
      0.105503,
      -0.091847,
      0.038992,
      -0.077279,
      -0.150957,
      -0.172083,
      -0.133821,
      0.04134,
      0.121731,
      0.20851,
      -0.021315,
      0.016879,
      -0.188478,
      -0.026627,
      0.13724,
      -0.114264,
      -0.028102,
      0.074316,
      0.102585,
      0.185431,
      0.005531,
      -0.072382,
      -0.135849,
      -0.048308,
      0.14621,
      0.052451,
      0.002418,
      -0.052885,
      -0.062167,
      0.062387,
      0.135417,
      -0.01494,
      0.019583,
      0.04768,
      0.003301,
      0.012921,
      0.038561,
      -0.005108,
      0.010514,
      0.03906,
      -0.029749,
      -0.018427,
      0.011697,
      -0.051058,
      -0.0705,
      0.201344,
      -0.029738,
      -0.117073,
      -0.091518,
      0.078203,
      -0.066422,
      -0.016548,
      -0.010864,
      0.13037,
      -0.024653,
      -0.129316,
      -0.155914,
      -0.03757,
      -0.012913,
      0.015031,
      -0.086073,
      0.046521,
      0.099853,
      0.079505,
      0.064132,
      -0.032436,
      -0.211239,
      0.085029,
      -0.10355,
      0.122043,
      0.127162,
      -0.078517,
      -0.068333,
      0.152569,
      -0.002931,
      0.199513,
      -0.025862,
      -0.136015,
      0.166447,
      0.067559,
      0.011324,
      0.223946,
      -0.01444,
      -0.067338,
      -0.012856,
      -0.177874,
      0.003214,
      -0.039771,
      0.047424,
      0.132328,
      0.087272,
      -0.152442,
      0.061218,
      0.044778,
      -0.112942,
      0.073789,
      0.042814,
      -0.000801,
      -0.081584,
      -0.08812,
      0.087237,
      0.050174,
      -0.011932,
      -0.051596,
      -0.021771,
      0.189144,
      0.079002,
      -0.064577,
      -0.008856,
      0.012322,
      0.085788,
      -0.145404,
      0.003807,
      -0.056636,
      -0.012926,
      0.099979,
      -0.108455,
      -0.049516,
      -0.089489,
      -0.07652,
      0.134425,
      -0.075346,
      0.003968,
      0.141489,
      -0.055807,
      0.13037,
      -0.084675,
      0.113454,
      -0.005668,
      0.117903,
      -0.087678,
      -0.026352,
      0.01063,
      0.074559,
      -0.023498,
      0.034113,
      -0.119425,
      0.030095,
      -0.141485,
      -0.076477,
      0.1502,
      0.038718,
      0.041574,
      -0.047403,
      -0.101661,
      0.110991,
      -0.188239,
      0.047836,
      0.154554,
      -0.109169,
      -0.039163,
      -0.101229,
      0.084194,
      0.066984,
      0.141909,
      0.166352,
      0.106329,
      0.152799,
      0.043256,
      -0.005527,
      -0.000336,
      -0.020001,
      -0.025907,
      -0.121489,
      -0.053371,
      -0.135807,
      0.063584,
      0.018162,
      0.086322,
      -0.022887,
      -0.044829,
      -0.033872,
      -0.040304,
      -0.056191,
      0.009997,
      0.054849,
      -0.079311,
      -0.065416,
      0.019324,
      0.181515,
      -0.202487,
      -0.057843,
      -0.005849,
      0.162793,
      0.031523,
      -0.00666,
      0.028635,
      -0.062833,
      -0.107564,
      0.019742,
      0.075192,
      0.021332,
      -0.061542,
      -0.011026,
      0.029487,
      -0.080548,
      -0.003393,
      -0.034329,
      0.179795,
      0.031144,
      -0.013047,
      0.047924,
      0.060367,
      -0.0864,
      -0.040438,
      -0.007485,
      0.155494,
      0.055208,
      -0.143226,
      0.076782,
      -0.142275,
      0.080253,
      0.000236,
      0.06923,
      -0.04663,
      -0.109363,
      0.102125,
      0.04912,
      0.039601,
      0.1825,
      -0.012564,
      0.066567,
      -0.018944,
      -0.018288,
      0.145851,
      -0.056301,
      -0.102575,
      -0.075531,
      -0.04666,
      0.08705,
      0.107,
      0.04819,
      0.104791,
      -0.006892,
      -0.112483,
      -0.134539,
      -0.036389,
      0.082973,
      0.028268,
      -0.098017,
      0.008361,
      0.091767,
      -0.162875,
      0.013439,
      0.167721,
      -0.047088,
      -0.086956,
      -0.134307,
      0.018482,
      0.225449,
      -0.126045,
      -0.02729,
      0.14787,
      -0.143076,
      -0.119305,
      -0.054734,
      0.057466,
      -0.037033,
      -0.12126,
      -0.065798,
      0.074464,
      0.044658,
      0.004424,
      -0.169022,
      0.007891,
      0.114782,
      -0.030834,
      0.01605,
      0.186888,
      -0.124325,
      0.110178,
      0.075755,
      0.039832,
      -0.059741,
      0.076747,
      -0.050182,
      -0.05235,
      -0.100222,
      -0.04895,
      0.089826,
      -0.032734,
      -0.048883,
      0.130177,
      -0.025151,
      0.001948,
      0.109297,
      -0.153699,
      0.0102,
      0.08347,
      -0.017777,
      -0.152374,
      -0.013895,
      -0.151391,
      0.078716,
      -0.017546,
      0.022338,
      0.048415,
      -0.113067,
      0.077108,
      0.044357,
      -0.100296,
      -0.026711,
      -0.034558,
      -0.037284,
      0.066089,
      0.072053,
      0.023183,
      -0.067853,
      -0.028599,
      -0.06576,
      0.089154,
      -0.094717,
      0.045405,
      0.070573,
      -0.050226,
      -0.055577,
      -0.097814,
      -0.007405,
      0.009287,
      0.012335,
      0.014567,
      -0.042745,
      0.041778,
      0.142791,
      -0.094773,
      0.036318,
      0.019119,
      -0.094108,
      -0.087164,
      -0.116279,
      0.047504,
      0.048017,
      0.097312,
      0.004402,
      -0.034224,
      -0.003818,
      0.065776,
      -0.002231,
      0.127533,
      0.11303,
      0.064519,
      -0.131235,
      0.106919,
      -0.049244,
      0.088266,
      0.128588,
      -0.033676,
      0.087468,
      -0.058274,
      0.008543,
      -0.088408,
      -0.024602,
      -0.142327,
      0.097875,
      0.050688,
      -0.042038,
      -0.083932,
      -0.066547,
      0.037043,
      0.006107,
      -0.060008,
      0.002785,
      0.034561,
      0.02338,
      0.010404,
      0.0813,
      0.027477,
      -0.141622,
      -0.154886,
      -0.045725,
      0.09464,
      -0.084419,
      0.030298,
      0.084959,
      0.040557,
      -0.055645,
      0.004646,
      -0.118368,
      -0.121023,
      -0.042019,
      -0.052797,
      -0.045931,
      0.053448,
      0.05798,
      0.040098,
      -0.011209,
      -0.031044,
      0.063415,
      -0.081451,
      -0.014216,
      -0.071611,
      -0.013836,
      0.098373,
      0.160003,
      -0.042981,
      0.029205,
      -0.150511,
      0.207753,
      0.073424,
      0.057698,
      -0.086448,
      0.018997,
      0.014712,
      -0.053873,
      0.084452,
      0.080347,
      0.00163,
      -0.044404,
      -0.102874,
      0.032669,
      -0.053869,
      -0.058698,
      -0.004067,
      0.040694,
      0.031849,
      0.036221,
      0.034885,
      -0.014368,
      0.001243,
      0.016702,
      0.018514,
      -0.022971,
      -0.078433,
      0.027172,
      0.060688,
      -0.050912,
      0.122972,
      0.161908,
      0.167257,
      -0.008963,
      -0.022182,
      -0.072314,
      0.02186,
      -0.007798,
      0.054885,
      -0.031238,
      0.142017,
      -0.062778,
      -0.108935,
      0.03689,
      0.027022,
      0.061439,
      -0.033475,
      0.153862,
      0.003679,
      0.06214,
      0.022518,
      -0.061927,
      -0.087477,
      -0.03965,
      -0.048034,
      0.006222,
      -0.183818,
      -0.107745,
      -0.138735,
      -0.086705,
      0.062411,
      -5.1e-05,
      -0.09457,
      0.042178,
      -0.089276,
      0.148072,
      0.015396,
      0.109865,
      -0.02323,
      -0.062751,
      -0.033845,
      -0.090949,
      0.010828,
      0.037477,
      -0.053789,
      0.109757,
      0.110456,
      -0.080727,
      0.108498,
      0.119434,
      0.175926,
      0.042838,
      0.031089,
      -0.071488,
      -0.0693,
      0.073379,
      -0.159317,
      0.168519,
      0.011255,
      -0.040272,
      0.050092,
      -0.065916,
      -0.02809,
      -0.0434,
      0.042066,
      0.104163,
      0.085851,
      0.090196,
      -0.024532,
      0.043827,
      0.026708,
      0.152143,
      0.043198,
      0.084884,
      0.003471,
      -0.106583,
      -0.07855,
      -0.020406,
      0.152187,
      0.03629,
      0.007598,
      -0.030219,
      0.19719,
      0.038175,
      -0.086533,
      0.036973,
      -0.155211,
      0.030833,
      -0.046602,
      0.014516,
      0.036376,
      -0.087654,
      -0.016422,
      0.102119,
      0.137058,
      0.086716,
      0.026873,
      -0.075084,
      0.024441,
      -0.140128,
      -0.043593,
      -0.002763,
      0.08387,
      -0.087843,
      0.041974,
      0.147278,
      -0.031098,
      -0.071955,
      0.074299,
      -0.030231,
      -0.063367,
      -0.186747,
      -0.148104,
      -0.016254,
      -0.014226,
      -0.099133,
      0.053846,
      -0.001365,
      -0.041533,
      -0.007771,
      0.053409,
      -0.00694,
      -0.074281,
      0.003266,
      -0.084011,
      -0.040336,
      0.166546,
      0.117559,
      0.043764,
      0.111645,
      -0.063035,
      -0.062055,
      0.058148,
      0.007521,
      -0.036197,
      0.183424,
      0.11305,
      -0.125488,
      0.03913,
      -0.004098,
      -0.061708,
      -0.235928,
      -0.01553,
      0.000217,
      0.01028,
      -0.154839,
      0.02393,
      0.080002,
      0.045967,
      0.143669,
      0.032664,
      -0.082967,
      -0.122119,
      -0.143407,
      0.046817,
      0.039515,
      0.007464,
      0.063215,
      0.072119,
      -0.197324,
      0.028239,
      -0.051613,
      -0.151643,
      0.203496,
      0.104197,
      -0.031162,
      -0.095044,
      -0.03613,
      0.053017,
      -0.019678,
      -0.088986,
      0.078995,
      0.048791,
      -0.003776,
      0.003014,
      -0.121454,
      0.037229,
      0.113487,
      0.137627,
      -0.014675,
      0.010473,
      -0.112198,
      -0.062148,
      0.142946,
      -0.017867,
      0.132574,
      -0.061267,
      -0.167416,
      0.085491,
      0.027507,
      -0.007253,
      -0.023478,
      0.003388,
      -0.098892,
      -0.094459,
      0.013157,
      0.08432,
      0.073803,
      0.027148,
      -0.095357,
      -0.049229,
      -0.000659,
      -0.031636,
      0.098627,
      0.114976,
      0.074665,
      0.089932,
      -0.041841,
      -0.058688,
      0.147244,
      -0.134757,
      -0.038277,
      0.138287,
      -0.077559,
      0.018884,
      0.108125,
      -0.007658,
      -0.076048,
      -0.026792,
      0.07837,
      -0.01744,
      -0.103461,
      -0.060208,
      0.17307,
      -0.151052,
      -0.040589,
      -0.087421,
      0.000624,
      0.189516,
      0.068203,
      -0.135237,
      -0.060858,
      -0.128025,
      0.061141,
      -0.061571,
      0.190651,
      -0.027213,
      0.025866,
      0.041726,
      -0.050258,
      0.123539,
      0.086969,
      0.001127,
      -0.018665,
      -0.112825,
      -0.001698,
      0.142794,
      -0.122906,
      -0.112633,
      -0.062787,
      0.065746,
      0.020595,
      -0.037571,
      0.080534,
      0.038644,
      -0.04804,
      -0.163148,
      -0.088114,
      -0.099048,
      -0.025928,
      0.080869,
      -0.053309,
      0.097172,
      0.046366,
      0.193374,
      -0.012715,
      -0.0179,
      0.01243,
      0.086725,
      0.050002,
      0.006946,
      -0.160917,
      -0.109069,
      -0.161546,
      -0.070383,
      0.102872,
      0.064003,
      0.01041,
      0.062295,
      0.097204,
      -0.192378,
      -0.050836,
      0.026448,
      -0.131679,
      -0.072594,
      0.073193,
      -0.159316,
      -0.020175,
      0.010545,
      0.175114,
      0.032524,
      -0.144291,
      0.026195,
      0.154349,
      0.036299,
      0.176243,
      0.069976,
      0.042226,
      -0.035978,
      -0.096685,
      -0.045998,
      -0.025395,
      -0.059031,
      -0.054063,
      -0.000129,
      -0.100773,
      -0.129392,
      -0.026053,
      -0.063192,
      0.087485,
      -0.164448,
      0.127,
      0.061729,
      -0.074056,
      0.109391,
      -0.154571,
      -0.183001,
      -0.188672,
      -0.044862,
      0.037667,
      -0.011196,
      0.030057,
      -0.038162,
      0.005419,
      0.00827,
      0.156003,
      0.139663,
      0.020908,
      0.025081,
      -0.0343,
      -0.031143,
      -0.193304,
      0.190211,
      0.162297,
      0.054364,
      -0.045765,
      -0.120398,
      -0.198113,
      -0.05558,
      -0.056715,
      0.01981,
      -0.08985,
      0.023899,
      0.074591,
      -0.159565,
      -0.049063,
      -0.041822,
      -0.03076,
      -0.058041,
      -0.056445,
      0.043972,
      -0.020769,
      -0.010865,
      0.068137,
      -0.027752,
      -0.015182,
      -0.026518,
      -0.140293,
      -0.05764,
      0.04182,
      0.043158,
      0.040382,
      0.008626,
      0.110542,
      -0.152049,
      0.004576,
      0.064664,
      -0.069889,
      0.075212,
      0.0157,
      0.209104,
      -0.015205,
      0.041251,
      -0.066401,
      0.091229,
      -0.075087,
      -0.139686,
      0.05758,
      0.105038,
      0.153137,
      0.060964,
      0.13196,
      0.076343,
      -0.200677,
      0.047357,
      0.066427,
      -0.156406,
      -0.143198,
      0.007611,
      0.00349,
      0.068505,
      -0.016653,
      0.006932,
      -0.039665,
      0.10997,
      0.017378,
      0.068161,
      0.166954,
      -0.072875,
      -0.061199,
      -0.131821,
      0.050164,
      0.086277,
      0.034473,
      -0.063366,
      -0.071632,
      0.08887,
      -0.036282,
      0.001445,
      0.103734,
      0.057453,
      -0.144001,
      0.021497,
      -0.090987,
      0.067505,
      -0.030619,
      -0.142519,
      -0.091634,
      0.153096,
      -0.075924,
      -0.151897,
      0.081118,
      -0.032857,
      -0.159875,
      -0.074306,
      -0.102861,
      0.046552,
      0.120898,
      0.145372,
      0.126194,
      0.107784,
      -0.05567,
      0.070914,
      -0.046419,
      0.142364,
      -0.006638,
      0.085252,
      -0.037726,
      0.146177,
      0.091202,
      -0.045751,
      0.106211,
      0.150853,
      0.124276,
      0.198632,
      0.047708,
      -0.118839,
      0.102894,
      -0.101893,
      -0.093021,
      0.083333,
      0.055561,
      0.145046,
      -0.089744,
      -0.03212,
      -0.038444,
      0.022772,
      0.164027,
      -0.019612,
      0.011336,
      -0.094532,
      -0.09332,
      0.040272,
      -0.110722,
      0.024347,
      0.183294,
      -0.039385,
      -0.057598,
      -0.077248,
      0.142656,
      0.132806,
      -0.058427,
      -0.053591,
      -0.094847,
      0.039371,
      0.072921,
      -0.113689,
      0.007083,
      -0.034874,
      0.105369,
      0.070708,
      0.026471,
      -0.051338,
      -0.034181,
      0.059854,
      0.017552,
      0.039148,
      0.012813,
      0.039142,
      -0.001116,
      -0.024985,
      0.075524,
      0.207875,
      0.03253,
      -0.042481,
      -0.115703,
      -0.002741,
      -0.170347,
      0.008515,
      -0.085685,
      -0.019297,
      0.029307,
      0.034378,
      0.14739,
      -0.115666,
      -0.048739,
      -0.083167,
      -0.006658,
      -0.124013,
      -0.091322,
      0.020852,
      -0.06157,
      0.001876,
      -0.049308,
      0.012463,
      0.002768,
      0.033677,
      -0.022108,
      0.130886,
      -0.023081,
      0.109927,
      0.162987,
      -0.094545,
      -0.095061,
      -0.033046,
      0.020284,
      0.056221,
      0.101424,
      -0.095783,
      0.026567,
      -0.127075,
      0.006102,
      -0.154026,
      0.136312,
      -0.140529,
      -0.073006,
      0.128202,
      0.023118,
      0.05766,
      0.063899,
      0.144914,
      0.117294,
      -0.043198,
      0.069067,
      -0.023499,
      0.089257,
      0.202201,
      -0.104679,
      0.117591,
      -0.080939,
      0.064886,
      0.185374,
      -0.094385,
      -0.1176,
      -0.0036,
      -0.088821,
      0.130101,
      -0.022878,
      0.004525,
      -0.06297,
      -0.141128,
      0.070946,
      0.110075,
      0.042072,
      -0.045947,
      0.124778,
      0.022774,
      0.167716,
      -0.094732,
      0.000769,
      0.147612,
      -0.064136,
      -0.049126,
      0.108737,
      0.108908,
      0.070263,
      0.060852,
      0.059182,
      -0.028295,
      0.097623,
      0.140927,
      0.00222,
      0.113263,
      0.162452,
      0.063134,
      -0.070674,
      0.0238,
      -0.177504,
      -0.083024,
      -0.070757,
      0.13236,
      0.007523,
      0.083619,
      0.015446,
      -0.074416,
      -0.06088,
      -0.176859,
      -0.093833,
      -0.183112,
      -0.027827,
      -0.063775,
      0.097795,
      0.13276,
      0.062964,
      0.151349,
      0.116976,
      0.158769,
      -0.087944,
      0.01457,
      0.013428,
      0.045793,
      -0.141985,
      -0.010104,
      0.08428,
      -0.036336,
      -0.228525,
      -0.129361,
      -0.049576,
      -0.151292,
      0.078593,
      -0.065511,
      -0.01307,
      -0.090801,
      0.083563,
      0.003945,
      0.023839,
      0.041381,
      -0.063578,
      0.118778,
      0.004147,
      -0.120815,
      -0.013657,
      -2.4e-05,
      -0.116656,
      0.015477,
      -0.116586,
      -0.019145,
      -0.188399,
      -0.031429,
      0.105064,
      -0.034292,
      -0.090498,
      -0.205604,
      -0.14848,
      0.109576,
      -0.016794,
      0.220236,
      0.066229,
      0.112804,
      0.121241,
      -0.098701,
      -0.058814,
      -0.091105,
      -0.001195,
      0.179976,
      0.109162,
      0.114961,
      -0.187919,
      -0.133551,
      0.046948,
      -0.130847,
      -0.068224,
      0.106487,
      -0.120913,
      0.018475,
      -0.066309,
      0.064681,
      -0.179732,
      0.069176,
      -0.182219,
      0.132427,
      0.143176,
      -0.15679,
      -0.014255,
      -0.125254,
      -0.112521,
      0.150184,
      -0.005824,
      -0.115644,
      -0.044731,
      0.002407,
      0.215745,
      0.173012,
      -0.063773,
      0.053335,
      -0.008411,
      0.014473,
      -0.038604,
      0.069175,
      0.183934,
      -0.154615,
      -0.02197,
      0.043886,
      -0.067547,
      0.229912,
      0.0031,
      -0.002579,
      -0.154468,
      -0.005291,
      -0.009535,
      -0.039141,
      0.087135,
      -0.133615,
      -0.016488,
      -0.054216,
      -0.144928,
      0.012695,
      -0.079355,
      0.024454,
      -0.12185,
      -0.047432,
      -0.098287,
      -0.00827,
      0.076968,
      0.047805,
      0.035159,
      0.002227,
      -0.144099,
      0.011277,
      -0.093943,
      0.103842,
      0.175349,
      0.126308,
      0.006457,
      0.151346,
      -0.100355,
      0.013025,
      -0.05288,
      -0.025882,
      0.123344,
      -0.086801,
      0.067046,
      -0.096463,
      -0.079408,
      -0.110461,
      0.066605,
      -0.006289,
      0.021269,
      -0.118775,
      -0.089156,
      -0.011212,
      -0.146569,
      0.018189,
      0.186563,
      -0.045517,
      0.136907,
      0.029007,
      0.045471,
      -0.180707,
      -0.083406,
      0.037676,
      0.15038,
      -0.212669,
      0.050964,
      -0.089013,
      0.134958,
      -0.146663,
      0.046251,
      -0