# Chunk number: 25 of 37

 0.18477,
          0.133979,
          -0.1917,
          0.079016,
          0.137297,
          -0.180733,
          -0.201162,
          -0.185508,
          -0.024918,
          0.146287,
          -0.058792,
          -0.152428,
          -0.00622,
          0.009014,
          0.015058,
          0.005535,
          -0.062131,
          0.042999,
          0.180842,
          -0.087245,
          -0.117096,
          0.021628,
          -0.020796,
          0.045973,
          0.187526,
          -0.175677,
          0.050281,
          0.021996,
          -0.057925,
          0.009607,
          -0.082681,
          0.127404,
          -0.062965,
          0.07214,
          -0.106348,
          -0.142183,
          -0.206317,
          0.19758,
          -0.1299,
          0.204341,
          0.159646,
          -0.037618,
          0.168885,
          0.096781,
          -0.001812,
          -0.132754,
          -0.129529,
          -0.11315,
          -0.129118,
          -0.031729,
          0.088273,
          -0.190005,
          -0.166966,
          -0.169643,
          -0.068242,
          0.115546,
          0.051439,
          0.040179,
          -0.022045,
          -0.189749,
          -0.047573,
          -0.088031,
          -0.005942,
          0.102146,
          -0.02065,
          -0.163788,
          0.037464,
          -0.076401,
          0.1711,
          -0.012355,
          -0.063796,
          -0.034793,
          -0.168539,
          -0.148481,
          -0.042898,
          -0.141707,
          -0.193386,
          -0.085863,
          0.071414,
          -0.061364,
          0.066681,
          0.101991,
          -0.09053,
          0.139347,
          0.034501,
          0.166913,
          0.113613,
          -0.097472,
          -0.057446,
          -0.111136,
          0.094339,
          0.086919,
          0.059908,
          -0.043703,
          -0.185947,
          -0.108507,
          0.068964,
          -0.067162,
          -0.180362,
          -0.086587,
          -0.063512,
          0.004202,
          0.169899,
          0.087014,
          -0.135711,
          -0.102322,
          -0.052325,
          0.198976,
          -0.171428,
          0.012869,
          -0.16167,
          0.098244,
          0.015488,
          0.143566,
          -0.123862,
          0.132208,
          -0.156086,
          0.05809,
          0.207486,
          -0.057352,
          -0.009028,
          0.135851,
          0.04593,
          -0.042696,
          0.018923,
          -0.067555,
          -0.049323,
          -0.20943,
          0.153571,
          -0.000907,
          -0.166839,
          -0.171136,
          -0.11917,
          0.026409,
          0.139074,
          -0.12185,
          -0.068331,
          0.163334,
          -0.196449,
          -0.018297,
          0.213503,
          0.121688,
          0.047929,
          -0.151122,
          -0.001969,
          -0.031704,
          0.038344,
          0.237365,
          -0.082792,
          0.086475,
          -0.189281,
          -0.179602,
          -0.031431,
          -0.050511,
          -0.039005,
          -0.015027,
          0.03154,
          0.003808,
          0.158812,
          0.03395,
          -0.188011,
          -0.097653,
          -0.027882,
          0.050166,
          -0.057873,
          0.135069,
          0.010848,
          -0.212553,
          -0.072973,
          -0.0709,
          0.064928,
          -0.156224,
          0.075821,
          0.211635,
          0.055092,
          0.122156,
          0.003143,
          -0.089021,
          -0.076238,
          -0.162841,
          -0.030974,
          -0.133022,
          -0.007534,
          -0.063411,
          0.095148,
          0.085135,
          0.040473,
          -0.170742,
          0.015494,
          -0.118093,
          0.123554,
          0.094871,
          -0.14416,
          -0.112753,
          -0.007023,
          0.075407,
          -0.009778,
          0.081038,
          0.168471,
          -0.077641,
          0.167433,
          0.093556,
          0.077456,
          -0.062887,
          0.043494,
          -0.06302,
          -0.09552,
          0.0064,
          -0.190803,
          0.057687,
          -0.165163,
          -0.156017,
          0.077929,
          -0.129517,
          0.077666,
          0.016565,
          0.068134,
          -0.053262,
          0.151376,
          0.0126,
          -0.131102,
          0.103112,
          -0.126979,
          0.072773,
          -0.125196,
          0.08693,
          -0.216498,
          -0.092735,
          -0.144142,
          0.033735,
          -0.065813,
          0.10106,
          0.176961,
          0.057626,
          -0.121331,
          0.085851,
          -0.026869,
          0.01878,
          -0.069214,
          -0.076063,
          -0.146642,
          -0.073452,
          -0.062511,
          0.010999,
          -0.022553,
          0.122606,
          -0.058195,
          0.171422,
          -0.156233,
          -0.034735,
          -0.129097,
          0.034491,
          0.013566,
          0.128983,
          -0.175819,
          0.132933,
          0.127991,
          -0.055958,
          0.187508,
          -0.146028,
          0.035505,
          0.189503,
          -0.093545,
          -0.128688,
          0.160026,
          -0.099752,
          0.145446,
          -0.055309,
          -0.022305,
          0.000785,
          -0.105287,
          0.126789,
          -0.054702,
          0.205216,
          0.056369,
          0.190292,
          0.054809,
          -0.052462,
          0.053394,
          0.084699,
          0.009621,
          0.036737,
          0.154423,
          0.164917,
          -0.026807,
          -0.071458,
          0.004271,
          0.084294,
          -0.011337,
          -0.144065,
          0.015771,
          -0.11172,
          -0.064513,
          0.131972,
          -0.06823,
          0.107957,
          0.169496,
          0.079591,
          0.062166,
          -0.176098,
          0.107267,
          -0.00871,
          0.031877,
          -0.153168,
          -0.064447,
          0.052555,
          -0.084264,
          -0.145661,
          -0.108185,
          0.018179,
          -0.03345,
          0.178051,
          0.011638,
          0.017739,
          -0.16232,
          0.055145,
          -0.098661,
          -0.038547,
          0.066788,
          -0.028947,
          -0.016152,
          -0.132236,
          0.020214,
          0.043103,
          -0.002473,
          0.099607,
          -0.056276,
          -0.089661,
          -0.179506,
          -0.167616,
          0.178902,
          -0.203802,
          0.052318,
          0.106015,
          0.118185,
          0.111669,
          -0.056729,
          -0.13143,
          -0.168313,
          -0.124124,
          0.043138,
          0.14663,
          -0.18517,
          -0.141453,
          0.005478,
          -0.095427,
          0.189405,
          -0.019723,
          -0.1835,
          -0.001111,
          0.131136,
          0.024519,
          -0.163871,
          -0.136389,
          -0.159034,
          -0.131881,
          -0.07862,
          -0.12853,
          -0.126756,
          -0.047301,
          0.055477,
          0.034187,
          -0.171994,
          -0.097684,
          -0.036211,
          0.19625,
          0.155452,
          0.134162,
          -0.15501,
          0.045455,
          0.031991,
          -0.010439,
          0.146457,
          0.071798,
          -0.046855,
          0.206567,
          -0.061047,
          -0.093097,
          -0.004553,
          -0.078578,
          -0.049331,
          0.10266,
          0.203479,
          0.167649,
          -0.145253,
          0.137005,
          0.198509,
          0.06066,
          0.129089,
          0.101491,
          0.151062,
          0.19094,
          0.125743,
          -0.066861,
          0.151654,
          0.02086,
          0.120497,
          0.057078,
          -0.010832,
          0.208429,
          -0.092717,
          -0.133977,
          0.129193,
          -0.00637,
          -0.046838,
          -0.156405,
          0.125042,
          -0.047741,
          -0.208465,
          0.047055,
          -0.103674,
          0.074784,
          -0.167365,
          -0.091874,
          -0.073378,
          0.015858,
          -0.073848,
          -0.064436,
          0.00563,
          0.008883,
          -0.121781,
          -0.104066,
          0.055117,
          -0.181136,
          -0.122546,
          -0.137619,
          -0.075808,
          -0.09222,
          -0.018172,
          0.009603,
          0.106152,
          0.112514,
          0.107258,
          -0.033731,
          0.05224,
          0.140305,
          -0.120498,
          0.038046,
          0.038894,
          0.007092,
          -0.07608,
          0.101012,
          -0.157205,
          -0.050198,
          0.005047,
          0.044088,
          0.142617,
          0.060374,
          -0.129873,
          -0.206924,
          -0.164622,
          -0.019152,
          0.070356,
          0.077422,
          -0.039615,
          -0.035356,
          0.063815,
          0.091281,
          0.157,
          0.001767,
          -0.052553,
          0.134857,
          0.037061,
          0.043861,
          0.124158,
          0.089146,
          0.17394,
          -0.09128,
          0.144774,
          -0.100244,
          -0.066253,
          0.068445,
          -0.132353,
          -0.17454,
          -0.104345,
          -0.102799,
          -0.166535,
          -0.154951,
          0.060425,
          -0.124197,
          0.036815,
          0.137153,
          0.031605,
          0.039199,
          -0.147194,
          -0.086735,
          -0.104838,
          -0.029393,
          -0.034345,
          0.009823,
          -0.044668,
          -0.047811,
          -0.210312,
          -0.194647,
          -0.075383,
          0.163094,
          0.046585,
          0.166548,
          -0.150063,
          0.006676,
          0.054724,
          -0.028734,
          0.032091,
          0.169424,
          0.175633,
          -0.116911,
          0.16255,
          0.029642,
          0.14326,
          -0.125305,
          0.025586,
          0.180049,
          0.07798,
          0.169402,
          0.032287,
          0.102707,
          0.037602,
          0.173236,
          0.015985,
          0.032289,
          -0.018332,
          0.110388,
          -0.169677,
          -0.10516,
          0.066503,
          0.005134,
          0.015187,
          -0.136309,
          -0.065094,
          0.0036,
          -0.175762,
          0.116681,
          -0.156123,
          -0.008702,
          0.140864,
          0.029745,
          0.075498,
          -0.019688,
          0.175956,
          -0.144358,
          0.094465,
          0.200481,
          0.156539,
          -0.005158,
          -0.13458,
          -0.141168,
          -0.107892,
          0.192504,
          -0.09219,
          0.168045,
          -0.06664,
          -0.131984,
          0.136782,
          -0.114515,
          -0.135621,
          -0.086951,
          0.056729,
          0.127329,
          -0.036201,
          -0.19229,
          0.057765,
          -0.14556,
          0.043831,
          -0.077705,
          0.169583,
          -0.089555,
          -0.020366,
          0.040873,
          0.15022,
          0.070956,
          0.102,
          -0.20557,
          0.082274,
          0.158331,
          -0.134172,
          0.130192,
          -0.099103,
          -0.174971,
          0.056769,
          0.065517,
          -0.134337,
          0.182075,
          0.135092,
          -0.142961,
          -0.190515,
          0.076752,
          -0.024351,
          0.191198,
          -0.148252,
          0.089787,
          0.107644,
          0.038466,
          -0.00982,
          0.157517,
          0.039875,
          -0.016739,
          -0.032471,
          -0.181883,
          0.084966,
          -0.065446,
          -0.055609,
          0.079785,
          -0.192617,
          -0.074521,
          0.211055,
          0.155826,
          -0.149917,
          -0.070953,
          0.126187,
          0.147417,
          -0.152662,
          -0.05913,
          0.002622,
          -0.143288,
          0.124989,
          0.128113,
          -0.092217,
          -0.100169,
          -0.162467,
          -0.220717,
          0.071574,
          -0.022068,
          -0.176193,
          -0.180159,
          0.123899,
          0.155919,
          -0.00975,
          -0.003722,
          -0.125199,
          0.173917,
          -0.185584,
          -0.04965,
          -0.182608,
          -0.151575,
          0.062825,
          0.204265,
          -0.113592,
          -0.1586,
          0.121142,
          0.107837,
          -0.004088,
          0.087364,
          0.124123,
          0.11912,
          -0.083653,
          -0.022974,
          0.198664,
          -0.118016,
          -0.07594,
          -0.115463,
          -0.012332,
          -0.124367,
          0.023361,
          0.014634,
          0.119802,
          -0.068737,
          -0.191118,
          0.07197,
          0.14736,
          0.145374,
          0.148512,
          -0.115728,
          0.04422,
          -0.177797,
          0.111567,
          0.021665,
          -0.002952,
          0.049256,
          0.156171,
          -0.090724,
          -0.028818,
          -0.003627,
          -0.034131,
          -0.132319,
          -0.102642,
          0.130305,
          -0.018419,
          -0.204352,
          0.026957,
          -0.017615,
          0.182069,
          0.131982,
          -0.094395,
          0.045475,
          0.034479,
          0.098387,
          0.053556,
          -0.033459,
          0.096826,
          -0.111366,
          -0.140122,
          -0.011049,
          -0.168701,
          0.032842,
          -0.026445,
          -0.0957,
          -0.209063,
          0.095398,
          -0.201866,
          -0.094259,
          0.10138,
          0.033931,
          0.083172,
          0.161616,
          -0.139393,
          -0.053929,
          0.054823,
          -0.017565,
          -0.173349,
          0.028644,
          0.095341,
          0.124308,
          0.07303,
          -0.138542,
          -0.056267,
          0.143303,
          0.136407,
          -0.081608,
          -0.123548,
          -0.083367,
          -0.18729,
          0.102207,
          -0.085237,
          0.187028,
          0.163796,
          0.184006,
          0.076843,
          0.199948,
          -0.081708,
          -0.0602,
          -0.133531,
          -0.202125,
          0.132489,
          -0.114718,
          0.008361,
          0.005137,
          0.141628,
          0.082244,
          -0.08229,
          0.053379,
          0.021703,
          0.054379,
          -0.118968,
          -0.151973,
          0.075602,
          0.110365,
          -0.090761,
          -0.124609,
          -0.144525,
          0.012463,
          0.166475,
          -0.204073,
          0.220563,
          -0.002906,
          -0.198171,
          -0.06075,
          -0.091404,
          -0.03015,
          0.07133,
          0.151859,
          -0.08878,
          0.170145,
          -0.084658,
          0.026829,
          0.032858,
          -0.233325,
          -0.178044,
          0.110946,
          0.183064,
          -0.153823,
          0.076646,
          0.04792,
          -0.123772,
          -0.035823,
          -0.15801,
          0.047915,
          -0.023774,
          -0.105402,
          0.08183,
          0.117341,
          -0.14248,
          0.008068,
          0.074909,
          -0.008079,
          0.11868,
          -0.144257,
          0.16439,
          0.22576,
          -0.189697,
          -0.122145,
          -0.114658,
          0.055419,
          -0.06473,
          0.059817,
          0.103534,
          -0.028692,
          0.043808,
          -0.133076,
          0.114916,
          0.121852,
          -0.082897,
          -0.177109,
          0.185408,
          0.130558,
          -0.005716,
          -0.03254,
          -0.162375,
          -0.075952,
          -0.026007,
          0.177193,
          0.110844,
          0.127781,
          -0.164598,
          0.077769,
          -0.107734,
          0.173882,
          0.140153,
          0.09251,
          -0.011958,
          0.098657,
          0.024372,
          -0.161067,
          -0.132775,
          0.062617,
          -0.062802,
          -0.084662,
          0.110724,
          0.070335,
          -0.150891,
          -0.17975,
          -0.132399,
          0.107025,
          -0.035051,
          0.092842,
          -0.166237,
          -0.166796,
          -0.062924,
          -0.073694,
          0.030111,
          0.202915,
          -0.06031,
          0.148067,
          0.175835,
          -0.154595,
          0.069147,
          0.081528,
          0.112285,
          0.148296,
          0.083663,
          -0.020093,
          0.151554,
          -0.001611,
          0.194409,
          0.088472,
          -0.126628,
          -0.164059,
          -0.146327,
          0.083522,
          0.121964,
          0.166996,
          0.066176,
          0.139878,
          -0.038623,
          -0.062353,
          0.196795,
          0.189526,
          -0.178991,
          0.010446,
          -0.077986,
          0.184039,
          0.162703,
          0.005615,
          -0.129611,
          -0.144686,
          0.191189,
          -0.083675,
          0.197817,
          -0.061481,
          -0.053148,
          -0.149353,
          0.10789,
          0.130022,
          -0.021462,
          0.079271,
          -0.19098,
          0.00628,
          0.019548,
          0.089938,
          -0.032035,
          -0.027274,
          -0.013885,
          -0.166901,
          -0.00044,
          0.091948,
          0.070016,
          -0.089619,
          0.063189,
          -0.038189,
          -0.022945,
          -0.014279,
          -0.054385,
          0.058955,
          0.007576,
          -0.171816,
          0.120098,
          -0.055381,
          0.049114,
          -0.116113,
          0.036451,
          0.107432,
          -0.036391,
          -0.008535,
          0.080242,
          -0.157015,
          -0.15191,
          -0.179059,
          -0.105991,
          0.055023,
          0.019621,
          -0.021782,
          -0.106669,
          0.108432,
          0.062937,
          -0.07289,
          -0.064083,
          -0.023799,
          -0.132552,
          -0.0926,
          -0.149881,
          -0.226558,
          0.102443,
          -0.112933,
          0.164528,
          -0.039182,
          -0.009465,
          -0.03867,
          0.06655,
          0.185714,
          -0.052908,
          -0.067911,
          -0.155712,
          -0.134377,
          0.000362,
          -0.127276,
          0.085511,
          0.07552,
          0.174911,
          -0.088146,
          0.083749,
          -0.109032,
          -0.042525,
          0.210228,
          -0.032455,
          -0.147312,
          0.06052,
          0.097267,
          0.063353,
          -0.07714,
          -0.171427,
          0.04546,
          -0.0513,
          0.028081,
          0.156399,
          -0.125804,
          0.115436,
          -0.180048,
          0.031075,
          0.007656,
          -0.098149,
          0.044168,
          -0.174487,
          -0.043133,
          -0.170357,
          0.034285,
          0.145693,
          -0.07676,
          0.096297,
          -0.00911,
          -0.039252,
          0.102827,
          -0.126828,
          0.105923,
          -0.180621,
          -0.093906,
          -0.072726,
          -0.127493,
          -0.141037,
          0.036764,
          0.178879,
          0.13968,
          0.039798,
          -0.002212,
          -0.179861,
          -0.109774,
          0.09,
          -0.175669,
          0.183492,
          0.17039,
          -0.108748,
          0.002586,
          0.12718,
          -0.020247,
          -0.00193,
          0.113142,
          -0.142641,
          -0.147378,
          -0.004265,
          0.011115,
          -0.084887,
          -0.02526,
          -0.070647,
          -0.028532,
          0.15412,
          0.105493,
          0.193109,
          0.03489,
          -0.047275,
          -0.047878,
          -0.104429,
          0.111993,
          -0.088925,
          0.033546,
          -0.198982,
          -0.038255,
          -0.023684,
          -0.010205,
          0.09286,
          -0.004634,
          -0.033751,
          0.100405,
          0.153371,
          0.029946,
          0.169142,
          -0.12759,
          -0.05091,
          -0.114878,
          -0.006491,
          -0.091554,
          0.047174,
          -0.040612,
          -0.202391,
          -0.119434,
          0.172638,
          0.155271,
          0.095197,
          0.159839,
          -0.148338,
          -0.008665,
          -0.177224,
          0.116385,
          -0.162524,
          -0.178811,
          -0.16483,
          0.145677,
          0.021927,
          -0.123241,
          0.019724,
          -0.133445,
          0.031563,
          0.080163,
          0.013849,
          0.070544,
          0.159769,
          -0.22357,
          -0.193858,
          -0.158373,
          0.181684,
          0.045278,
          0.097075,
          -0.148949,
          -0.086903,
          0.050111,
          0.112023,
          -0.065751,
          0.021691,
          -0.038373,
          0.18543,
          -0.146622,
          0.068654,
          -0.142989,
          0.078044,
          0.151547,
          -0.031086,
          -0.034505,
          0.058925,
          -0.163542,
          0.129405,
          -0.196328,
          -0.016605,
          0.151901,
          0.043122,
          -0.068248,
          0.037229,
          0.057655,
          0.016443,
          -0.156252,
          -0.03421,
          0.105022,
          -0.065958,
          0.130022,
          -0.165733,
          -0.166478,
          0.188633,
          -0.073102,
          0.02849,
          0.021667,
          0.138895,
          0.094405,
          0.090877,
          -0.161017,
          0.060551,
          -0.086347,
          0.146499,
          0.178767,
          -0.054121,
          -0.064122,
          0.04533,
          -0.002522,
          -0.180793,
          -0.13622,
          -0.027563,
          -0.201842,
          -0.049337,
          -0.129936,
          0.002479,
          0.16236,
          0.054676,
          0.172811,
          0.040919,
          -0.181853,
          0.114992,
          -0.087223,
          0.129696,
          -0.06196,
          -0.106367,
          0.101478,
          -0.208902,
          0.060848,
          0.001795,
          -0.032321,
          -0.041133,
          -0.157939,
          -0.155938,
          -0.114726,
          0.049398,
          -0.1075,
          -0.15057,
          0.067759,
          -0.056764,
          -0.019555,
          -0.185373,
          -0.15899,
          0.038561,
          -0.089301,
          -0.192436,
          -0.055606,
          0.027472,
          -0.03462,
          0.063442,
          -0.001649,
          0.083407,
          -0.01521,
          -0.119013,
          -0.05928,
          -0.026521,
          -0.192035,
          0.059553,
          0.151247,
          0.038646,
          -0.106029,
          -0.207821,
          0.104484,
          0.179622,
          0.057506,
          0.152536,
          -0.167997,
          -0.204668,
          -0.021664,
          -0.108032,
          0.051987,
          -0.18201,
          0.011567,
          -0.157911,
          0.057344,
          0.163857,
          0.129497,
          -0.061247,
          0.137485,
          0.014877,
          0.168324,
          0.052405,
          -0.11472,
          0.222491,
          -0.191588,
          -0.030942,
          -0.06396,
          0.061513,
          0.044332,
          -0.018573,
          -0.019195,
          0.209772,
          -0.128473,
          -0.001562,
          -0.073665,
          -0.114655,
          -0.017913,
          -0.19761,
          -0.047937,
          0.00154,
          0.103206,
          0.065922,
          0.131247,
          0.112128,
          -0.114737,
          -0.097918,
          0.189803,
          0.136117,
          -0.106534,
          0.192353,
          0.00941,
          0.044548,
          -0.210323,
          -0.073108,
          0.166451,
          -0.032506,
          -0.16916,
          0.180127,
          -0.151285,
          -0.055449,
          0.071985,
          -0.134469,
          -0.133216,
          0.081919,
          0.113976,
          0.04361,
          0.196692,
          0.082266,
          0.049601,
          -0.171482,
          0.003628,
          0.10483,
          -0.095712,
          0.048147,
          -0.039876,
          0.116791,
          0.035762,
          -0.135209,
          -0.062155,
          0.106958,
          0.006842,
          0.125623,
          0.109178,
          -0.049857,
          -0.155947,
          0.011239,
          0.002538,
          -0.007743,
          0.008255,
          0.057489,
          -0.03379,
          0.190061,
          0.119794,
          0.009668,
          0.075111,
          0.05659,
          0.080852,
          -0.018661,
          -0.119396,
          -0.109942,
          0.06024,
          -0.098971,
          0.069236,
          -0.073517,
          -0.137463,
          -0.079962,
          0.141958,
          -0.171653,
          0.131318,
          -0.070866,
          0.035894,
          -0.164159,
          -0.097457,
          0.202047,
          0.039414,
          0.083683,
          -0.072828,
          -0.026361,
          0.067546,
          0.106766,
          -0.086223,
          -0.160399,
          0.114545,
          0.088933,
          -0.08883,
          -0.035824,
          0.105971,
          0.19248,
          0.095487,
          -0.1194,
          0.200324,
          -0.203272,
          0.07104,
          0.083883,
          0.121833,
          -0.130429,
          0.126319,
          -0.0564,
          -0.089019,
          0.167405,
          0.008069,
          0.132156,
          -0.114948,
          0.040124,
          0.056278,
          -0.111755,
          -0.096582,
          -0.030047,
          0.079013,
          -0.073439,
          -0.161875,
          0.188973,
          0.053179,
          0.197912,
          -0.096171,
          0.143176,
          0.168865,
          0.168701,
          0.111059,
          0.095751,
          0.012779,
          0.100297,
          -0.157633,
          -0.120667,
          -0.046852,
          0.183233,
          -0.047947,
          -0.04571,
          -0.157508,
          -0.032426,
          -0.040777,
          0.1139,
          -0.060566,
          0.109159,
          0.208334,
          -0.061217,
          -0.154965,
          0.011147,
          0.208454,
          -0.136258,
          0.119341,
          0.03528,
          -0.094143,
          -0.043318,
          0.183643,
          0.094255,
          -0.134785,
          0.101001,
          0.113311,
          -0.062005,
          0.150425,
          0.203768,
          -0.155755,
          -0.128259,
          0.092798,
          -0.081757,
          -0.115112,
          0.127105,
          -0.064495,
          0.182019,
          -0.095233,
          -0.072482,
          0.130183,
          -0.006747,
          0.119871,
          0.090798,
          -0.00594,
          -0.098861,
          -0.03392,
          0.143311,
          0.14143,
          -0.002921,
          -0.072495,
          -0.063017,
          0.096609,
          0.062932,
          0.072977,
          0.118883,
          0.211276,
          0.117435,
          -0.085117,
          -0.139947,
          0.110218,
          -0.012822,
          -0.07191,
          0.077328,
          -0.179267,
          -0.0229,
          0.180986,
          0.162205,
          -9.7e-05,
          0.212774,
          0.04211,
          -0.104085,
          0.168449,
          0.100666,
          -0.067022,
          -0.195334,
          -0.185709,
          0.112727,
          0.167436,
          0.153204,
          -0.008216,
          -0.219531,
          0.006039,
          0.171646,
          0.063947,
          -0.157569,
          -0.118364,
          -0.03057,
          0.024503,
          0.011818,
          -0.07646,
          0.043747,
          0.118742,
          -0.176315,
          0.039439,
          -0.026979,
          -0.085222,
          -0.055612,
          0.087051,
          -0.049897,
          -0.108245,
          0.134112,
          0.017815,
          0.108679,
          -0.144277,
          0.040228,
          -0.146208,
          -0.143388,
          0.218397,
          -0.044848,
          0.186517,
          0.13294,
          -0.00143,
          0.122227,
          -0.116069,
          0.160208,
          0.073495,
          -0.100617,
          0.187356,
          0.047801,
          -0.003189,
          0.015771,
          -0.028257,
          0.00894,
          -0.143457,
          0.096766,
          -0.008547,
          0.117071,
          -0.156421,
          -0.032328,
          0.175177,
          0.118749,
          -0.001252,
          0.003144,
          -0.130947,
          -0.133715,
          -0.1833,
          -0.097482,
          -0.172999,
          -0.084769,
          -0.17906,
          -0.003564,
          -0.149199,
          -0.068406,
          -0.001339,
          0.069239,
          0.093725,
          -0.105908,
          -0.162054,
          -0.040649,
          0.152938,
          -0.19415,
          -0.09638,
          0.016775,
          -0.052511,
          -0.113404,
          -0.161626,
          -0.005016,
          -0.180439,
          0.033803,
          -0.134351,
          -0.209017,
          -0.018101,
          -0.103116,
          0.06464,
          0.084201,
          0.037122,
          0.062735,
          -0.1894,
          0.094247,
          -0.037585,
          -0.163888,
          -0.046183,
          -0.214921,
          0.061728,
          -0.105977,
          -0.066676,
          0.1491,
          -0.153203,
          -0.109126,
          -0.161609,
          -0.077637,
          -0.139968,
          -0.178785,
          0.109699,
          -0.191903,
          -0.147506,
          0.01401,
          0.010681,
          -0.155397,
          0.018031,
          0.107802,
          -0.073012,
          -0.050361,
          -0.037365,
          -0.011102,
          0.101721,
          0.068222,
          -0.111967,
          0.088825,
          -0.024131,
          -0.04523,
          -0.107346,
          -0.187271,
          0.094559,
          -0.083672,
          0.007725,
          0.106289,
          -0.132672,
          0.039241,
          -0.006757,
          -0.002071,
          0.043867,
          -0.160541,
          0.101047,
          0.114411,
          -0.04325,
          0.006075,
          -0.10775,
          -0.012595,
          0.123531,
          -0.027105,
          0.076951,
          0.131262,
          -0.087283,
          -0.100832,
          0.029101,
          -0.139739,
          0.041805,
          -0.186382
        ],
        "ff1B": [
          -0.016054,
          0.019192,
          0.015381,
          0.026172,
          -0.025302,
          -0.014991,
          -0.023478,
          -0.024288,
          -0.017587,
          0.024033,
          -0.021093,
          0.027684,
          -0.011416,
          -0.023702,
          -2.3e-05,
          0.022536,
          -0.014059,
          -0.015525,
          0.013936,
          -0.006187,
          0.026152,
          -0.007264,
          0.02368,
          0.039636,
          -0.034354,
          -0.016566,
          0.030576,
          0.009219,
          -0.017862,
          0.013538,
          -0.014935,
          0.019497,
          -0.009192,
          0.022394,
          0.015724,
          -0.004329,
          0.019972,
          0.02753,
          0.024755,
          0.009781,
          0.022068,
          -0.00897,
          -0.023866,
          -0.020661,
          0.021656,
          0.034508,
          0.018615,
          0.000345,
          0.021348,
          0.032309,
          -0.033009,
          0.001079,
          -0.007887,
          -0.024409,
          0.019487,
          -0.010531,
          0.01411,
          -0.005854,
          0.023076,
          0.023188,
          0.016255,
          -0.028878,
          -0.009484,
          -0.018239,
          -0.016451,
          0.018697,
          0.011959,
          -0.018324,
          0.018095,
          0.043333,
          0.025056,
          0.025608,
          0.023304,
          -0.023133,
          0.022375,
          0.018905,
          0.02359,
          0.014797,
          -0.007515,
          0.023547,
          0.026813,
          0.024861,
          0.03064,
          0.024102,
          0.019992,
          0.018323,
          0.027976,
          -0.019004,
          0.018723,
          0.015897,
          0.004321,
          -0.003171,
          -0.030024,
          -0.011532,
          0.020809,
          -0.017302,
          -0.020735,
          0.014499,
          -0.014637,
          -0.02301,
          -0.023295,
          0.025479,
          0.005688,
          0.018279,
          -0.020305,
          0.026644,
          -0.011059,
          0.030227,
          0.021341,
          -0.013945,
          0.019601,
          0.02161,
          -0.012928,
          0.029006,
          0.033301,
          -0.016108,
          -0.006454,
          -0.016043,
          0.030066,
          0.032617,
          0.021125,
          0.013507,
          0.034169,
          -0.02058,
          -0.003239,
          0.018055,
          0.021933,
          0.028575
        ],
        "ff2W": [
          0.147399,
          -0.151787,
          0.006343,
          -0.163094,
          -0.141762,
          -0.079802,
          0.058708,
          -0.142398,
          0.075116,
          0.071219,
          -0.173438,
          -0.147294,
          0.177566,
          0.02558,
          -0.145558,
          -0.053851,
          -0.075587,
          0.053614,
          0.175514,
          0.012046,
          0.154417,
          -0.060639,
          0.1566,
          -0.055772,
          0.010059,
          -0.108359,
          0.081831,
          -0.060648,
          0.132349,
          -0.090208,
          0.092923,
          -0.184125,
          0.126482,
          0.150224,
          -0.054711,
          0.06135,
          -0.126857,
          -0.075254,
          0.059023,
          0.066042,
          -0.112684,
          0.1613,
          -0.184028,
          0.137452,
          0.199881,
          -0.093955,
          -0.024272,
          0.137016,
          -0.037808,
          -0.019901,
          0.065068,
          0.146747,
          -0.170686,
          0.106328,
          -0.12472,
          -0.121998,
          -0.050153,
          -0.185953,
          -0.074618,
          0.175615,
          0.110253,
          -0.04019,
          0.046755,
          -0.198703,
          0.063701,
          0.063594,
          0.132637,
          -0.09656,
          -0.080982,
          0.083487,
          0.034668,
          -0.055172,
          0.122409,
          -0.107195,
          -0.048553,
          0.147224,
          0.141226,
          -0.161402,
          -0.144439,
          -0.090878,
          0.078015,
          0.132333,
          0.200617,
          0.156521,
          0.094978,
          0.215061,
          -0.129044,
          0.156883,
          -0.075842,
          -0.000187,
          -0.024604,
          0.139174,
          -0.161577,
          -0.10412,
          0.110664,
          0.129419,
          0.100909,
          0.02237,
          -0.174611,
          0.160611,
          -0.0031,
          -0.142595,
          -0.174496,
          0.051932,
          0.037443,
          -0.194746,
          0.046895,
          0.060966,
          -0.06279,
          -0.030123,
          0.07189,
          0.146356,
          -0.101533,
          -0.138606,
          0.043212,
          0.18499,
          -0.035889,
          0.041144,
          0.0231,
          -0.112443,
          0.023947,
          0.106753,
          -0.087151,
          -0.096114,
          -0.085739,
          0.07913,
          -0.162341,
          0.139908,
          0.15413,
          -0.019429,
          -0.072016,
          -0.076149,
          -0.147488,
          -0.156139,
          0.093582,
          0.197625,
          -0.042735,
          -0.14047,
          0.098602,
          -0.123724,
          -0.059579,
          0.0337,
          0.133743,
          -0.031106,
          0.02608,
          -0.074049,
          -0.124282,
          -0.00491,
          0.01341,
          0.024236,
          -0.031803,
          -0.058143,
          -0.004435,
          -0.107002,
          0.133942,
          0.048145,
          -0.066126,
          0.026187,
          -0.127931,
          -0.186833,
          0.166212,
          -0.1306,
          0.072223,
          -0.067855,
          0.046289,
          0.117924,
          0.178606,
          0.057968,
          0.109127,
          -0.031283,
          -0.060119,
          -0.160046,
          -0.027405,
          0.086682,
          0.204346,
          -0.032108,
          -0.053221,
          0.174368,
          0.033039,
          0.191419,
          0.084198,
          0.139016,
          0.053951,
          0.025989,
          -0.145088,
          -0.077501,
          -0.007246,
          -0.006687,
          -0.125546,
          -0.128549,
          0.013144,
          0.011246,
          -0.156683,
          0.091215,
          0.056672,
          -0.161602,
          0.004649,
          -0.134664,
          0.00417,
          -0.163398,
          -0.075749,
          -0.03106,
          0.028486,
          -0.152863,
          -0.157402,
          -0.187336,
          -0.152725,
          0.071125,
          0.146041,
          -0.102457,
          0.004458,
          0.11851,
          -0.064617,
          0.015656,
          -0.162242,
          -0.186793,
          -0.031267,
          -0.071342,
          -0.083843,
          -0.087867,
          0.10651,
          -0.029872,
          -0.127245,
          -0.09847,
          0.149808,
          -0.066521,
          0.149306,
          -0.110153,
          0.090908,
          -0.004765,
          0.10346,
          0.003928,
          0.153208,
          -0.137373,
          -0.121913,
          -0.077193,
          -0.020581,
          0.166101,
          0.198307,
          -0.043196,
          -0.158088,
          -0.133396,
          -0.098064,
          -0.070677,
          -0.129873,
          0.078189,
          0.112036,
          -0.022206,
          0.074948,
          -0.190566,
          -0.104052,
          -0.111651,
          -0.14979,
          -0.104927,
          -0.022479,
          -0.082224,
          0.160094,
          0.135278,
          0.15102,
          -0.102586,
          0.01827,
          0.066215,
          0.144668,
          0.140478,
          0.087871,
          0.092616,
          0.127807,
          -0.137477,
          0.029854,
          0.142454,
          -0.052298,
          0.064278,
          -0.172465,
          0.059394,
          0.016464,
          -0.092551,
          0.086324,
          0.108434,
          0.15945,
          -0.016381,
          0.038723,
          -0.181926,
          -0.204133,
          0.102868,
          -0.10374,
          -0.175205,
          -0.149363,
          0.010006,
          0.199842,
          0.075987,
          -0.042533,
          -0.017871,
          0.0331,
          -0.008668,
          -0.146458,
          0.047383,
          -0.046589,
          -0.090284,
          0.131806,
          0.027505,
          0.133455,
          -0.188745,
          0.213458,
          0.055792,
          -0.036716,
          0.189553,
          0.196438,
          0.006097,
          -0.043279,
          -0.114104,
          0.033291,
          -0.209131,
          -0.118026,
          0.176288,
          0.121139,
          -0.033205,
          0.143224,
          -0.139583,
          -0.190434,
          0.14401,
          -0.139956,
          0.128279,
          0.14579,
          0.033473,
          0.11032,
          -0.148322,
          -0.172064,
          0.182694,
          -0.067482,
          0.116978,
          -0.055637,
          0.13554,
          -0.15239,
          0.136598,
          -0.123486,
          0.159021,
          0.03922,
          0.119904,
          -0.092003,
          -0.120281,
          -0.150318,
          0.123461,
          -0.059445,
          -0.126482,
          -0.125566,
          0.134782,
          0.094754,
          -0.042485,
          0.163098,
          -0.0063,
          -0.099337,
          0.171658,
          0.089678,
          -0.130086,
          -0.155457,
          0.175123,
          -0.124745,
          -0.096192,
          -0.051623,
          -0.065467,
          -0.08536,
          0.071877,
          -0.173471,
          -0.106508,
          -0.024318,
          0.005322,
          0.093957,
          -0.071755,
          0.032018,
          -0.055125,
          0.000721,
          -0.101324,
          0.044618,
          -0.037654,
          -0.132002,
          -0.130547,
          -0.149989,
          -0.154629,
          -0.139547,
          -0.007711,
          0.07995,
          -0.224099,
          0.056649,
          -0.201156,
          0.077832,
          0.13211,
          -0.101177,
          -0.112314,
          0.065624,
          -0.160682,
          -0.033362,
          -0.12562,
          0.172446,
          0.132163,
          0.007347,
          0.071491,
          0.102986,
          0.136003,
          -0.051702,
          -0.098557,
          -0.041651,
          -0.038933,
          0.0892,
          -0.005764,
          -0.05688,
          -0.194168,
          -0.101383,
          -0.085371,
          0.107216,
          -0.057658,
          -0.080676,
          0.118706,
          0.066866,
          -0.023032,
          0.03263,
          -0.034968,
          -0.093154,
          0.151311,
          -0.032033,
          -0.022183,
          0.040162,
          -0.141601,
          -0.051478,
          0.127678,
          -0.041473,
          -0.116468,
          0.136285,
          0.070362,
          -0.069959,
          0.120659,
          0.118593,
          0.060896,
          0.121941,
          0.101717,
          -0.101272,
          -0.152991,
          0.005899,
          0.049444,
          -0.098631,
          0.160271,
          -0.095938,
          -0.076608,
          -0.161254,
          0.139334,
          0.148415,
          0.155462,
          -0.000844,
          -0.212919,
          0.060338,
          -0.059857,
          -0.091736,
          -0.052555,
          0.103562,
          -0.045572,
          -0.051914,
          -0.090962,
          -0.034782,
          0.087585,
          0.130811,
          -0.105495,
          -0.009977,
          -0.142306,
          0.122169,
          -0.172585,
          -0.046083,
          -0.158312,
          0.112587,
          0.043113,
          -0.11952,
          -0.01165,
          -0.002358,
          -0.139147,
          0.203,
          0.143242,
          -0.089482,
          0.04951,
          0.00019,
          -0.129568,
          0.041219,
          -0.148658,
          -0.031137,
          -0.078195,
          -0.025385,
          0.094773,
          -0.151075,
          -0.026518,
          -0.101769,
          0.021999,
          0.063646,
          0.0353,
          -0.028349,
          -0.100045,
          0.025029,
          -0.16398,
          -0.013264,
          -0.123269,
          0.022445,
          0.20245,
          0.11532,
          -0.086869,
          0.164328,
          0.04554,
          0.183453,
          -0.058227,
          0.121047,
          -0.090572,
          -0.027856,
          -0.057829,
          0.017839,
          -0.075443,
          -0.126738,
          -0.193269,
          -0.149685,
          0.014803,
          0.135859,
          0.116435,
          -0.083795,
          0.018897,
          0.145666,
          0.078034,
          0.093058,
          -0.183456,
          0.143398,
          0.19347,
          0.019307,
          7.5e-05,
          -0.059527,
          0.086397,
          -0.152551,
          -0.095389,
          -0.129843,
          0.135579,
          -0.065751,
          0.026351,
          -0.121532,
          0.013205,
          -0.046896,
          0.082317,
          -0.004269,
          -0.076752,
          -0.074423,
          0.201673,
          -0.186833,
          -0.004477,
          0.191155,
          -0.10271,
          0.152936,
          0.062749,
          -0.076438,
          0.002393,
          0.131346,
          0.077077,
          0.003035,
          0.142713,
          0.147473,
          0.148926,
          0.131299,
          -0.072833,
          0.072485,
          -0.156111,
          -0.036323,
          0.027727,
          -0.13765,
          -0.075124,
          0.173811,
          0.082281,
          0.117376,
          0.031621,
          -0.065924,
          0.115268,
          0.101296,
          -0.050028,
          0.005631,
          0.035204,
          0.002406,
          -0.107556,
          -0.149356,
          0.196422,
          0.050213,
          -0.02349,
          0.19645,
          0.049533,
          -0.153786,
          -0.188949,
          -0.122704,
          -0.110557,
          0.128505,
          0.126168,
          0.178402,
          -0.072899,
          -0.141264,
          0.20653,
          -0.209943,
          -0.12774,
          0.144306,
          0.083644,
          -0.120774,
          -0.049903,
          -0.084712,
          -0.2069,
          0.016535,
          -0.181517,
          0.09332,
          0.19391,
          -0.112498,
          -0.215969,
          0.082617,
          0.06395,
          0.044628,
          -0.135884,
          0.032887,
          -0.039787,
          -0.132661,
          -0.130427,
          -0.037338,
          -0.137041,
          0.091808,
          0.096679,
          0.098679,
          -0.180372,
          -0.00522,
          -0.177096,
          0.183849,
          -0.170929,
          0.127594,
          -0.124082,
          -0.004846,
          0.021365,
          -0.020178,
          -0.115918,
          0.082171,
          0.066329,
          -0.143153,
          -0.062313,
          -0.074581,
          0.204243,
          -0.078818,
          0.070462,
          -0.054228,
          0.021116,
          -0.185109,
          0.200604,
          -0.161904,
          0.162729,
          0.037674,
          0.125355,
          0.142874,
          0.188194,
          0.176951,
          0.071117,
          -0.213517,
          0.184372,
          -0.058955,
          0.0007,
          0.021367,
          -0.144609,
          0.117882,
          0.052656,
          0.11555,
          -0.167576,
          0.075895,
          0.204352,
          0.157987,
          0.159915,
          -0.185864,
          -0.100889,
          0.049292,
          -0.091262,
          -0.166971,
          0.080358,
          -0.111437,
          0.006864,
          -0.14089,
          -0.147354,
          -0.049098,
          -0.03922,
          0.174176,
          -0.037772,
          0.091464,
          0.026427,
          0.178484,
          -0.018627,
          -0.1203,
          0.067221,
          0.126219,
          0.015202,
          -0.11203,
          -0.066363,
          0.054625,
          0.056176,
          0.069761,
          -0.144431,
          0.024253,
          -0.150041,
          -0.119937,
          -0.045201,
          0.176376,
          0.076026,
          -0.173069,
          -0.005596,
          -0.014671,
          0.077262,
          0.072395,
          0.042587,
          0.172169,
          -0.015051,
          -0.070898,
          -0.03184,
          -0.163168,
          0.163981,
          0.018847,
          -0.04121,
          0.181874,
          -0.199013,
          0.016821,
          0.021555,
          -0.088604,
          -0.132823,
          0.20071,
          -0.004818,
          -0.171401,
          0.127649,
          -0.138261,
          0.142931,
          -0.115279,
          0.182703,
          -0.056848,
          -0.093458,
          0.140086,
          -0.154164,
          0.092523,
          -0.163015,
          0.144093,
          -0.199117,
          -0.201746,
          -0.210248,
          0.161405,
          0.197229,
          0.082391,
          0.116755,
          -0.060305,
          -0.103719,
          0.006662,
          0.227789,
          0.046208,
          -0.201249,
          -0.130838,
          0.059228,
          0.012077,
          0.149349,
          -0.090785,
          0.11205,
          -0.037922,
          0.20468,
          -0.088305,
          0.106399,
          0.035586,
          0.174878,
          -0.144929,
          0.172926,
          -0.177754,
          -0.08349,
          0.111625,
          0.14429,
          -0.080452,
          -0.054506,
          -0.097038,
          -0.097036,
          -0.08845,
          -0.068728,
          0.119659,
          0.195238,
          -0.082251,
          0.12991,
          -0.038733,
          0.197995,
          -0.119861,
          0.062614,
          0.082933,
          0.066547,
          -0.017204,
          0.166595,
          -0.131087,
          0.01086,
          0.142751,
          -0.030146,
          0.181767,
          0.131351,
          0.161643,
          -0.041182,
          0.147033,
          0.164396,
          -0.049975,
          -0.184536,
          -0.022595,
          0.199357,
          0.079264,
          0.071585,
          -0.099289,
          -0.068574,
          -0.100079,
          -0.096894,
          -0.194476,
          -0.005576,
          -0.163165,
          0.027657,
          0.024543,
          0.039799,
          0.128656,
          0.013982,
          -0.202015,
          -0.06745,
          0.122237,
          0.157217,
          -0.17856,
          -0.157533,
          -0.1771,
          0.165329,
          -0.063846,
          0.137965,
          -0.063399,
          0.169284,
          -0.09569,
          -0.018341,
          0.065993,
          -0.006229,
          0.032818,
          0.098631,
          0.120187,
          0.173274,
          0.003456,
          -0.205261,
          -0.174559,
          -0.112389,
          -0.069728,
          0.135839,
          -0.127699,
          0.11745,
          0.134892,
          0.058849,
          0.156892,
          0.023522,
          0.054401,
          -0.010413,
          -0.12473,
          0.00763,
          0.114422,
          0.183605,
          -0.124651,
          -0.09166,
          0.066262,
          0.10232,
          -0.036719,
          -0.134879,
          -0.216338,
          -0.062497,
          -0.079907,
          -0.042837,
          0.121136,
          0.097885,
          -0.02253,
          -0.038073,
          0.138598,
          -0.024181,
          -0.094611,
          0.097719,
          -0.090756,
          0.139446,
          0.074491,
          -0.158428,
          -0.191604,
          0.010901,
          -0.119404,
          -0.191001,
          0.067722,
          0.054037,
          -0.078992,
          -0.004011,
          -0.042276,
          -0.083907,
          -0.050121,
          0.169623,
          -0.141101,
          -0.102165,
          0.067179,
          0.113477,
          -0.187606,
          0.086792,
          0.070001,
          0.0619,
          -0.107213,
          0.072888,
          0.100824,
          0.151567,
          -0.152037,
          0.019398,
          0.099038,
          -0.095247,
          0.072987,
          0.12187,
          0.173492,
          -0.079593,
          -0.06462,
          0.117161,
          0.160153,
          0.020883,
          -0.094497,
          -0.149537,
          -0.066391,
          -0.048213,
          -0.168741,
          0.07165,
          0.002974,
          0.0785,
          0.067938,
          0.093513,
          0.007557,
          0.063238,
          0.098178,
          -0.079515,
          0.140759,
          -0.115233,
          0.110686,
          -0.076037,
          0.141333,
          0.139859,
          0.090354,
          -0.05575,
          -0.036497,
          0.006728,
          -0.107343,
          0.0822,
          -0.05714,
          -0.100159,
          -0.006717,
          0.007122,
          -0.098598,
          -0.012038,
          0.009808,
          0.076922,
          -0.132643,
          -0.059235,
          0.095701,
          0.115346,
          0.174697,
          -0.147019,
          0.114761,
          0.08467,
          0.146677,
          0.155731,
          0.035676,
          -0.026774,
          -0.008071,
          -0.087602,
          0.004828,
          0.014953,
          -0.018205,
          -0.055877,
          0.164466,
          -0.147551,
          0.080969,
          -0.104138,
          -0.054661,
          0.198091,
          0.093698,
          -0.027241,
          0.168647,
          -0.116899,
          0.128464,
          -0.073031,
          -0.024174,
          0.186613,
          0.094672,
          -0.125842,
          -0.170943,
          0.163504,
          0.133905,
          0.084267,
          -0.106866,
          0.054278,
          0.03379,
          -0.14702,
          -0.067054,
          0.014382,
          -0.061471,
          0.079949,
          0.07292,
          -0.039223,
          0.147131,
          0.131098,
          0.033467,
          0.068433,
          -0.130949,
          -0.019962,
          0.073801,
          0.136992,
          -0.054495,
          -0.049147,
          0.109769,
          0.096828,
          0.096711,
          -0.155712,
          0.147263,
          0.208994,
          0.031167,
          0.032709,
          0.168812,
          -0.197733,
          -0.033494,
          -0.000149,
          0.153697,
          0.190214,
          0.215999,
          -0.011155,
          -0.06436,
          0.092466,
          0.176479,
          0.138885,
          -0.217375,
          0.041709,
          0.128656,
          0.033,
          0.041103,
          -0.090306,
          0.177529,
          -0.095879,
          -0.056057,
          -0.150385,
          0.07873,
          -0.125331,
          -0.151053,
          -0.119157,
          -0.175395,
          -0.093795,
          -0.003826,
          0.125559,
          -0.052779,
          -0.194069,
          -0.095028,
          -0.101805,
          -0.054608,
          0.006255,
          0.166517,
          -0.059143,
          -0.021274,
          0.076027,
          0.146843,
          0.15468,
          -0.047311,
          0.128245,
          -0.197487,
          -0.043971,
          0.156659,
          -0.071905,
          -0.091704,
          -0.134773,
          -0.132524,
          0.140012,
          0.030439,
          0.003221,
          0.079749,
          0.166836,
          -0.063041,
          -0.121575,
          0.032728,
          -0.127875,
          -0.095104,
          0.160331,
          -0.092727,
          -0.17328,
          0.211064,
          0.149175,
          -0.027791,
          0.071421,
          -0.042342,
          0.037378,
          -0.074865,
          -0.098783,
          0.031883,
          -0.058501,
          -0.054282,
          -0.011671,
          -0.162606,
          -0.024868,
          -0.10094,
          -0.144265,
          -0.058887,
          -0.126513,
          0.071325,
          -0.103773,
          -0.04726,
          0.041614,
          -0.014086,
          0.117402,
          0.125757,
          0.102896,
          0.148615,
          -0.16679,
          -0.089937,
          0.086098,
          0.065095,
          0.079262,
          0.16311,
          0.174581,
          -0.058138,
          0.109207,
          0.135603,
          0.169691,
          0.046537,
          -0.090339,
          -0.002512,
          0.09629,
          0.154652,
          -0.156405,
          -0.140152,
          -0.175541,
          -0.126663,
          0.120314,
          0.064911,
          -0.197973,
          0.108778,
          -0.175711,
          0.035845,
          -0.051071,
          -0.059925,
          0.206559,
          -0.001398,
          0.078785,
          0.201156,
          0.030412,
          0.150249,
          0.201032,
          0.033351,
          0.025167,
          -0.116896,
          -0.107296,
          0.138286,
          -0.080591,
          -0.021801,
          -0.099078,
          0.178052,
          -0.114545,
          0.110772,
          0.063257,
          0.109344,
          -0.023046,
          0.093394,
          -0.080029,
          -0.103704,
          -0.060986,
          -0.119217,
          0.003413,
          0.018315,
          0.103751,
          -0.209334,
          0.104426,
          0.137083,
          0.188832,
          -0.019951,
          -0.037876,
          0.101849,
          0.16187,
          -0.080787,
          -0.110021,
          0.121012,
          -0.039362,
          -0.125525,
          0.157896,
          -0.142693,
          -0.137907,
          -0.080343,
          0.191946,
          -0.069571,
          -0.059774,
          0.020019,
          -0.223344,
          0.003566,
          -0.073074,
          0.133445,
          0.164895,
          -0.137592,
          0.129712,
          -0.177332,
          -0.124415,
          0.078849,
          -0.056666,
          -0.170828,
          0.053519,
          -0.05549,
          -0.109712,
          0.034275,
          -0.029889,
          -0.062655,
          0.047044,
          -0.117722,
          0.020362,
          0.10898,
          -0.079429,
          0.206911,
          0.082359,
          -0.042013,
          -0.025467,
          -0.062594,
          -0.041531,
          -0.087391,
          0.02636,
          -0.082557,
          -0.071172,
          -0.066858,
          -0.172706,
          -0.182512,
          0.032922,
          0.173693,
          -0.225555,
          -0.201765,
          0.12082,
          0.131144,
          -0.023842,
          -0.022802,
          0.048546,
          0.008774,
          0.1019,
          -0.147711,
          0.104112,
          -0.15771,
          0.059741,
          -0.117076,
          -0.075836,
          -0.016064,
          0.08346,
          0.084296,
          0.02468,
          0.136751,
          0.187015,
          0.005186,
          0.162662,
          -0.007184,
          -0.023561,
          0.105471,
          -0.020207,
          0.125464,
          0.021234,
          -0.169274,
          0.195511,
          0.004476,
          -0.109384,
          -0.12696,
          0.078211,
          0.067798,
          -0.081334,
          -0.154096,
          -0.059153,
          0.052887,
          0.01176,
          -0.188103,
          0.045557,
          -0.165737,
          0.096304,
          -0.175029,
          0.016597,
          0.008359,
          -0.1559,
          -0.11207,
          0.021259,
          0.186966,
          0.132084,
          -0.008106,
          -0.046989,
          -0.092987,
          0.218798,
          0.045931,
          0.054823,
          0.084559,
          0.08527,
          -0.126676,
          0.175202,
          -0.069668,
          -0.057738,
          0.090605,
          -0.05233,
          -0.103147,
          -0.142194,
          -0.135147,
          0.155043,
          -0.030231,
          -0.097191,
          -0.160911,
          0.015406,
          -0.015606,
          -0.096359,
          -0.033722,
          0.047831,
          0.091677,
          0.070129,
          -0.08285,
          -0.122684,
          -0.03144,
          0.120978,
          -0.048148,
          0.135354,
          0.147061,
          -0.19259,
          0.055188,
          -0.176774,
          0.147873,
          0.104246,
          0.048322,
          0.076636,
          0.083174,
          -0.191501,
          -0.208057,
          -0.124263,
          -0.119134,
          -0.109129,
          -0.055436,
          0.134729,
          -0.165459,
          0.16204,
          0.013717,
          -0.040305,
          -0.162515,
          -0.112141,
          -0.054319,
          -0.067712,
          -0.154702,
          -0.106465,
          0.163797,
          -0.102781,
          -0.016393,
          0.148547,
          -0.106818,
          -0.167015,
          -0.094865,
          -0.06649,
          -0.134422,
          0.017533,
          0.080511,
          0.11512,
          -0.01082,
          0.115575,
          -0.174855,
          0.075458,
          0.145965,
          -0.128623,
          0.057287,
          -0.119982,
          -0.117769,
          0.097179,
          -0.08309,
          0.041096,
          -0.146813,
          0.096584,
          0.154044,
          -0.140982,
          -0.01159,
          -0.065035,
          -0.15658,
          0.064273,
          0.095621,
          0.168015,
          -0.042438,
          0.154433,
          -0.066837,
          -0.125116,
          0.04279,
          0.070372,
          -0.035323,
          0.11283,
          -0.102651,
          -0.045144,
          0.141906,
          0.129852,
          0.01539,
          0.08402,
          0.050455,
          -0.146849,
          0.175069,
          0.158603,
          -0.032322,
          -0.135628,
          -0.038289,
          -0.153788,
          -0.14933,
          0.065145,
          -0.058502,
          0.173,
          -0.063546,
          0.0653,
          -0.11531,
          0.133411,
          -0.002506,
          0.207868,
          0.101506,
          0.030669,
          0.109291,
          -0.128134,
          -0.085683,
          -0.025074,
          0.048459,
          0.156583,
          0.052844,
          -0.035107,
          0.086867,
          0.007446,
          0.039163,
          0.03533,
          -0.117657,
          0.001714,
          0.101198,
          -0.092345,
          -0.134261,
          -0.030043,
          0.052984,
          0.192849,
          0.193167,
          0.124263,
          0.032992,
          -0.116899,
          0.040544,
          0.158354,
          0.00128,
          -0.18757,
          -0.119738,
          -0.182661,
          -0.142142,
          -0.166076,
          0.109211,
          0.074431,
          0.185837,
          -0.133224,
          0.106876,
          0.035588,
          0.165583,
          -0.173423,
          0.040654,
          -0.025851,
          0.059559,
          0.000672,
          -0.029248,
          -0.163145,
          0.085793,
          -0.113071,
          -0.081445,
          0.010616,
          0.054992,
          -0.091082,
          -0.225911,
          -0.002384,
          0.072519,
          0.106206,
          -0.075477,
          0.024198,
          -0.125908,
          -0.143279,
          0.142876,
          -0.09997,
          0.11314,
          0.089451,
          -0.202743,
          -0.014649,
          0.035687,
          0.240879,
          -0.178685,
          0.050812,
          -0.065614,
          -0.108779,
          -0.128607,
          0.096624,
          0.094494,
          0.179177,
          -0.130253,
          0.085047,
          -0.05301,
          0.153487,
          -0.06195,
          0.168414,
          0.097313,
          0.111437,
          -0.178318,
          0.186481,
          0.129703,
          -0.204844,
          0.004597,
          0.121717,
          -0.182811,
          -0.083394,
          -0.143924,
          -0.03074,
          0.166924,
          -0.114627,
          0.019538,
          -0.133248,
          0.092905,
          -0.070063,
          0.139655,
          0.092528,
          -0.200312,
          0.062814,
          0.026761,
          -0.111442,
          0.078618,
          -0.092529,
          0.019727,
          -0.065089,
          -0.067229,
          -0.122735,
          0.115064,
          -0.016154,
          0.041113,
          -0.019911,
          -0.030513,
          -0.189782,
          0.011741,
          -0.013837,
          -0.15424,
          0.020248,
          0.033822,
          0.12961,
          -0.098708,
          -0.074227,
          -0.041878,
          -0.102143,
          -0.087626,
          -0.160844,
          0.133931,
          -0.21814,
          -0.184847,
          -0.149347,
          0.21576,
          -0.053215,
          -0.029822,
          -0.106083,
          -0.024714,
          -0.038632,
          -0.123629,
          -0.078501,
          0.103638,
          -0.012881,
          -0.071766,
          0.086091,
          -0.033841,
          -0.109322,
          0.001426,
          0.14949,
          -0.161793,
          0.037196,
          -0.157474,
          -0.128849,
          0.063261,
          0.002263,
          0.179826,
          0.099953,
          -0.174981,
          0.069749,
          0.153269,
          -0.075105,
          -0.046394,
          0.016805,
          0.008072,
          0.083001,
          0.073703,
          0.061338,
          -0.214729,
          0.052714,
          -0.178601,
          -0.025874,
          -0.085515,
          0.122772,
          0.138956,
          0.019304,
          -0.003872,
          0.039334,
          -0.161757,
          -0.160669,
          0.116864,
          0.114915,
          -0.083076,
          0.165456,
          0.104408,
          0.073901,
          -0.184656,
          -0.02207,
          0.07995,
          -0.211909,
          0.19044,
          -0.153951,
          0.185794,
          0.089409,
          0.210086,
          0.151171,
          0.13513,
          -0.155433,
          -0.113611,
          0.063997,
          0.093713,
          0.176435,
          -0.058959,
          0.075588,
          -0.175498,
          0.143222,
          -0.028711,
          -0.155722,
          -0.183213,
          -0.029519,
          0.030892,
          0.174,
          -0.06735,
          0.170345,
          -0.109155,
          0.165845,
          -0.033937,
          0.168695,
          0.06827,
          -0.013575,
          0.047726,
          -0.064222,
          0.112828,
          0.151771,
          -0.159937,
          0.094535,
          0.162468,
          -0.026259,
          0.06714,
          0.027649,
          0.000133,
          -0.090569,
          0.006989,
          -0.096416,
          -0.193603,
          -0.134315,
          0.013674,
          0.050529,
          0.096364,
          0.006308,
          0.115835,
          0.214433,
          -0.026745,
          0.037977,
          -0.138644,
          0.005114,
          -0.021754,
          -0.044433,
          0.055077,
          0.063888,
          -0.004301,
          0.094066,
          -0.148049,
          0.108231,
          -0.153252,
          -0.017576,
          -0.078136,
          -0.050858,
          -0.038684,
          -0.115487,
          -0.075922,
          0.137684,
          -0.136463,
          -0.208667,
          -0.193312,
          0.191603,
          0.097493,
          -0.085291,
          -0.102375,
          -0.20773,
          -0.033868,
          0.144515,
          -0.038547,
          -0.037727,
          -0.106362,
          -0.039418,
          -0.006381,
          0.105316,
          -0.169677,
          0.067451,
          0.006578,
          -0.175117,
          0.1317,
          -0.138876,
          -0.151503,
          -0.120726,
          0.065172,
          -0.141839,
          -0.135371,
          0.098177,
          0.013047,
          -0.031025,
          -0.036631,
          -0.203828,
          -0.112697,
          0.005227,
          -0.153958,
          0.074123,
          0.145848,
          0.028789,
          -0.05412,
          -0.07601,
          -0.088841,
          -0.134203,
          0.113882,
          0.130957,
          0.107495,
          0.015327,
          -0.043321,
          0.063142,
          0.076471,
          0.138297,
          -0.055093,
          -0.031859,
          0.083516,
          -0.041285,
          -0.070406,
          0.138031,
          0.064739,
          0.046922,
          0.12032,
          -0.157488,
          -0.031795,
          -0.089577,
          -0.013668,
          0.151738,
          -0.125236,
          -0.193978,
          0.009841,
          0.169892,
          -0.170226,
          -0.16813,
          0.105163,
          0.172358,
          0.100844,
          -0.079605,
          0.131296,
          0.15826,
          -0.010455,
          0.172466,
          -0.16793,
          0.192875,
          -0.07652,
          -0.098096,
          0.093486,
          0.196289,
          0.004234,
          -0.071796,
          0.192001,
          -0.180242,
          0.080016,
          0.164915,
          0.201945,
          -0.021488,
          0.193636,
          -0.120613,
          0.042378,
          -0.142583,
          0.045681,
          -0.020072,
          0.061067,
          0.070467,
          0.118204,
          0.095373,
          -0.021829,
          -0.126032,
          0.022342,
          -0.041572,
          0.142793,
          -0.042902,
          -0.041168,
          0.008442,
          -0.205122,
          -0.019866,
          0.191684,
          0.08088,
          0.157127,
          0.209757,
          0.090783,
          -0.020128,
          -0.099436,
          0.013075,
          -0.164599,
          0.086592,
          -0.1477,
          0.040376,
          0.013179,
          0.136887,
          -0.135945,
          0.173317,
          -0.013444,
          0.111674,
          -0.188204,
          -0.15738,
          -0.128981,
          0.06683,
          -0.069928,
          -0.101746,
          0.187868,
          -0.070214,
          -0.092435,
          0.045814,
          0.016345,
          0.030419,
          -0.122742,
          -0.009401,
          -0.010429,
          -0.052977,
          -0.058107,
          0.071849,
          -0.110887,
          -0.130217,
          -0.028722,
          0.103455,
          -0.129276,
          0.144127,
          0.183237,
          -0.10392,
          -0.067335,
          -0.026361,
          -0.006262,
          0.006113,
          0.06965,
          0.09785,
          -0.177628,
          0.189794,
          -0.088215,
          -0.207906,
          0.037285,
          -0.011728,
          0.006104,
          0.20026,
          -0.159122,
          -0.115838,
          -0.009486,
          -0.04996,
          0.030036,
          -0.158579,
          0.18503,
          -0.008808,
          -0.131218,
          0.144994,
          0.174847,
          0.00147,
          -0.167546,
          -0.10365,
          -0.092932,
          -0.103932,
          -0.003736,
          -0.000359,
          0.173944,
          0.135679,
          -0.126242,
          -0.104523,
          0.112497,
          0.166722,
          0.125476,
          0.121147,
          0.106165,
          -0.001647,
          0.017964,
          0.142899,
          -0.092159,
          0.182795,
          0.003671,
          -0.01236,
          0.079341,
          0.101547,
          0.01629,
          0.008529,
          -0.099512,
          0.083412,
          0.095103,
          -0.053445,
          -0.14435,
          0.051402,
          -0.043938,
          -0.062104,
          0.067502,
          0.027032,
          0.063646,
          0.182745,
          0.156008,
          -0.130832,
          -0.027617,
          -0.20643,
          0.125169,
          -0.016539,
          -0.194695,
          0.205174,
          0.01427,
          -0.080757,
          -0.042294,
          -0.031317,
          0.037914,
          0.084418,
          0.129689,
          -0.080625,
          0.088584,
          0.069094,
          -0.033411,
          0.029379,
          -0.093821,
          0.106032,
          -0.203106,
          0.090144,
          -0.029693,
          -0.015826,
          0.095258,
          -0.102638,
          -0.05398,
          -0.0998,
          0.15633,
          0.157262,
          0.058125,
          0.092457,
          -0.073024,
          -0.108081,
          -0.194349,
          -0.183421,
          -0.156831,
          0.149116,
          -0.09323,
          0.088154,
          -0.168591,
          0.149293,
          0.046944,
          0.03837,
          -0.12721,
          -0.066103,
          0.172336,
          0.126186,
          -0.160606,
          0.184394,
          0.064976,
          0.152447,
          -0.025111,
          0.050764,
          0.090729,
          -0.144637,
          0.211881,
          -0.004039,
          -0.016907,
          -0.075744,
          0.072376,
          0.134934,
          -0.044329,
          0.012607,
          0.010465,
          -0.004213,
          -0.119486,
          -0.169213,
          0.133539,
          0.172703,
          -0.112993,
          0.001355,
          0.140029,
          0.068282,
          0.184091,
          0.182509,
          -0.013058,
          -0.149418,
          -0.193579,
          -0.1176,
          0.032655,
          -0.061593,
          -0.09044,
          -0.154566,
          0.034292,
          -0.038055,
          0.104436,
          -0.170682,
          -0.058877,
          0.188029,
          -0.066455,
          0.144078,
          0.001242,
          0.157894,
          0.100254,
          0.148208,
          -0.015505,
          0.137847,
          -0.03438,
          -0.193383,
          0.100083,
          -0.154413,
          -0.077072,
          -0.210093,
          0.156,
          -0.108239,
          0.023241,
          -0.087101,
          -0.118364,
          -0.044905,
          0.016098,
          0.012214,
          -0.129644,
          -0.14683,
          0.204798,
          -0.154649,
          -0.091231,
          -0.14589,
          0.101829,
          -0.067619,
          0.049342,
          0.080637,
          0.191034,
          0.118552,
          0.206264,
          0.144475,
          -0.040764,
          0.064499,
          -0.134203,
          0.114471,
          0.092724,
          -0.036044,
          0.158162,
          -0.170175,
          -0.072718,
          -0.131811,
          0.160088,
          0.025658,
          -0.172716,
          0.003037,
          0.069215,
          -0.045342,
          -0.001679,
          -0.051086,
          -0.042549,
          -0.14615,
          0.068932,
          0.009827,
          0.151712,
          -0.164165,
          -0.036907,
          0.099496,
          0.151701,
          -0.117537,
          0.202432,
          -0.181149,
          -0.112995,
          0.101896,
          -0.100812,
          0.074279,
          -0.046809,
          0.02891,
          -0.134169,
          -0.085714,
          0.141772,
          -0.087243,
          -0.171024,
          -0.065285,
          -0.01777,
          0.058403,
          0.151201,
          -0.051503,
          -0.190938,
          -0.163141,
          -0.177127,
          0.158639,
          0.154077,
          0.052991,
          -0.127483,
          0.129681,
          -0.104714,
          0.074906,
          0.159543,
          -0.16879,
          -0.074886,
          0.02802,
          0.182703,
          0.0712,
          -0.115977,
          0.040497,
          0.055889,
          -0.139577,
          0.055686,
          0.146579,
          0.003833,
          0.172949,
          -0.103904,
          -0.090421,
          -0.101083,
          0.126873,
          0.093937,
          -0.133284,
          0.061465,
          0.099463,
          -0.080583,
          -0.058147,
          0.164534,
          0.199931,
          0.097299,
          0.113835,
          0.035823,
          -0.034937,
          0.065887,
          -0.111705,
          -0.020092,
          0.04304,
          0.00965,
          0.102461,
          -0.143837,
          0.154727,
          0.043038,
          0.102709,
          0.211536,
          0.026289,
          0.134982,
          -0.175646,
          0.196389,
          -0.029502,
          -0.091254,
          0.15286,
          -0.109795,
          -0.096012,
          0.01976,
          0.006495,
          0.058429,
          0.140843,
          0.007089,
          -0.032099,
          -0.198852,
          0.153016,
          -0.080239,
          0.003505,
          0.169792,
          -0.106392,
          -0.057037,
          -0.092213,
          -0.034236,
          -0.077038,
          -0.117203,
          -0.084985,
          -0.13911,
          0.037021,
          -0.034385,
          0.194384,
          -0.045739,
          -0.03439,
          -0.190719,
          -0.170243,
          0.045323,
          0.050728,
          0.034335,
          -0.011385,
          -0.066314,
          -0.037538,
          0.105253,
          -0.107432,
          0.076869,
          -0.131191,
          -0.193556,
          -0.137846,
          -0.083152,
          0.175484,
          0.063266,
          0.132111,
          0.008149,
          0.126152,
          0.029389,
          0.148446,
          0.043973,
          -0.091788,
          -0.16043,
          -0.139919,
          0.071665,
          -0.020313,
          -0.146955,
          0.175092,
          -0.132534,
          0.140042,
          0.022392,
          -0.079868,
          -0.194041,
          -0.142248,
          0.133613,
          0.178201,
          0.024406,
          0.053037,
          0.131466,
          0.040002,
          0.12254,
          0.165338,
          0.006176,
          0.14436,
          0.028406,
          0.067563,
          0.114957,
          0.036632,
          -0.004015,
          -0.213209,
          -0.089402,
          0.052061,
          0.076924,
          -0.211653,
          -0.111023,
          0.043656,
          -0.096379,
          -0.057164,
          0.160923,
          0.074001,
          -0.056241,
          -0.079682,
          0.064305,
          -0.022657,
          -0.130669,
          0.168628,
          0.051832,
          0.11468,
          -0.009002,
          -0.135388,
          0.153035,
          -0.086569,
          0.104783,
          0.148227,
          0.096816,
          -0.12388,
          -0.121499,
          -0.032466,
          -0.158081,
          0.019681,
          -0.009115,
          0.081979,
          0.013691,
          0.153114,
          -0.077276,
          -0.096902,
          0.192352,
          -0.195925,
          -0.036907,
          -0.07446,
          -0.143898,
          -0.084637,
          -0.06818,
          0.193482,
          -0.14119,
          -0.186949,
          -0.241795,
          0.047842,
          0.147573,
          0.182689,
          -0.084172,
          0.170223,
          -0.05293,
          0.176764,
          -0.061258,
          -0.148792,
          -0.188873,
          0.118189,
          0.064852,
          -0.002314,
          -0.218616,
          0.040981,
          -0.110578,
          0.158323,
          -0.197363,
          -0.107383,
          -0.21166,
          -0.019621,
          0.050362,
          -0.064862,
          -0.090791,
          0.120689,
          -0.002594,
          -0.121955,
          0.105366,
          0.123586,
          -0.176627,
          -0.118213,
          -0.088853,
          0.040804,
          -0.208922,
          0.030167,
          0.097788,
          -0.173387,
          0.153919,
          0.027307,
          -0.009548,
          -0.100381,
          -0.167664,
          0.216797,
          -0.159308,
          -0.144398,
          0.091983,
          -0.010477,
          0.092969,
          0.071449,
          0.035447,
          0.146983,
          0.003627,
          -0.043369,
          0.129459,
          -0.039184,
          -0.091793,
          0.071226,
          0.135081,
          -0.070161,
          0.13029,
          0.156831,
          -0.067121,
          -0.067037,
          -0.164388,
          -0.104129,
          0.083595,
          -0.136878,
          0.063237,
          0.062055,
          0.012019,
          0.083021,
          -0.021709,
          -0.005759,
          0.092615,
          0.196253,
          -0.081463,
          0.191893,
          -0.01672,
          0.108943,
          0.002891,
          0.052745,
          -0.058125,
          0.010998,
          -0.162669,
          -0.031738,
          0.090979,
          -0.167216,
          0.004725,
          0.173445,
          0.05524,
          -0.186541,
          0.114153,
          0.184438,
          -0.156553,
          -0.137415,
          -0.116214,
          0.051972,
          0.107663,
          -0.015213,
          0.032894,
          -0.154541,
          0.091689,
          -0.179118,
          -0.15696,
          0.038129,
          0.170846,
          -0.017765,
          0.142829,
          0.105442,
          -0.208683,
          0.114622,
          -0.053407,
          -0.082972,
          0.10171,
          -0.123133,
          0.036946,
          -0.028377,
          0.066921,
          0.070797,
          0.029236,
          0.010256,
          0.096492,
          0.199442,
          -0.1471,
          0.001334,
          -0.167649,
          0.143936,
          0.137882,
          -0.028937,
          -0.025233,
          -0.117409,
          0.020999,
          0.144767,
          0.032118,
          0.169971,
          -0.196101,
          0.180252,
          -0.178819,
          0.094628,
          -0.127178,
          0.05243,
          0.135897,
          0.013794,
          0.050602,
          -0.143803,
          -0.034039,
          0.070446,
          -0.114017,
          -0.168582,
          0.204958,
          -0.068749,
          0.025504,
          0.159339,
          0.08676,
          -0.098203,
          -0.041941,
          -0.158146,
          0.171374,
          -0.127282,
          -0.082369,
          -0.15292,
          -0.111818,
          0.207409,
          0.137256,
          0.038437,
          -0.208708,
          0.158547,
          0.016515,
          0.092281,
          -0.050392,
          -0.023287,
          0.021721,
          0.04875,
          -0.205406,
          -0.051326,
          0.061857,
          -0.157737,
          -0.121306,
          -0.030857,
          -0.115504,
          -0.119601,
          -0.114119,
          -0.062987,
          -0.014734,
          -0.039474,
          0.186634,
          0.063205,
          -0.033813,
          0.158062,
          -0.188156,
          0.155967,
          0.159734,
          -0.156848,
          0.086241,
          0.070467,
          -0.113337,
          -0.114343,
          0.108656,
          0.068503,
          -0.105463,
          0.066539,
          0.121554,
          0.220419,
          -0.037542,
          0.000359,
          0.162596,
          0.123946,
          0.055714,
          0.046763,
          -0.024429,
          0.173641,
          -0.047186,
          -0.094937,
          0.105586,
          0.107745,
          -0.107459,
          0.1231,
          0.09206,
          -0.034745,
          -0.078282,
          0.107838,
          -0.212056,
          0.134364,
          -0.089406,
          -0.114551,
          -0.131572,
          0.067503,
          -0.169763,
          0.160958,
          -0.094794,
          0.041212,
          -0.143261,
          0.082114,
          -0.000617,
          0.172068,
          0.015108,
          -0.016498,
          0.148046,
          0.080001,
          0.16234,
          -0.041325,
          -0.109744,
          -0.006362,
          0.045166,
          0.07991,
          0.134736,
          -0.176079,
          -0.103634,
          0.047225,
          -0.156529,
          0.132155,
          0.189066,
          0.04545,
          -0.080829,
          0.16915,
          0.106816,
          0.177972,
          0.164064,
          0.037894,
          0.17356,
          0.136258,
          -0.199798,
          0.048897,
          -0.063693,
          -0.053998,
          -0.115774,
          -0.118254,
          -0.169159,
          0.081362,
          0.171495,
          0.021781,
          0.106332,
          0.087604,
          0.021597,
          0.004699,
          0.162189,
          0.033651,
          -0.006492,
          -0.169802,
          -0.132534,
          -0.170003,
          0.040051,
          0.21612,
          0.093431,
          0.191988,
          -0.147312,
          -0.055422,
          -0.017895,
          0.047319,
          -0.066088,
          0.184278,
          0.186129,
          -0.117003,
          -0.139956,
          0.098133,
          -0.047118,
          -0.037749,
          -0.078236,
          0.207008,
          0.06385,
          0.004983,
          -0.175164,
          0.020953,
          0.1099,
          -0.106173,
          -0.174903,
          0.007048,
          -0.087815,
          -0.16111,
          -0.135259,
          -0.048621,
          0.059463,
          -0.118401,
          0.00177,
          0.164698,
          -0.068465,
          0.077256,
          -0.110714,
          -0.047297,
          -0.138094,
          -0.065121,
          -0.146021,
          0.171012,
          -0.049448,
          0.03707,
          0.004134,
          0.164106,
          0.180224,
          0.130472,
          -0.01312,
          0.204402,
          -0.178567,
          -0.039481,
          -0.0461,
          -0.035167,
          0.197203,
          -0.013586,
          -0.029265,
          0.101537,
          -0.024378,
          -0.095199,
          0.164371,
          0.06413,
          0.068835,
          0.076744,
          -0.084906,
          0.151056,
          -0.023719,
          0.10482,
          0.034078,
          -0.045046,
          0.094187,
          -0.15443,
          -0.07112,
          0.099725,
          0.165322,
          -0.109868,
          0.15252,
          0.037269,
          -0.074015,
          0.19608,
          0.079633,
          -0.056602,
          -0.066983,
          0.059962,
          0.134107,
          -0.012876,
          -0.085022,
          0.036698,
          -0.152156,
          -0.136752,
          -0.13531,
          -0.137287,
          -0.060839,
          0.171523,
          0.016474,
          -0.142095,
          0.054047,
          0.030011,
          0.073709,
          0.097237,
          -0.140449,
          -0.124629,
          -0.19377,
          0.015128,
          -0.168954,
          0.037532,
          -0.00756,
          -0.190472,
          -0.100848,
          -0.108757,
          -0.078731,
          0.136697,
          0.115211,
          0.114686,
          -0.075297,
          -0.044107,
          0.04735,
          0.131778,
          0.101089,
          -0.067588,
          0.161071,
          -0.039273,
          -0.186306,
          -0.219789,
          0.026398,
          -0.144132,
          0.10652,
          -0.065556,
          0.023412,
          0.127883,
          0.063658,
          -0.014061,
          -0.173764,
          0.112533,
          0.147368,
          0.076394,
          0.081566,
          -0.04972,
          0.117636,
          -0.150675,
          -0.013997,
          0.096435,
          -0.182016,
          -0.080515,
          0.048526,
          0.159852,
          0.127943,
          0.054595,
          0.106168,
          -0.002484,
          0.174987,
          -0.128599,
          -0.145814,
          -0.005622,
          -0.118984,
          0.002869,
          0.111451,
          0.169428,
          0.145487,
          -0.102845,
          -0.00902,
          0.085077,
          -0.054206,
          -0.053325,
          0.094065,
          -0.057379,
          0.052516,
          0.091544,
          0.004444,
          0.076217,
          -0.032951,
          -0.148927,
          -0.143825,
          -0.022766,
          0.177761,
          0.203965,
          0.096345,
          0.039732,
          0.041121,
          0.043863,
          0.00181,
          0.164153,
          0.16012,
          0.142342,
          -0.010333,
          0.056038,
          0.028471,
          -0.147123,
          -0.012855,
          -0.009022,
          0.133423,
          0.082165,
          -0.129265,
          0.024083,
          0.076489,
          -0.05236,
          -0.119563,
          0.105493,
          -0.112343,
          -0.185717,
          -0.102845,
          -0.021517,
          0.154058,
          0.027264,
          -0.050382,
          -0.197303,
          -0.107942,
          0.125835,
          0.16421,
          -0.113268,
          0.136833,
          0.202623,
          0.003628,
          0.119582,
          -0.080226,
          -0.025842,
          -0.051326,
          0.01133,
          -0.099391,
          -0.193027,
          -0.027614,
          -0.002984,
          -0.151542,
          0.121884,
          -0.018716,
          0.177666,
          0.162017,
          -0.009116,
          -0.055662,
          -0.043139,
          0.173546,
          -0.182939,
          -0.096239,
          0.155425,
          -0.087026,
          -0.137209,
          -0.068522,
          -0.044428,
          0.168243,
          0.070329,
          0.160392,
          0.114613,
          -0.101592,
          -0.109608,
          0.149237,
          0.06833,
          -0.140377,
          -0.001534,
          -0.003016,
          0.210425,
          0.042744,
          0.031503,
          -0.100812,
          0.193872,
          0.046128,
          0.145284,
          0.199858,
          -0.117842,
          -0.038646,
          0.118588,
          -0.152091,
          0.024672,
          0.060515,
          -0.081648,
          0.168903,
          -0.17815,
          0.137547,
          -0.103103,
          -0.096128,
          -0.137985,
          0.073023,
          -0.087512,
          -0.164515,
          -0.057016,
          -0.065158,
          0.034976,
          0.106336,
          0.039568,
          0.118161,
          -0.161224,
          -0.207001,
          0.006402,
          0.118809,
          0.067279,
          -0.032036,
          0.033826,
          0.114092,
          -0.128224,
          -0.123679,
          0.182927,
          0.135749,
          0.068316,
          0.014146,
          0.169124,
          0.053294,
          0.014486,
          0.129364,
          0.18021,
          -0.176005,
          0.081315,
          -0.14321,
          -0.099438,
          0.163131,
          0.169012,
          -0.091095,
          -0.086855,
          0.166367,
          0.16186,
          -0.089445,
          -0.023241,
          0.034659,
          -0.080216,
          -0.012732,
          0.094495,
          0.085076,
          -0.076561,
          0.135133,
          -0.085064,
          -0.044644,
          -0.14405,
          -0.073295,
          0.177393,
          0.181727,
          0.112593,
          -0.105199,
          0.071145,
          -0.135807,
          0.097984,
          -0.128327,
          0.065083,
          -0.105851,
          0.002835,
          -0.064848,
          -0.000756,
          -0.061171,
          -0.070594,
          0.174997,
          0.126824,
          0.11498,
          -0.01606,
          -0.071898,
          0.067053,
          0.106878,
          -0.106918,
          0.046495,
          0.010788,
          -0.110462,
          -0.132854,
          0.090215,
          0.003335,
          0.067128,
          -0.015366,
          -0.034316,
          -0.037711,
          0.204834,
          0.058787,
          -0.097186,
          0.021823,
          -0.097617,
          0.168613,
          -0.11813,
          0.197939,
          8.6e-05,
          0.095852,
          0.089634,
          -0.104427,
