# Chunk number: 26 of 37

          -0.034316,
          -0.037711,
          0.204834,
          0.058787,
          -0.097186,
          0.021823,
          -0.097617,
          0.168613,
          -0.11813,
          0.197939,
          8.6e-05,
          0.095852,
          0.089634,
          -0.104427,
          -0.027314,
          -0.143562,
          -0.059552,
          -0.127739,
          -0.031175,
          0.048377,
          0.102472,
          -0.128785,
          0.200131,
          0.035943,
          0.153797,
          0.074883,
          -0.108361,
          0.148287,
          0.038221,
          0.07038,
          -0.049914,
          -0.034991,
          0.00946,
          -0.154323,
          -0.173121,
          -0.078858,
          -0.133719,
          -0.205492,
          -0.069452,
          0.097884,
          -0.148774,
          -0.067193,
          0.18879,
          -0.194136,
          -0.018237,
          0.112384,
          0.19279,
          -0.058091,
          -0.041676,
          -0.050783,
          -0.168485,
          0.012513,
          0.029221,
          -0.16532,
          -0.101676,
          -0.109647,
          -0.091203,
          0.025881,
          -0.203312,
          -0.150048,
          -0.096036,
          -0.065618,
          -0.029291,
          -0.124409,
          0.036849,
          0.162765,
          -0.156871,
          0.145319,
          -0.20496,
          -0.056408,
          0.180875,
          -0.080395,
          0.06494,
          0.127429,
          -0.033765,
          -0.144959,
          0.089956,
          0.002639,
          -0.084332,
          -0.060072,
          -0.13868,
          -0.00098,
          0.017433,
          -0.059604,
          0.149238,
          -0.104232,
          -0.045832,
          0.036583,
          0.128511,
          0.160823,
          0.142387,
          0.079144,
          -0.031708,
          -0.09866,
          -0.027352,
          0.165919,
          0.111431,
          -0.155816,
          0.045371,
          -0.118736,
          0.159638,
          -0.180595,
          -0.074722,
          -0.177854,
          -0.214818,
          0.150572,
          -0.179504,
          0.108116,
          0.114526,
          -0.14034,
          -0.010414,
          0.051977,
          -0.004146,
          0.021868,
          0.134753,
          0.116608,
          -0.102231,
          -0.156458,
          -0.019598,
          0.093797,
          0.118243,
          0.095575,
          -0.091951,
          -0.17844,
          -0.150843,
          -0.114344,
          0.212207,
          -0.02402,
          -0.16308,
          -0.056644,
          -0.172901,
          0.099643,
          -0.008256,
          0.017833,
          0.046863,
          0.029055,
          0.023991,
          -0.037378,
          0.098453,
          -0.162449,
          -0.078035,
          0.06906,
          0.143842,
          0.157527,
          -0.210437,
          -0.076087,
          0.116083,
          0.142362,
          -0.136835,
          0.138566,
          -0.144087,
          -0.079512,
          -0.005396,
          0.130797,
          -0.221643,
          -0.184553,
          0.032639,
          -0.052477,
          0.172526,
          -0.043743,
          -0.069904,
          0.172865,
          -0.052856,
          -0.113976,
          0.152614,
          -0.086044,
          0.006411,
          0.064717,
          -0.196093,
          -0.148061,
          0.0837,
          0.029939,
          -0.00336,
          0.041576,
          -0.085823,
          -0.046911,
          -0.143988,
          -0.136822,
          -0.073656,
          -0.109026,
          -0.027623,
          -0.137076,
          0.005141,
          -0.091939,
          -0.015087,
          -0.150624,
          -0.14817,
          -0.205327,
          -0.118287,
          -0.043062,
          -0.068985,
          0.113412,
          0.20254,
          -0.008314,
          -0.154686,
          0.08613,
          0.041284,
          -0.004376,
          0.09684,
          -0.165045,
          0.099099,
          -0.128898,
          -0.045067,
          7.4e-05,
          0.049539,
          0.118638,
          0.072734,
          0.122967,
          0.14981,
          -0.033384,
          0.168402,
          0.153862,
          0.144972,
          0.005125,
          0.183922,
          -0.077258,
          -0.025904,
          -0.009839,
          -0.205117,
          -0.054739,
          0.094251,
          -0.122166,
          0.030684,
          -0.075703,
          0.010774,
          -0.118976,
          -0.15246,
          0.039952,
          -0.157071,
          -0.188977,
          0.177042,
          0.035549,
          0.042155,
          0.151797,
          -0.172099,
          0.145606,
          0.120909,
          0.181028,
          0.126875,
          -0.082302,
          -0.079872,
          0.063104,
          -0.032053,
          -0.038164,
          -0.138251,
          -0.054169,
          0.063247,
          -0.090016,
          0.160061,
          0.006623,
          -0.053428,
          -0.1741,
          0.023135,
          0.088376,
          0.18682,
          0.017164,
          0.048522,
          0.039549,
          0.187552,
          -0.055518,
          -0.083076,
          -0.120052,
          0.092714,
          0.088417,
          -0.064643,
          0.107938,
          -0.016546,
          0.111354,
          0.020093,
          -0.135359,
          0.115864,
          -0.123213,
          0.075971,
          0.074226,
          0.179789,
          0.1324,
          0.16197,
          -0.055858,
          -0.143067,
          0.159063,
          0.13606,
          -0.018145,
          0.045269,
          -0.194245,
          0.077631,
          -0.097828,
          -0.075821,
          0.150446,
          0.203283,
          -0.193784,
          -0.091634,
          -0.038363,
          0.179195,
          0.157094,
          -0.088511,
          -0.002954,
          0.093798,
          -0.048329,
          0.097069,
          0.120899,
          -0.070705,
          0.04051,
          0.215922,
          -0.087669,
          0.083685,
          0.16616,
          0.14734,
          0.204842,
          0.104783,
          0.011592,
          -0.055375,
          0.046502,
          0.117762,
          -0.121208,
          0.184735,
          0.04638,
          -0.049521,
          0.092542,
          -0.035479,
          0.022831,
          0.183579,
          0.133251,
          -0.01345,
          0.126464,
          -0.172808,
          -0.089192,
          -0.040014,
          -0.004726,
          0.058395,
          0.169831,
          -0.128223,
          -0.039593,
          0.030605,
          -0.025692,
          -0.138494,
          0.155326,
          -0.101437,
          0.154815,
          -0.071768,
          -0.04919,
          0.03271,
          0.100241,
          0.098103,
          0.115186,
          0.129458,
          0.076982,
          -0.157018,
          -0.032129,
          -0.160596,
          0.010864,
          -0.135928,
          0.080069,
          -0.024752,
          0.137383,
          -0.100621,
          0.141943,
          -0.031139,
          -0.116169,
          0.103414,
          -0.030903,
          -0.090316,
          -0.152916,
          0.103678,
          0.031022,
          0.000535,
          0.086876,
          0.12985,
          0.178623,
          0.144862,
          0.051861,
          -0.040413,
          0.011252,
          0.101001,
          0.03,
          0.051807,
          0.165374,
          0.102015,
          0.209707,
          0.150119,
          -0.202109,
          -0.15619,
          -0.16453,
          0.160186,
          -0.170396,
          -0.157628,
          -0.13493,
          0.089449,
          0.168981,
          0.083982,
          0.035887,
          -0.072956,
          -0.168804,
          -0.217239,
          -0.098952,
          -0.118595,
          -0.172155,
          -0.199869,
          -0.07711,
          -0.092413,
          0.188742,
          0.117973,
          -0.153966,
          0.166087,
          -0.031688,
          -0.074768,
          0.161105,
          0.144931,
          0.051395,
          -0.058443,
          -0.059883,
          -0.122237,
          -0.134813,
          0.199567,
          -0.114679,
          -0.105585,
          0.145675,
          0.100982,
          -0.167457,
          0.056287,
          -0.142967,
          0.121869,
          -0.035589,
          0.099748,
          -0.159627,
          -0.060602,
          -0.171863,
          -0.020479,
          0.143366,
          0.072945,
          -0.068179,
          0.084435,
          0.143881,
          -0.155564,
          -0.102427,
          -0.15261,
          -0.056677,
          0.081437,
          0.1832,
          0.138072,
          0.075545,
          -0.051077,
          -0.188491,
          0.017401,
          -0.00837,
          0.027752,
          -0.155871,
          0.154478,
          0.108846,
          -0.030917,
          0.106726,
          0.172914,
          -0.101112,
          -0.042479,
          0.108744,
          -0.004323,
          -0.041626,
          -0.102976,
          0.205934,
          -0.081482,
          0.146092,
          -0.035896,
          -0.029285,
          0.025462,
          -0.104646,
          0.13414,
          0.156032,
          -0.147338,
          -0.119485,
          0.067788,
          0.190742,
          -0.049374,
          -0.067682,
          0.152226,
          0.006036,
          0.186868,
          0.124964,
          -0.071089,
          -0.066143,
          0.023376,
          -0.106724,
          -0.023749,
          -0.032198,
          0.011653,
          0.067543,
          0.047634,
          -0.07836,
          0.19491,
          -0.137308,
          0.043115,
          0.199592,
          0.185473,
          0.087804,
          0.112972,
          0.021316,
          0.116049,
          0.197722,
          -0.161242,
          0.026886,
          0.011247,
          0.136001,
          -0.083408,
          -0.128289,
          0.059676,
          0.0246,
          -0.015878,
          0.093977,
          0.170461,
          -0.125296,
          0.201377,
          0.149409,
          0.214067,
          -0.182502,
          0.167197,
          -0.085398,
          0.174573,
          0.095756,
          0.007448,
          -0.10832,
          -0.095712,
          0.087917,
          -0.161254,
          -0.136265,
          0.11605,
          -0.036574,
          -0.133513,
          -0.078404,
          -0.222052,
          0.166689,
          0.139769,
          -0.116801,
          -0.023808,
          -0.08704,
          0.017543,
          -0.026654,
          -0.107691,
          0.068299,
          -0.009777,
          -0.166255,
          -9e-05,
          -0.016178,
          -0.064882,
          0.114695,
          0.079566,
          0.169578,
          0.118119,
          -0.066485,
          0.047359,
          0.074549,
          0.0394,
          0.061367,
          -0.153131,
          0.045714,
          0.025237,
          -0.104092,
          0.11814,
          -0.019361,
          -0.058948,
          -0.178186,
          0.076262,
          -0.151567,
          0.101269,
          0.108592,
          0.033558,
          0.08545,
          -0.005959,
          0.170622,
          -0.004204,
          0.028104,
          -0.020444,
          0.20726,
          0.156429,
          0.120849,
          0.10058,
          0.078819,
          -0.095671,
          -0.152286,
          0.076551,
          -0.009056,
          0.181043,
          0.011034,
          -0.114556,
          0.142668,
          -0.094306,
          0.040763,
          -0.095876,
          -0.163949,
          -0.05603,
          -0.208616,
          -0.027404,
          -0.046278,
          0.007219,
          -0.096977,
          -0.085201,
          0.13122,
          0.047389,
          0.006549,
          -0.076275,
          -0.047734,
          0.062367,
          0.167062,
          -0.03217,
          0.038579,
          -0.130604,
          -0.130802,
          0.100544,
          0.088049,
          0.129663,
          0.071243,
          -0.197681,
          0.105342,
          0.026165,
          -0.101192,
          -0.030597,
          0.040563,
          0.095628,
          0.120209,
          -0.067324,
          0.164861,
          0.169259,
          0.154771,
          -0.138523,
          -0.072699,
          0.122675,
          0.047302,
          -0.011842,
          -0.033062,
          -0.076298,
          -0.095727,
          0.027538,
          -0.032328,
          0.123396,
          -0.163865,
          -0.052005,
          0.088187,
          -0.164849,
          0.082998,
          -0.015194,
          -0.144461,
          0.154201,
          -0.005985,
          -0.138215,
          0.035857,
          -0.17099,
          0.065774,
          -0.183219,
          0.129186,
          0.213418,
          0.112063,
          -0.046317,
          0.033981,
          -0.150397,
          0.155949,
          -0.196081,
          0.119961,
          0.092814,
          0.098236,
          -0.19042,
          -0.143756,
          -0.123988,
          -0.161258,
          0.07673,
          0.143392,
          -0.131262,
          -0.144775,
          -0.198228,
          0.204507,
          0.056236,
          -0.162068,
          0.170953,
          0.065257,
          0.138647,
          -0.176392,
          -0.134675,
          -0.017145,
          -0.102727,
          -0.030301,
          -0.15384,
          -0.198102,
          0.013496,
          0.032341,
          0.010362,
          0.016713,
          -0.023038,
          -0.184045,
          0.158249,
          -0.198147,
          0.017435,
          -0.157189,
          0.029262,
          -0.061402,
          -0.174444,
          -0.074603,
          -0.206343,
          0.179499,
          -0.119112,
          -0.042936,
          -0.14115,
          -0.074538,
          -0.214072,
          -0.160388,
          0.194958,
          0.06735,
          0.113983,
          0.080803,
          0.196963,
          -0.159499,
          -0.051801,
          0.191221,
          -0.081524,
          -0.172005,
          -0.197991,
          0.176474,
          -0.038371,
          0.17105,
          -0.007492,
          -0.088851,
          0.03789,
          -0.150921,
          -0.08506,
          -0.168068,
          -0.133501,
          -0.009972,
          0.122814,
          0.135665,
          0.028603,
          -0.04824,
          0.047886,
          0.110822,
          -0.051245,
          0.0585,
          -0.080789,
          0.054461,
          -0.093804,
          0.0216,
          0.112072,
          0.002783,
          -0.145014,
          -0.09131,
          -0.089508,
          0.145837,
          0.085856,
          -0.122359,
          0.20041,
          -0.021065,
          -0.072581,
          -0.172881,
          -0.058033,
          -0.156766,
          -0.11829,
          0.14228,
          0.143228,
          -0.134291,
          -0.144628,
          0.164747,
          -0.106897,
          0.148983,
          -0.179239,
          -0.19027,
          0.048056,
          -0.135217,
          -0.168744,
          0.136879,
          0.053651,
          0.057925,
          -0.099561,
          0.049408,
          -0.034671,
          0.172865,
          -0.005681,
          -0.18377,
          0.120814,
          0.023273,
          -0.029704,
          -0.040175,
          -0.144987,
          0.102875,
          -0.071025,
          0.083181,
          -0.182956,
          -0.086153,
          0.076195,
          -0.19313,
          -0.098368,
          0.191372,
          -0.103187,
          0.043491,
          0.08912,
          -0.14018,
          -0.178254,
          -0.139211,
          0.149779,
          0.148371,
          0.024168,
          0.165181,
          -0.207632,
          -0.08722,
          -0.129317,
          0.067816,
          0.193949,
          -0.157909,
          0.027451,
          -0.055088,
          -0.079294,
          -0.061217,
          0.066352,
          -0.220927,
          -0.095767,
          0.075438,
          -0.19719,
          -0.145791,
          0.030502,
          -0.176385,
          -0.010169,
          -0.044797,
          0.131279,
          -0.051554,
          -0.211689,
          -0.020239,
          -0.156443,
          0.116994,
          -0.027857,
          0.069015,
          -0.110886,
          0.126355,
          0.127457,
          0.182795,
          -0.026729,
          0.063685,
          0.042787,
          -0.147888,
          0.091312,
          -0.153933,
          -0.121974,
          -0.020808,
          -0.113204,
          0.095687,
          0.142056,
          0.114965,
          0.104609,
          -0.19087,
          0.143473,
          0.052673,
          -0.098334,
          0.023443,
          -0.161673,
          -0.039016,
          0.077614,
          0.055922,
          0.093432,
          0.113457,
          0.125863,
          -0.109734,
          -0.13225,
          -0.03834,
          -0.1373,
          -0.020243,
          0.071543,
          -0.169264,
          0.134398,
          0.114503,
          0.152792,
          -0.021212,
          -0.144314,
          -0.047061,
          0.074911,
          -0.090225,
          0.010986,
          0.107327,
          -0.036917,
          0.00148,
          0.01362,
          -0.197995,
          -0.042739,
          -0.132392,
          -0.089014,
          -0.111999,
          -0.136294,
          0.103823,
          0.121886,
          -0.135849,
          -0.156011,
          -0.011413,
          0.087656,
          0.139611,
          -0.041852,
          -0.111055,
          0.046789,
          -0.015013,
          0.131609,
          -0.01287,
          0.007504,
          0.157954,
          0.155172,
          -0.120935,
          -0.030567,
          -0.088838,
          -0.033954,
          -0.141742,
          -0.056643,
          0.026295,
          -0.166336,
          0.034546,
          0.102128,
          -0.074857,
          -0.18366,
          0.13069,
          -0.144909,
          -0.046487,
          0.075871,
          -0.013681,
          0.049566,
          -0.090266,
          -0.076374,
          -0.085959,
          0.137506,
          -0.072028,
          -0.122669,
          0.135633,
          -0.134796,
          0.11147,
          -0.083727,
          -0.117541,
          -0.14014,
          0.126592,
          0.161131,
          -0.012011,
          0.126468,
          -0.076609,
          0.172784,
          0.066213,
          0.221159,
          0.053388,
          0.085978,
          -0.052201,
          0.072888,
          -0.099569,
          -0.19534,
          0.099347,
          -0.146617,
          0.073867,
          0.093111,
          -0.190341,
          0.109022,
          0.122185,
          0.031257,
          0.114284,
          -0.039185,
          0.180313,
          -0.122045,
          -0.085783,
          0.216722,
          -0.021106,
          -0.029574,
          -0.164485,
          -0.189258,
          0.160591,
          0.145367,
          -0.031857,
          -0.011075,
          -0.12536,
          0.030003,
          -0.03994,
          0.138313,
          -0.15189,
          -0.12244,
          0.123944,
          -0.081038,
          0.115225,
          -0.1675,
          -0.016578,
          0.009386,
          0.057005,
          -0.180002,
          0.075633,
          0.022625,
          0.156364,
          -0.092931,
          0.190191,
          0.107932,
          -0.115378,
          0.035539,
          0.019656,
          0.007054,
          -0.136167,
          -0.090754,
          0.168861,
          0.089255,
          -0.17917,
          0.221967,
          0.116338,
          0.188774,
          -0.087043,
          0.081066,
          -0.05503,
          0.178911,
          0.108409,
          -0.189905,
          0.041483,
          -0.032852,
          -0.156189,
          0.099479,
          0.009549,
          0.092547,
          0.114762,
          0.13855,
          -0.038991,
          0.117724,
          -0.069054,
          -0.081104,
          0.219638,
          0.036323,
          0.044455,
          0.035259,
          0.000875,
          -0.016099,
          0.041718,
          0.167457,
          -0.051741,
          -0.064106,
          0.120861,
          0.119175,
          0.063068,
          0.044815,
          0.116725,
          0.117787,
          -0.159919,
          0.13996,
          -0.064977,
          -0.172533,
          -0.084568,
          -0.09106,
          0.049816,
          0.004461,
          -0.065343,
          -0.042324,
          -0.164531,
          -0.09774,
          0.130723,
          0.015943,
          0.032621,
          -0.007526,
          0.20052,
          -0.123756,
          0.04951,
          -0.093144,
          -0.158704,
          -0.11606,
          -0.156544,
          0.121961,
          -0.10526,
          -0.166173,
          -0.190309,
          -0.137842,
          0.129932,
          0.004776,
          -0.00162,
          -0.035842,
          -0.01645,
          0.198783,
          0.074112,
          -0.142502,
          0.0367,
          0.126494,
          -0.219367,
          0.00996,
          0.121888,
          0.01782,
          0.078699,
          -0.155103,
          -0.057949,
          -0.069418,
          -0.162823,
          -0.206147,
          0.215942,
          -0.187988,
          0.036769,
          0.087275,
          0.130397,
          0.192691,
          0.048723,
          -0.078128,
          0.079277,
          0.032697,
          0.072322,
          -0.050437,
          -0.027127,
          0.087402,
          0.090453,
          -0.01717,
          0.166631,
          -0.119705,
          -0.153769,
          0.003969,
          0.050744,
          -0.042503,
          0.029269,
          -0.200417,
          0.121821,
          -0.154318,
          0.064083,
          0.072457,
          -0.127613,
          0.185172,
          -0.089279,
          -0.117088,
          -0.005077,
          0.104636,
          0.147313,
          0.115923,
          0.039339,
          -0.007252,
          0.045643,
          0.110649,
          -0.006748,
          0.074081,
          -0.121224,
          0.011898,
          -0.103886,
          0.118534,
          0.159994,
          0.17635,
          0.017774,
          0.014861,
          -0.144409,
          0.098912,
          0.08372,
          -0.127545,
          0.186871,
          0.08697,
          -0.129668,
          0.064188,
          0.047942,
          -0.040797,
          -0.082593,
          0.06912,
          -0.053144,
          -0.046981,
          0.089044,
          -0.082921,
          -0.041208,
          -0.12851,
          -0.039746,
          0.079223,
          0.149267,
          0.050456,
          0.184746,
          0.022118,
          -0.045791,
          -0.05552,
          0.016271,
          0.16987,
          0.008613,
          0.078156,
          0.117055,
          0.052745,
          0.023486,
          -0.068549,
          0.07961,
          0.002254,
          -0.018308,
          -0.169667,
          0.019397,
          -0.042214,
          0.0329,
          0.016439,
          -0.191566,
          0.091053,
          0.158031,
          0.02401,
          0.088573,
          0.106448,
          0.088054,
          0.11209,
          0.036998,
          -0.008377,
          -0.100795,
          -0.079184,
          0.207102,
          -0.095911,
          -0.158902,
          0.132073,
          0.138478,
          0.129841,
          -0.100396,
          0.142294,
          -0.093922,
          0.065106,
          -0.134945,
          0.111521,
          -0.036847,
          0.032788,
          -0.065327,
          0.063129,
          0.164307,
          0.055113,
          0.100351,
          -0.044662,
          -0.004561,
          0.229556,
          -0.156137,
          -0.191889,
          -0.069206,
          0.013159,
          0.046897,
          -0.041036,
          -0.187131,
          0.037425,
          -0.100629,
          0.104195,
          -0.060655,
          0.083464,
          -0.138119,
          -0.026947,
          0.098776,
          -0.158308,
          0.162039,
          0.168876,
          0.032856,
          0.042271,
          -0.1402,
          -0.149502,
          -0.171676,
          0.203092,
          -0.201232,
          0.029258,
          0.093442,
          -0.151008,
          0.127836,
          0.05929,
          -0.045536
        ],
        "ff2B": [
          0.018212,
          0.021391,
          -0.021406,
          0.027156,
          -0.01446,
          0.020597,
          -0.019495,
          0.005804,
          0.023153,
          -0.018011,
          -0.020962,
          0.019557,
          -0.020904,
          -0.019548,
          0.023962,
          -0.000365,
          -0.00329,
          -0.010916,
          0.019858,
          0.001645,
          0.02278,
          0.02952,
          -0.022445,
          -0.023674,
          0.004957,
          -0.012318,
          -0.024474,
          0.018316,
          -0.021445,
          -0.029071,
          -0.028232,
          -0.017971
        ]
      }
    ],
    "lnFGamma": [
      1.04064,
      1.027428,
      1.039118,
      1.043171,
      1.033844,
      1.04455,
      1.015349,
      1.055852,
      1.040063,
      1.011354,
      1.056311,
      1.056277,
      1.037862,
      1.04472,
      1.042126,
      1.029589,
      1.026928,
      1.01859,
      1.044006,
      1.04225,
      1.045456,
      1.042707,
      1.051415,
      1.038414,
      1.042263,
      1.052224,
      1.038245,
      1.036138,
      0.999928,
      1.038589,
      1.058496,
      1.053522
    ],
    "lnFBeta": [
      0.042714,
      0.05117,
      -0.05552,
      0.055178,
      -0.046007,
      0.056041,
      -0.048343,
      0.057276,
      0.056855,
      -0.048502,
      -0.054974,
      0.0547,
      -0.057667,
      -0.052832,
      0.05332,
      0.034869,
      0.036091,
      0.033949,
      0.054489,
      0.057279,
      0.052209,
      0.049249,
      -0.055167,
      -0.05575,
      -0.043973,
      -0.055339,
      -0.056176,
      0.057148,
      -0.048976,
      -0.056691,
      -0.055424,
      -0.054469
    ],
    "headW": [
      -0.003304,
      0.070606,
      0.105382,
      0.165583,
      0.125522,
      0.005477,
      -0.049833,
      -0.039743,
      0.08006,
      -0.034431,
      0.058512,
      -0.025889,
      0.069778,
      0.088455,
      -0.036165,
      0.066042,
      -0.060326,
      0.074017,
      0.050616,
      -0.027209,
      0.132684,
      -0.032436,
      0.008148,
      -0.089726,
      -0.047348,
      0.121835,
      0.065452,
      0.098621,
      -0.105035,
      0.009571,
      0.125131,
      0.016055,
      -0.016549,
      -0.012592,
      0.033073,
      -0.02951,
      0.004162,
      -0.013694,
      -0.067019,
      0.012295,
      0.051172,
      0.006262,
      -0.005001,
      0.086811,
      0.040928,
      0.050331,
      0.050328,
      -0.117096,
      -0.042238,
      0.077642,
      0.009653,
      -0.021136,
      -0.033712,
      -0.091176,
      -0.052591,
      0.041274,
      -0.108755,
      -0.014994,
      0.021262,
      -0.003236,
      -0.121607,
      0.061933,
      0.022426,
      -0.00584,
      -0.111632,
      -0.086528,
      0.009719,
      0.061171,
      0.119821,
      -0.076327,
      -0.147352,
      -0.024912,
      0.056037,
      0.098997,
      -0.086792,
      -0.040253,
      0.107661,
      -0.020551,
      0.002065,
      -0.051235,
      0.006748,
      0.025469,
      0.039206,
      0.066192,
      -0.047685,
      -0.154539,
      -0.019897,
      -0.051496,
      -0.105536,
      0.080255,
      -0.046997,
      0.029613,
      -0.079564,
      -0.152771,
      -0.001082,
      -0.039324,
      0.003718,
      -0.132203,
      -0.093238,
      -0.038584,
      0.020085,
      0.009347,
      -0.02602,
      0.013341,
      0.045088,
      0.074737,
      -0.06193,
      0.055644,
      0.13027,
      -0.07353,
      -0.118945,
      -0.036655,
      -0.062087,
      0.082656,
      -0.040565,
      0.061213,
      -0.034024,
      -0.132029,
      -0.132039,
      -0.02915,
      -0.125959,
      -0.091924,
      -0.075202,
      0.122939,
      -0.064487,
      -0.027307,
      -0.143268,
      0.040874,
      -0.034524,
      -0.128703,
      0.090728,
      -0.072212,
      0.080723,
      0.080116,
      -0.046239,
      -0.132586,
      -0.050846,
      -0.132739,
      -0.145648,
      -0.029498,
      0.073682,
      -0.134482,
      0.066599,
      0.03866,
      -0.005706,
      -0.056345,
      -0.000288,
      -0.028406,
      0.027601,
      -0.020634,
      -0.130324,
      -0.156295,
      -0.038983,
      -0.120896,
      -0.147498,
      0.053657,
      0.038406,
      0.0044,
      -0.044579,
      0.114539,
      0.007622,
      0.021658,
      0.043006,
      -0.163651,
      0.021537,
      -0.04863,
      0.059512,
      -0.036789,
      0.069341,
      0.052734,
      -0.131501,
      -0.096409,
      0.029528,
      -0.076686,
      -0.070363,
      -0.001112,
      -0.021156,
      -0.107702,
      -0.09228,
      0.047189,
      -0.111351,
      -0.075646,
      -0.00024,
      -0.12198,
      0.068485,
      -0.061708,
      -0.009122,
      -0.039571,
      -0.164181,
      0.010737,
      0.027075,
      -0.164642,
      -0.147803,
      0.097632,
      -0.097776,
      -0.014461,
      0.011837,
      0.029207,
      -0.081305,
      -0.124703,
      -0.018524,
      -0.009299,
      0.014994,
      0.045403,
      -0.166005,
      -0.073366,
      0.029102,
      -0.0534,
      -0.139181,
      -0.050272,
      -0.155239,
      -0.001571,
      -0.062231,
      -0.00841,
      -0.156027,
      -0.053698,
      -0.138936,
      -0.121414,
      0.001877,
      -0.062287,
      -0.027285,
      -0.12457,
      -0.169999,
      -0.087323,
      -0.092258,
      -0.062696,
      -0.043895,
      -0.049296,
      -0.089822,
      -0.069766,
      -0.034539,
      0.02719,
      -0.1699,
      0.020582,
      0.015822,
      -0.084454,
      0.0225,
      0.022191,
      -0.025463,
      -0.063758,
      -0.028783,
      -0.160119,
      0.014994,
      -0.163754,
      0.01518,
      -0.133191,
      -0.012769,
      0.040298,
      -0.059908,
      -0.12068,
      -0.066348,
      0.003619,
      0.001734,
      -0.086992,
      -0.100472,
      -0.150405,
      -0.141143,
      0.023139,
      -0.067556,
      0.004897,
      0.041707,
      0.004578,
      0.023853,
      -0.139741,
      0.066725,
      -0.02664,
      -0.037344,
      -0.012744,
      0.01496,
      -0.129003,
      -0.092759,
      0.027104,
      -0.145832,
      -0.164375,
      -0.093036,
      0.014404,
      -0.091434,
      0.008141,
      -0.152374,
      -0.12615,
      -0.001971,
      -0.050547,
      -0.116862,
      -0.068486,
      -0.095623,
      -0.021464,
      0.045054,
      -0.087074,
      -0.118735,
      -0.000438,
      0.042754,
      0.028746,
      -0.140671,
      -0.109175,
      -0.131277,
      -0.023962,
      -0.05744,
      -0.100404,
      0.059836,
      0.022906,
      0.001563,
      0.037811,
      0.001755,
      -0.008692,
      0.009528,
      0.000443,
      -0.04437,
      -0.141007,
      -0.09231,
      0.018734,
      -0.102774,
      -0.13132,
      0.036276,
      -0.116599,
      -0.153895,
      -0.151818,
      0.063574,
      0.025926,
      -0.09291,
      0.057616,
      -0.113917,
      -0.099965,
      0.005918,
      -0.039913,
      0.017012,
      -0.141658,
      0.036416,
      -0.069708,
      0.054548,
      -0.125682,
      0.033511,
      0.030018,
      -0.145701,
      -0.035066,
      0.04379,
      -0.157702,
      -0.021351,
      0.006868,
      -0.065379,
      0.050482,
      0.053729,
      -0.076991,
      -0.063317,
      0.004728,
      0.055385,
      0.049924,
      -0.173818,
      -0.027287,
      -0.034125,
      -0.023654,
      -0.017149,
      -0.160128,
      -0.067039,
      -0.146807,
      -0.016071,
      0.005788,
      -0.039712,
      0.026315,
      -0.057703,
      -0.006514,
      -0.109858,
      -0.097844,
      -0.088461,
      -0.090181,
      -0.027467,
      -0.032068,
      0.019693,
      -0.068556,
      0.044064,
      -0.098223,
      -0.008904,
      0.044854,
      -0.123087,
      -0.011953,
      0.025099,
      0.01063,
      -0.01213,
      -0.143257,
      -0.138776,
      -0.012947,
      -0.167599,
      -0.121682,
      0.042976,
      -0.033139,
      0.004735,
      0.020698,
      -0.113909,
      0.033088,
      0.005966,
      -0.132445,
      -0.139073,
      -0.157478,
      0.142573,
      0.141005,
      0.005248,
      0.008234,
      -0.01605,
      -0.014265,
      0.015396,
      0.031757,
      -0.009518,
      -0.053369,
      -0.048721,
      0.123604,
      0.046927,
      -0.014426,
      -0.024136,
      0.090365,
      -0.034889,
      -0.059761,
      -0.082716,
      -0.066978,
      -0.069172,
      -0.013739,
      -0.135261,
      0.006477,
      0.049455,
      0.08873,
      0.075155,
      -0.034945,
      0.080486,
      0.034649,
      0.116754,
      -0.058939,
      -0.009255,
      0.041638,
      -0.099143,
      -0.006498,
      0.030731,
      -0.118117,
      0.024048,
      0.076614,
      0.103459,
      0.077937,
      -0.003382,
      0.084171,
      0.016805,
      0.020486,
      -0.052935,
      -0.025925,
      -0.093921,
      -0.053722,
      0.013272,
      0.029059,
      -0.002653,
      -0.081684,
      -0.109182,
      -0.089478,
      -0.093188,
      -0.091055,
      -0.045317,
      0.086376,
      -0.074923,
      0.107022,
      0.023212,
      -0.090162,
      0.022614,
      0.118468,
      -0.062695,
      -0.1055,
      -0.083756,
      -0.119509,
      -0.108334,
      -0.040138,
      -0.087892,
      0.10449,
      -0.090396,
      -0.022789,
      -0.044886,
      -0.048812,
      -0.029082,
      0.055461,
      -0.127896,
      -0.112578,
      -0.134556,
      0.069623,
      -0.028833,
      0.070668,
      0.005397,
      -0.010335,
      -0.165798,
      -0.053733,
      -0.123355,
      -0.013705,
      0.091373,
      -0.021947,
      -0.008186,
      0.07698,
      -0.077728,
      -0.09783,
      0.035469,
      -0.075369,
      -0.064872,
      0.015063,
      -0.11118,
      -0.119205,
      -0.026015,
      0.032343,
      0.007527,
      0.045107,
      -0.044626,
      0.052646,
      -0.007263,
      0.078775,
      -0.013784,
      0.002736,
      -0.061022,
      0.003028,
      -0.0651,
      0.033449,
      -0.033755,
      -0.088976,
      -0.106338,
      -0.085838,
      -0.057359,
      -0.10141,
      0.041883,
      0.061836,
      0.024191,
      0.066456,
      -0.054903,
      -0.040207,
      0.000447,
      -0.068057,
      -0.067827,
      0.033276,
      0.062286,
      -0.067724,
      0.068849,
      0.066007,
      -0.090047,
      -0.035441,
      0.046389,
      0.086772,
      0.039891,
      -0.004086,
      0.046241,
      0.10368,
      0.024314,
      0.076066,
      -0.046902,
      0.011318,
      0.056479,
      -0.075028,
      0.013294,
      -0.100619,
      0.068607,
      -0.019623,
      -0.057311,
      0.031434,
      0.024587,
      0.034456,
      -0.117871,
      -0.078337,
      -0.106336,
      0.038209,
      0.062135,
      -0.028237,
      -0.061927,
      0.080675,
      -0.088027,
      -0.018227,
      -0.003921,
      0.084688,
      0.060353,
      -0.120807,
      -0.108811,
      0.083169,
      -0.074325,
      -0.097901,
      0.076423,
      -0.045099,
      -0.153237,
      0.067522,
      -0.110706,
      0.041685,
      0.038168,
      -0.016636,
      0.118738,
      0.076211,
      0.028681,
      -0.080919,
      -0.020751,
      0.008091,
      0.060175,
      0.014905,
      -0.018192,
      -0.087984,
      -0.079066,
      -0.105824,
      -0.060356,
      0.00828,
      -0.057738,
      -0.084361,
      0.062123,
      0.012687,
      -0.128633,
      -0.030086,
      -0.135617,
      -0.114776,
      0.044608,
      -0.127019,
      -0.024238,
      -0.081584,
      0.043541,
      0.085562,
      0.062179,
      -0.07949,
      0.017792,
      -0.021765,
      0.040479,
      0.029056,
      -0.076425,
      -0.090419,
      -0.018759,
      0.0694,
      -0.052396,
      -0.051143,
      -0.107192,
      -0.105637,
      0.035075,
      0.075066,
      0.067346,
      0.009702,
      0.050515,
      0.072015,
      -0.113261,
      -0.081518,
      0.061493,
      0.060078,
      0.029123,
      -0.065157,
      -0.02296,
      0.041335,
      0.039055,
      -0.126366,
      -0.081327,
      0.042869,
      -0.111424,
      -0.006821,
      -0.049309,
      -0.089629,
      -0.056081,
      -0.069147,
      0.037245,
      0.048228,
      -0.042434,
      0.026819,
      -0.096812,
      0.082156,
      -0.064559,
      -0.113785,
      -0.029559,
      -0.102871,
      0.048504,
      0.014195,
      0.043196,
      -0.028277,
      -0.008825,
      -0.005764,
      0.009625,
      -0.040752,
      -0.025922,
      0.013985,
      0.057146,
      -0.037359,
      -0.066417,
      -0.034107,
      0.002045,
      -0.122114,
      -0.032204,
      0.025967,
      0.051558,
      0.002079,
      0.014146,
      -0.029121,
      0.013765,
      -0.073404,
      -0.105597,
      -0.018794,
      0.002904,
      0.009827,
      0.01319,
      -0.064722,
      0.039786,
      -0.08356,
      -0.081796,
      -0.124003,
      -0.110376,
      0.010434,
      -0.115921,
      0.026328,
      0.042209,
      -0.053169,
      0.065606,
      -0.005172,
      -0.089672,
      -0.04903,
      0.08395,
      -0.098335,
      -0.078215,
      -0.059561,
      0.007227,
      0.073619,
      0.058632,
      -0.115293,
      -0.050885,
      0.002613,
      -0.023348,
      -0.099457,
      -0.13153,
      -0.008862,
      -0.095881,
      -0.003123,
      -0.09773,
      -0.048476,
      0.039952,
      0.029346,
      -0.108902,
      -0.081638,
      0.080473,
      -0.122525,
      0.028875,
      -0.132434,
      0.036189,
      0.052631,
      -0.135304,
      -0.121455,
      -0.092525,
      -0.037025,
      -0.024035,
      0.069551,
      -0.068905,
      0.055033,
      0.043681,
      -0.045921,
      0.058952,
      -0.031093,
      -0.003664,
      0.016948,
      -0.038593,
      0.043276,
      0.037771,
      0.033739,
      -0.071252,
      -0.013512,
      -0.033143,
      0.058897,
      -0.048377,
      -0.116149,
      -0.002526,
      0.031474,
      -0.142871,
      -0.03907,
      0.055644,
      -0.097096,
      0.05302,
      -0.132619,
      -0.072644,
      -0.095093,
      0.045186,
      0.075712,
      -0.048795,
      0.075645,
      -0.094716,
      -0.141995,
      -0.080292,
      -0.044207,
      -0.038478,
      -0.015824,
      -0.08538,
      0.019646,
      -0.006153,
      0.017263,
      -0.016067,
      -0.133047,
      0.058044,
      -0.054362,
      0.040865,
      0.04829,
      -0.12091,
      -0.065531,
      0.019589,
      0.018932,
      -0.014092,
      -0.12361,
      0.024301,
      -0.100194,
      -0.021506,
      -0.167458,
      -0.163957,
      -0.037439,
      -0.107184,
      0.0376,
      -0.086243,
      0.018891,
      -0.05076,
      -0.07238,
      -0.058651,
      -0.075059,
      -0.054082,
      -0.130241,
      -0.125668,
      0.043773,
      0.038788,
      0.035761,
      0.025405,
      -0.069211,
      -0.01261,
      0.056106,
      -0.042444,
      0.073699,
      -0.010296,
      -0.017775,
      -0.102811,
      0.085927,
      -0.073307,
      0.025607,
      -0.091747,
      0.051347,
      0.090908,
      0.048193,
      -0.020478,
      -0.100683,
      0.109259,
      0.078193,
      -0.052159,
      0.113861,
      0.111756,
      0.03828,
      0.027335,
      -0.099647,
      -0.061994,
      0.091746,
      -0.095403,
      -0.111645,
      0.113884,
      -0.122938,
      0.141357,
      0.088492,
      -0.05973,
      -0.019374,
      0.024033,
      0.137093,
      -0.060357,
      -0.010189,
      0.029362,
      0.067213,
      -0.041366,
      0.07501,
      0.023644,
      -0.043669,
      -0.093366,
      -0.117827,
      -0.019224,
      -0.105781,
      -0.088244,
      -0.046606,
      0.015468,
      -0.037068,
      -0.042917,
      -0.093315,
      0.061755,
      0.081253,
      -0.010913,
      -0.07204,
      -0.055314,
      0.103439,
      0.07855,
      -0.11485,
      -0.135383,
      0.069311,
      0.044497,
      0.081299,
      -0.062751,
      -0.044566,
      -0.070697,
      -0.05102,
      0.069518,
      -0.028129,
      0.082322,
      0.077551,
      0.04464,
      -0.026169,
      0.001943,
      -0.070432,
      -0.001261,
      0.031583,
      -0.059423,
      0.042515,
      0.034764,
      0.074885,
      -0.072159,
      0.060931,
      0.04875,
      0.087402,
      -0.081877,
      -0.08657,
      0.02354,
      -0.009034,
      0.056528,
      0.073428,
      -0.057929,
      0.017623,
      0.051172,
      0.137544,
      -0.087535,
      0.001319,
      0.163437,
      0.064773,
      -0.05052,
      -0.024952,
      0.042424,
      0.156693,
      0.144732,
      0.008596,
      0.066692,
      0.023464,
      0.110163,
      0.035241,
      -0.034405,
      0.050059,
      0.151122,
      -0.044043,
      0.039695,
      -0.032841,
      -0.028142,
      0.137953,
      0.123897,
      -0.018863,
      0.018678,
      0.06321,
      -0.006524,
      -0.113648,
      0.068059,
      0.067864,
      0.103202,
      0.142079,
      0.051661,
      -0.008468,
      0.024373,
      0.139797,
      -0.015722,
      0.10273,
      0.09372,
      0.035542,
      0.167193,
      -0.054516,
      -0.062581,
      0.070631,
      0.0667,
      0.093963,
      0.037527,
      0.030838,
      -0.048854,
      -0.059028,
      0.159343,
      0.143363,
      0.139871,
      0.002237,
      0.107224,
      -0.006464,
      0.050484,
      -0.044526,
      -0.030556,
      0.088837,
      -0.032311,
      0.128787,
      -0.042048,
      -0.038248,
      -0.008552,
      0.080658,
      -0.038963,
      0.050548,
      0.054765,
      0.158776,
      0.003185,
      0.074024,
      0.065625,
      -0.01772,
      0.112785,
      -0.064228,
      0.146648,
      -0.072046,
      0.166345,
      0.102925,
      0.106758,
      0.068696,
      0.061537,
      0.072561,
      0.159088,
      0.081556,
      -0.039538,
      -0.052278,
      0.130793,
      -0.057786,
      0.154555,
      0.149962,
      0.082045,
      0.091161,
      0.092101,
      -0.011788,
      -0.063783,
      -0.012105,
      0.063237,
      0.100178,
      0.014139,
      0.08605,
      0.070822,
      -0.017676,
      0.157226,
      0.129192,
      0.00538,
      0.066067,
      0.147797,
      -0.065031,
      0.032555,
      -0.059725,
      -0.015216,
      -0.027883,
      0.087444,
      0.158294,
      0.03067,
      0.150503,
      0.148505,
      0.156414,
      -0.023405,
      0.047486,
      0.120391,
      0.105352,
      0.080759,
      -0.049078,
      0.059826,
      0.022146,
      0.017834,
      0.063192,
      -0.015069,
      0.144549,
      0.100602,
      0.118329,
      0.05537,
      0.044756,
      -0.018283,
      0.16258,
      0.147829,
      -0.012023,
      0.160664,
      -0.002565,
      0.152208,
      -0.006705,
      -0.049739,
      0.088448,
      0.134769,
      9e-06,
      -0.012819,
      0.054812,
      0.152592,
      -0.005115,
      0.089334,
      0.160336,
      0.141806,
      0.138994,
      0.052406,
      0.171619,
      -0.039512,
      0.064494,
      -0.02886,
      -0.019111,
      -0.012284,
      0.094725,
      0.120401,
      0.115959,
      -0.028775,
      0.012096,
      0.052963,
      0.116749,
      0.139409,
      0.148471,
      0.042773,
      -0.067029,
      0.02668,
      0.094886,
      -0.023979,
      -0.035519,
      -0.029443,
      0.083514,
      0.014036,
      -0.0485,
      0.128277,
      0.033436,
      0.103419,
      0.022891,
      0.05522,
      0.025697,
      0.045385,
      0.027183,
      0.072246,
      0.1213,
      0.158115,
      0.027889,
      0.148325,
      0.067305,
      0.052935,
      0.10324,
      0.126618,
      0.059719,
      0.096654,
      0.109656,
      -0.051857,
      0.114052,
      0.140963,
      0.112348,
      0.135861,
      0.094153,
      0.080336,
      -0.016331,
      -0.005418,
      -0.025968,
      -0.050658,
      -0.068418,
      0.097159,
      0.068059,
      0.140309,
      0.145951,
      0.162158,
      0.151511,
      0.111808,
      -0.069702,
      -0.058154,
      0.041085,
      -0.040401,
      0.010165,
      0.133779,
      -0.034879,
      0.050938,
      0.000769,
      0.131836,
      0.040478,
      0.150641,
      0.04716,
      0.042814,
      -0.013725,
      0.014577,
      0.017008,
      0.150136,
      0.131102,
      -0.061696,
      0.00789,
      0.035665,
      0.166007,
      0.169237,
      0.077616,
      -0.055976,
      0.070635,
      0.130551,
      0.009013,
      0.088154,
      0.155985,
      -0.018636,
      -0.041217,
      0.164534,
      0.083744,
      0.156009,
      0.083196,
      -0.032835,
      -0.04026,
      0.105079,
      -0.02825,
      -0.052263,
      -0.019196,
      0.01548,
      0.051295,
      -0.027357,
      0.059862,
      0.034304,
      0.112107,
      0.085017,
      0.057245,
      0.107404,
      0.089991,
      0.10946,
      0.109941,
      -0.024454,
      0.122078,
      0.088532,
      0.118857,
      -0.04467,
      -0.001452,
      0.045208,
      0.148489,
      -0.055022,
      -0.074538,
      -0.098013,
      -0.051434,
      -0.026612,
      0.009111,
      0.020467,
      0.10026,
      -0.027119,
      0.045398,
      -0.046648,
      -0.107937,
      0.102517,
      0.013199,
      0.035634,
      0.002566,
      -0.049416,
      -0.14922,
      0.045979,
      -0.083233,
      0.147191,
      0.119391,
      0.11678,
      -0.077319,
      -0.037466,
      0.106075,
      -0.121456,
      0.091138,
      0.149045,
      -0.060611,
      0.076576,
      -0.006953,
      0.108472,
      0.052141,
      0.046618,
      0.005746,
      -0.117722,
      0.031953,
      -0.028809,
      0.105167,
      0.014861,
      -0.04026,
      0.019742,
      -0.076235,
      -0.104013,
      -0.098478,
      -0.107048,
      0.0363,
      0.030355,
      0.014376,
      -0.044154,
      -0.127563,
      0.063915,
      0.098371,
      0.022911,
      -0.068442,
      -0.014513,
      -0.036807,
      -0.022537,
      0.006529,
      0.01639,
      -0.12345,
      0.090887,
      0.039177,
      -0.131554,
      -0.061071,
      -0.01718,
      0.100438,
      -0.112483,
      -0.006588,
      -0.08863,
      -0.051154,
      -0.02013,
      -0.121389,
      -0.013635,
      0.012768,
      0.030929,
      -0.024995,
      0.124774,
      -0.044669,
      0.086146,
      -0.061687,
      0.04219,
      0.024834,
      -0.03774,
      -0.142759,
      -0.122464,
      0.000848,
      -0.077319,
      -0.088352,
      0.001812,
      -0.027898,
      0.004705,
      -0.036781,
      -0.087175,
      0.075909,
      0.061352,
      0.01465,
      -0.062794,
      -0.131226,
      0.015039,
      -0.086863,
      0.004601,
      -0.023634,
      0.098505,
      -0.077886,
      -0.038573,
      -0.15902,
      -0.057325,
      0.079592,
      0.056207,
      -0.043969,
      -0.015465,
      0.015539,
      0.099403,
      0.037592,
      -0.05281,
      -0.022584,
      -0.060493,
      -0.113212,
      -0.075158,
      -0.086036,
      -0.008428,
      0.008774,
      0.055379,
      -0.102372,
      -0.134131,
      -0.042559,
      -0.079428,
      -0.018244,
      -0.114435,
      -0.051185,
      0.142726,
      -0.099203,
      -0.091273,
      0.042187,
      0.001497,
      -0.068686,
      -0.057124,
      0.001532,
      0.000474,
      0.014344,
      -0.019739,
      -0.127154,
      -0.041195,
      -0.036788,
      -0.094803,
      -0.065399,
      0.0595,
      -0.019912,
      -0.107485,
      -0.024275,
      -0.008147,
      -0.101439,
      0.019027,
      -0.015436,
      -0.017245,
      -0.080875,
      -0.027585,
      0.074733,
      -0.025895,
      0.014492,
      -0.153212,
      -0.115525,
      0.002532,
      -0.136349,
      -0.066824,
      0.050953,
      -0.130898,
      -0.025092,
      0.039888,
      -0.074912,
      0.023501,
      0.046287,
      -0.008319,
      -0.109783,
      -0.068991,
      -0.017298,
      -0.132442,
      -0.054861,
      0.06365,
      -0.031327,
      -0.110455,
      0.014632,
      0.01084,
      -0.002768,
      -0.087173,
      -0.076023,
      -0.139654,
      -0.068095,
      -0.059827,
      -0.060966,
      0.044188,
      -0.129431,
      0.029249,
      0.035715,
      0.000857,
      -0.110084,
      0.022554,
      -0.082646,
      -0.138359,
      0.034187,
      0.041597,
      0.035493,
      -0.093566,
      -0.056532,
      -0.060362,
      -0.149526,
      -0.073079,
      -0.0007,
      -0.070582,
      -0.112276,
      -0.010955,
      -0.031911,
      -0.040443,
      -0.00673,
      -0.107466,
      -0.031989,
      0.057525,
      0.009132,
      -0.127501,
      -0.02671,
      -0.0806,
      0.054196,
      -0.066113,
      0.050308,
      -0.028455,
      -0.149855,
      -0.067502,
      -0.037421,
      -0.078452,
      0.043641,
      -0.062573,
      -0.095322,
      0.013792,
      -0.124654,
      -0.099478,
      -0.145028,
      -0.117963,
      -0.088474,
      -0.118955,
      -0.092471,
      -0.057496,
      -0.083942,
      -0.103747,
      0.019164,
      0.054286,
      -0.108323,
      0.008884,
      -0.036896,
      -0.06839,
      -0.133274,
      -0.079341,
      -0.028543,
      -0.008059,
      0.056526,
      -0.007356,
      -0.046095,
      0.030926,
      0.007166,
      -0.07174,
      -0.154189,
      -0.069905,
      0.065725,
      -0.082131,
      -0.05588,
      -0.080564,
      -0.001576,
      0.056013,
      -0.122262,
      0.021047,
      0.012989,
      -0.095175,
      -0.03409,
      -0.058185,
      -0.107853,
      0.019796,
      0.057672,
      -0.105858,
      0.004778,
      -0.091178,
      0.032712,
      -0.040754,
      -0.092535,
      0.047652,
      -0.132279,
      -0.105957,
      -0.039579,
      0.012613,
      0.043648,
      0.027434,
      0.046479,
      0.021079,
      0.037529,
      -0.061233,
      -0.005404,
      -0.053758,
      -0.063878,
      -0.035645,
      -0.065291,
      -0.113843,
      -0.116803,
      -0.129641,
      -0.010049,
      0.040139,
      -0.114394,
      -0.1525,
      -0.083684,
      -0.131929,
      -0.043012,
      -0.022699,
      -0.116593,
      0.019963,
      0.058656,
      -0.122572,
      -0.024126,
      -0.090446,
      -0.001509,
      0.053415,
      -0.086754,
      0.060446,
      -0.027678,
      0.027897,
      0.050449,
      -0.078368,
      -0.053121,
      0.020232,
      0.012359,
      -0.139839,
      -0.029324,
      -0.147416,
      -0.141026,
      0.008184,
      0.01375,
      -0.099714,
      -0.028584,
      0.00222,
      -0.00567,
      0.055629,
      -0.051507,
      -0.03213,
      -0.026257,
      -0.085816,
      -0.140166,
      0.051773,
      -0.079853,
      -0.030871,
      0.028926,
      0.007015,
      0.017288,
      -0.123629,
      0.01792,
      0.04985,
      0.055451,
      0.055967,
      -0.103693,
      -0.160184,
      0.025575,
      -0.163347,
      -0.112434,
      -0.083545,
      0.038983,
      -0.001472,
      -0.114283,
      -0.088267,
      -0.147361,
      2.4e-05,
      0.012113,
      -0.074147,
      0.057034,
      -0.017015,
      -0.081267,
      -0.005313,
      -0.087201,
      -0.155776,
      -0.029751,
      0.02565,
      0.000883,
      -0.078591,
      -0.088445,
      -0.023164,
      0.045489,
      0.045322,
      0.064157,
      -0.012264,
      -0.059856,
      -0.086789,
      -0.004439,
      -0.127594,
      -0.059585,
      -0.094913,
      0.033823,
      0.060547,
      -0.069462,
      -0.043023,
      -0.095952,
      -0.141611,
      0.037145,
      -0.086071,
      -0.115683,
      -0.115483,
      -0.034969,
      0.089931,
      0.038488,
      0.001683,
      0.094141,
      0.015485,
      -0.040551,
      -0.02658,
      -0.031271,
      -0.041717,
      0.068188,
      -0.054649,
      0.028661,
      0.016757,
      -0.113711,
      -0.083069,
      0.058831,
      -0.10931,
      -0.114554,
      0.084305,
      0.048092,
      -0.031653,
      -0.060537,
      0.064696,
      0.007777,
      0.088319,
      -0.003226,
      -0.048874,
      0.03418,
      -0.03362,
      0.09105,
      -0.035944,
      0.042119,
      0.076621,
      -0.080466,
      -0.010455,
      -0.041236,
      0.024786,
      0.059577,
      -0.01832,
      0.11377,
      -0.046343,
      -0.065167,
      0.105502,
      0.022512,
      0.061503,
      -0.06624,
      0.000917,
      -0.11482,
      -0.022858,
      0.056423,
      0.063203,
      -0.100036,
      -0.019718,
      0.024087,
      -0.075987,
      0.089567,
      0.124228,
      0.0353,
      0.021612,
      0.08883,
      0.015205,
      -0.047847,
      0.049989,
      0.079348,
      0.082618,
      -0.066767,
      0.151818,
      0.107856,
      0.115531,
      0.136365,
      0.074451,
      0.112882,
      -0.067984,
      -0.053761,
      -0.014527,
      -0.06935,
      -0.055543,
      -0.061046,
      -0.000941,
      0.041782,
      -0.01293,
      0.142669,
      -0.04172,
      0.049477,
      -0.02327,
      0.161745,
      0.066199,
      0.020073,
      -0.0324,
      0.027459,
      0.035042,
      -0.061139,
      0.009366,
      -0.018586,
      0.024762,
      -0.063758,
      0.030134,
      0.078498,
      0.133816,
      0.105293,
      0.044878,
      0.112898,
      0.036546,
      0.11184,
      -0.080775,
      -0.044317,
      0.106611,
      0.095322,
      -0.054222,
      -0.078708,
      -0.033215,
      -0.041268,
      0.029299,
      0.130262,
      0.064586,
      0.028152,
      0.003328,
      -0.06496,
      0.055049,
      -0.049879,
      0.011799,
      0.093121,
      -0.103853,
      0.091636,
      0.022484,
      0.091761,
      0.031174,
      0.096085,
      -0.025185,
      0.135816,
      0.031045,
      0.157456,
      0.05975,
      -0.024571,
      0.092533,
      -0.048289,
      0.03142,
      0.12896,
      -0.029356,
      0.123753,
      0.112616,
      0.097916,
      0.145639,
      0.002346,
      0.093928,
      0.004682,
      0.076971,
      -0.032185,
      0.06708,
      0.002329,
      -0.07403,
      0.08403,
      0.013284,
      0.035307,
      0.09034,
      0.006916,
      -0.014649,
      0.078773,
      0.045395,
      0.038499,
      -0.052127,
      0.119115,
      0.068409,
      0.161335,
      0.019634,
      0.053395,
      0.151258,
      0.03141,
      0.153975,
      -0.03119,
      0.166775,
      -0.066202,
      -0.073067,
      -0.061168,
      0.12773,
      0.082945,
      -0.040617,
      0.008246,
      0.05924,
      0.052335,
      0.086175,
      -0.067103,
      0.118514,
      0.023114,
      0.127273,
      0.013704,
      -0.053876,
      0.043477,
      0.06464,
      -0.045023,
      0.042536,
      0.120213,
      0.141775,
      -0.05368,
      0.001699,
      0.129134,
      -0.058662,
      0.105278,
      -0.046848,
      -0.02717,
      -0.067555,
      0.048529,
      0.035183,
      0.157877,
      -0.038037,
      0.093314,
      0.108418,
      -0.039362,
      0.019368,
      0.030976,
      0.071828,
      -0.072203,
      0.07424,
      0.076849,
      0.11947,
      0.013599,
      0.007636,
      -0.019106,
      0.043732,
      0.15561,
      0.064078,
      -0.024244,
      0.067527,
      0.063614,
      0.131425,
      0.105593,
      0.084792,
      -0.012274,
      0.147247,
      0.068977,
      -0.01334,
      0.065926,
      0.065373,
      0.164498,
      0.101742,
      -0.032225,
      0.092243,
      -0.009767,
      0.047882,
      0.11754,
      -0.062709,
      0.124376,
      0.098755,
      0.067341,
      -0.06435,
      0.14023,
      0.09891,
      -0.048382,
      -0.059171,
      0.043903,
      0.017774,
      0.090456,
      0.103704,
      0.020582,
      0.085039,
      0.105533,
      0.013781,
      -0.006475,
      0.089648,
      0.032546,
      0.12446,
      0.082835,
      0.058927,
      -0.037034,
      0.097366,
      -0.067632,
      0.122597,
      -0.053036,
      0.0908,
      -0.066031,
      -0.025381,
      0.074579,
      0.134308,
      0.129168,
      -0.031356,
      0.098529,
      0.110904,
      -0.023899,
      0.053151,
      0.10159,
      -0.030346,
      0.10489,
      0.043749,
      0.132274,
      -0.012143,
      0.068984,
      0.051279,
      0.071704,
      -0.066411,
      0.003261,
      0.072792,
      0.141746,
      0.095029,
      -0.016122,
      0.046037,
      0.133412,
      -0.055879,
      0.067085,
      -0.017932,
      0.005781,
      0.150624,
      0.080656,
      0.013095,
      0.020357,
      0.124894,
      -0.009331,
      -0.023454,
      0.152891,
      -0.037739,
      0.098476,
      0.09299,
      -0.027101,
      0.113758,
      -0.0142,
      0.166939,
      0.033849,
      0.001346,
      -0.011571,
      -0.045739,
      0.151266,
      0.139875,
      -0.05065,
      -0.028209,
      0.084147,
      -0.022711,
      0.038931,
      0.066936,
      -0.056698,
      -0.070663,
      0.093129,
      -0.066285,
      0.049918,
      0.118729,
      0.02123,
      0.123336,
      -0.054981,
      0.157529,
      -0.032549,
      0.104604,
      0.119887,
      -0.009115,
      0.127589,
      0.145075,
      0.145239,
      -0.000666,
      0.038285,
      0.063993,
      0.077583,
      0.105451,
      0.100517,
      0.132402,
      0.149166,
      0.13556,
      -0.040599,
      0.109596,
      -0.037495,
      -0.054019,
      0.147348,
      -0.074169,
      0.156105,
      0.045059,
      0.059887,
      -0.032171,
      -0.034852,
      0.005597,
      -0.058284,
      0.138517,
      0.055209,
      0.06607,
      0.118353,
      0.082836,
      0.039461,
      -0.014468,
      -0.030106,
      0.15757,
      -0.022449,
      0.055281,
      -0.027369,
      -0.063059,
      0.061919,
      0.085673,
      0.086531,
      0.026221,
      -0.043209,
      0.122659,
      -0.022876,
      0.089299,
      0.121244,
      0.121055,
      0.072984,
      0.104119,
      0.023966,
      -0.016027,
      -0.034692,
      -0.062374,
      0.042902,
      -0.093198,
      0.045962,
      0.07458,
      -0.053444,
      -0.072681,
      0.053363,
      -0.072031,
      0.10692,
      0.066409,
      0.067848,
      0.138138,
      -0.031284,
      -0.080022,
      0.091992,
      -0.01462,
      0.013095,
      0.109595,
      -0.128039,
      0.049282,
      0.086192,
      -0.01654,
      0.066035,
      -0.1362,
      0.112809,
      0.039245,
      -0.032369,
      0.046578,
      0.091601,
      0.051201,
      0.073012,
      -0.013729,
      0.020165,
      -0.0835,
      0.068162,
      0.072062,
      -0.010077,
      0.01518,
      0.060198,
      0.020655,
      -0.111828,
      -0.034238,
      -0.066549,
      -0.085926,
      0.033077,
      -0.069127,
      0.057443,
      0.071957,
      -0.043387,
      -0.088008,
      -0.082007,
      -0.015153,
      0.063611,
      0.058557,
      -0.050991,
      -0.009636,
      0.079411,
      -0.052687,
      -0.006236,
      -0.091548,
      0.063493,
      -0.056457,
      -0.101722,
      -0.096424,
      -0.004528,
      -0.094394,
      0.049962,
      -0.105862,
      0.004103,
      0.059054,
      0.071968,
      -0.075431,
      0.035814,
      0.053039,
      0.07063,
      0.027236,
      -0.034575,
      -0.086898,
      0.053243,
      -0.045729,
      -0.072033,
      0.05398,
      -0.040687,
      0.048592,
      -0.043384,
      0.048424,
      -0.016768,
      -0.155328,
      -0.083457,
      0.008424,
      0.034555,
      0.054279,
      0.034888,
      0.020439,
      0.033191,
      0.047053,
      0.060214,
      -0.144777,
      -0.011775,
      0.039098,
      -0.07675,
      -0.117653,
      0.027124,
      0.045336,
      -0.055893,
      -0.049403,
      -0.10066,
      -0.017335,
      -0.037224,
      0.11319,
      -0.101814,
      -0.045288,
      0.044061,
      -0.056115,
      -0.057263,
      -0.115527,
      -0.066699,
      -0.092945,
      -0.059754,
      0.034931,
      0.065147,
      -0.083896,
      -0.021151,
      0.074591,
      -0.131924,
      0.073303,
      0.069583,
      -0.052776,
      0.025911,
      -0.144776,
      0.035531,
      -0.015073,
      -0.011114,
      -0.056842,
      -0.145185,
      -0.153733,
      -0.017004,
      -0.061635,
      -0.028733,
      0.05305,
      -0.035529,
      -0.147023,
      0.015754,
      -0.09039,
      -0.068519,
      0.014057,
      0.015032,
      0.004011,
      0.001081,
      0.070776,
      -0.114974,
      -0.091687,
      0.006966,
      -0.132635,
      -0.010533,
      -0.111914,
      -0.138053,
      0.032067,
      0.047499,
      -0.099555,
      -0.017896,
      -0.136721,
      -0.017679,
      0.032054,
      -0.040809,
      -0.112253,
      -0.095257,
      -0.05323,
      -0.009673,
      0.026641,
      0.059569,
      0.073136,
      0.065977,
      -0.043734,
      -0.034327,
      -0.105272,
      -0.097852,
      0.003996,
      0.006895,
      0.028028,
      0.003749,
      0.01558,
      0.064008,
      0.060343,
      -0.083977,
      -0.007749,
      0.019745,
      -0.017177,
      -0.002096,
      -0.112299,
      -0.013437,
      0.042383,
      -0.038273,
      0.005607,
      -0.151621,
      0.05079,
      -0.047845,
      0.060981,
      -0.03671,
      0.018092,
      -0.05064,
      0.070648,
      -0.149495,
      -0.137672,
      -0.044217,
      0.036056,
      -0.081878,
      0.069173,
      -0.044543,
      0.041115,
      -0.005099,
      -0.108989,
      0.006768,
      -0.146019,
      -0.132526,
      -0.091122,
      -0.015844,
      -0.13335,
      -0.024103,
      0.061329,
      -0.074369,
      0.031377,
      0.006536,
      0.044179,
      0.034892,
      0.01915,
      0.037986,
      -0.01978,
      -0.084441,
      -0.134117,
      -0.013219,
      0.04737,
      -0.040335,
      -0.126632,
      -0.069951,
      0.025929,
      -0.030557,
      -0.142493,
      -0.116225,
      -0.076492,
      -0.079361,
      -0.154565,
      -0.06475,
      0.065081,
      -0.007021,
      -0.028506,
      -0.148413,
      -0.148866,
      0.039417,
      -0.160214,
      0.063617,
      -0.136996,
      -0.061952,
      -0.027536,
      0.035364,
      -0.106746,
      -0.101965,
      -0.045788,
      0.06104,
      -0.023799,
      0.017633,
      0.066888,
      -0.118829,
      0.037387,
      0.003703,
      0.036274,
      -0.003805,
      -0.151332,
      0.023651,
      0.051899,
      -0.153057,
      -0.019512,
      -0.046031,
      -0.003555,
      0.025419,
      0.011607,
      -0.013712,
      -0.143706,
      0.015504,
      -0.13894,
      -0.03626,
      -0.057048,
      -0.151868,
      -0.143071,
      -0.027229,
      0.042353,
      -0.111538,
      -0.021103,
      -0.021862,
      -0.069875,
      -0.160597,
      0.033725,
      0.000929,
      -0.160389,
      -0.134913,
      -0.142086,
      -0.03772,
      -0.101846,
      0.024032,
      -0.139436,
      -0.047509,
      0.022393,
      0.068741,
      0.02366,
      -0.063756,
      -0.096772,
      0.012323,
      -0.112395,
      -0.135099,
      0.033853,
      -0.134618,
      -0.060835,
      -0.125135,
      0.035439,
      -0.083929,
      0.032118,
      -0.129446,
      -0.103002,
      0.045952,
      -0.05237,
      -0.063748,
      0.037168,
      0.051229,
      0.004214,
      -0.111175,
      -0.034223,
      -0.072374,
      0.061468,
      -0.15165,
      -0.047253,
      -0.035455,
      -0.126691,
      -0.148427,
      -0.167146,
      -0.033634,
      -0.130023,
      -0.121146,
      -0.06431,
      0.050618,
      -0.05001,
      -0.054127,
      -0.115852,
      -0.045011,
      0.05568,
      -0.044343,
      -0.009661,
      0.034503,
      0.054392,
      -0.084182,
      0.045823,
      -0.085789,
      0.029262,
      0.001406,
      -0.015791,
      -0.004909,
      0.019989,
      -0.089059,
      -0.103136,
      -0.069403,
      -0.158737,
      -0.006146,
      0.038411,
      -0.133081,
      -0.049588,
      0.050131,
      -0.118875,
      -0.015831,
      -0.021062,
      -0.060709,
      -0.00669,
      -0.065426,
      0.007036,
      -0.143342,
      0.0204,
      0.006513,
      0.052668,
      -0.072668,
      -0.128533,
      0.099798,
      0.047177,
      -0.07838,
      0.081727,
      -0.080448,
      0.059336,
      0.072231,
      0.075791,
      0.017405,
      0.087156,
      -0.040595,
      0.04851,
      -0.051819,
      -0.060029,
      -0.025134,
      0.100513,
      0.111042,
      -0.101078,
      0.045594,
      0.105383,
      0.033518,
      -0.024744,
      0.01244,
      -0.096421,
      -0.094534,
      0.073233,
      -0.022841,
      0.116898,
      -0.135492,
      -0.083165,
      0.052241,
      -0.106622,
      -0.051583,
      0.009411,
      0.008092,
      0.051232,
      0.089264,
      0.041799,
      0.106635,
      -0.117443,
      -0.079272,
      -0.001044,
      0.039513,
      0.054554,
      -0.064442,
      0.057614,
      -0.098701,
      0.074421,
      0.087263,
      -0.00155,
      -0.058121,
      -0.109776,
      -0.058001,
      -0.132416,
      0.020738,
      0.010384,
      0.128181,
      0.021552,
      -0.031184,
      0.147945,
      -0.079288,
      -0.096465,
      0.0327,
      0.069135,
      0.087622,
      -0.023986,
      0.010254,
      0.099423,
      0.024841,
      -0.098079,
      -0.0191,
      0.115337,
      0.064815,
      -0.108974,
      -0.04151,
      -0.016787,
      -0.057131,
      -0.045465,
      0.100294,
      -0.099058,
      0.062983,
      -0.006394,
      0.035756,
      -0.004286,
      -0.055186,
      0.053674,
      -0.016597,
      0.099489,
      -0.101077,
      0.093135,
      0.00405,
      0.010649,
      -0.071246,
      0.003808,
      0.045604,
      -0.07097,
      -0.022532,
      0.007101,
      0.044179,
      0.047441,
      -0.06359,
      0.034228,
      0.063639,
      0.089447,
      0.058219,
      -0.054914,
      0.014443,
      -0.061001,
      0.049943,
      0.028773,
      -0.084178,
      0.115308,
      -0.062814,
      0.005847,
      -0.039822,
      0.061904,
      0.117137,
      0.032445,
      0.060051,
      -0.113249,
      0.041122,
      0.073445,
      -0.076254,
      -0.011613,
      0.118826,
      -0.06064,
      -0.101316,
      0.143506,
      -0.021542,
      0.092496,
      0.096718,
      0.080432,
      -0.020323,
      -0.013415,
      -0.000375,
      0.116636,
      -0.117502,
      -0.005217,
      -0.083162,
      -0.041037,
      0.141885,
      -0.047367,
      -0.032269,
      0.061581,
      -0.04835,
      -0.128491,
      0.038285,
      0.138457,
      0.022215,
      -0.053004,
      0.040794,
      -0.092074,
      -0.127038,
      -0.083102,
      0.012078,
      0.109004,
      0.01374,
      0.054542,
      0.004486,
      0.03314,
      -0.025636,
      0.077048,
      -0.047979,
      0.04049,
      -0.04894,
      0.021262,
      0.090043,
      0.011189,
      0.062678,
      -0.001907,
      -0.073362,
      -0.027657,
      0.066453,
      -0.047689,
      -0.000533,
      -0.061273,
      0.03365,
      0.079285,
      0.132021,
      0.127607,
      0.1007,
      0.018208,
      -0.014742,
      0.121717,
      -0.029529,
      0.094711,
      -0.07108,
      0.04061,
      -0.02978,
      0.080945,
      0.03597,
      0.035965,
      0.005836,
      -0.054965,
      0.071123,
      0.061688,
      0.122954,
      -0.036585,
      0.028041,
      0.0837,
      0.016238,
      0.062593,
      -0.095519,
      -0.001389,
      -0.089531,
      -0.029214,
      0.059003,
      -0.020526,
      0.072603,
      0.118633,
      0.028529,
      0.074065,
      -0.056513,
      -0.056305,
      -0.040982,
      0.120627,
      0.064384,
      -0.064084,
      0.040397,
      -0.012846,
      -0.075641,
      0.054853,
      0.00077,
      0.097083,
      0.118134,
      0.101506,
      0.10761,
      -0.067084,
      -0.08098,
      0.068195,
      -0.018618,
      0.027366,
      -0.065221,
      -0.079901,
      -0.02924,
      -0.040918,
      -0.091236,
      0.010214,
      0.039671,
      0.101713,
      0.033085,
      -0.031987,
      -0.027208,
      0.081045,
      -0.040058,
      0.107166,
      0.017853,
      0.069403,
      0.049399,
      -0.04414,
      0.07665,
      0.102948,
      0.002412,
      0.006336,
      0.096655,
      -0.071858,
      0.065911,
      0.086795,
      0.076894,
      -0.020608,
      -0.032781,
      -0.046785,
      -0.002839,
      -0.068685,
      -0.05644,
      0.064501,
      -0.0397,
      0.013769,
      0.120717,
      0.085654,
      0.07142,
      0.066941,
      0.109593,
      -0.066983,
      -0.04625,
      -0.068199,
      0.080372,
      0.045272,
      -0.098398,
      -0.090889,
      -0.078789,
      0.100755,
      -0.026331,
      0.077158,
      0.108528,
      0.022764,
      -0.05255,
      -0.069352,
      0.077542,
      -0.034411,
      -0.023701,
      0.059838,
      0.119251,
      0.064279,
      -0.019869,
      -0.003779,
      0.004742,
      0.036637,
      -0.057786,
      -0.022476,
      0.067363,
      -0.032907,
      0.00064,
      0.045573,
      0.041584,
      -0.048765,
      0.066039,
      0.061957,
      -0.069791,
      -0.074578,
      0.089578,
      0.022222,
      -0.084864,
      -0.024252,
      -0.058816,
      -0.094187,
      -0.025419,
      -0.079944,
      0.100252,
      -0.0703,
      0.003389,
      -0.075024,
      -0.057439,
      0.041894,
      0.007649,
      0.020296,
      -0.087373,
      -0.009763,
      0.0397,
      -0.074302,
      -0.036588,
      0.006308,
      -0.098712,
      -0.043719,
      -0.055569,
      0.080998,
      -0.081087,
      -0.083755,
      0.075109,
      0.054932,
      0.127351,
      0.04035,
      0.106818,
      0.060756,
      -0.012831,
      -0.030927,
      0.076348,
      -0.039215,
      0.025009,
      0.097496,
      -0.03528,
      0.009006,
      -0.070827,
      -0.027134,
      0.115215,
      -0.054068,
      0.074466,
      0.072787,
      0.031824,
      -0.049608,
      0.10482,
      -0.039371,
      -0.073185,
      -0.037937,
      -0.03161,
      0.007159,
      0.001349,
      -0.040435,
      0.053354,
      -0.094701,
      0.017078,
      -0.055647,
      0.102905,
      0.052387,
      -0.060262,
      -0.00098,
      -0.004594,
      -0.085527,
      0.095092,
      0.166443,
      0.068858,
      -0.044658,
      -0.018278,
      -0.055165,
      0.022769,
      -0.046145,
      0.095261,
      0.112236,
      -0.06723,
      -0.041458,
      0.088189,
      -0.070308,
      0.043828,
      -0.066624,
      0.075111,
      0.055965,
      -0.008573,
      -0.010447,
      -0.028511,
      -0.071918,
      0.099786,
      0.050851,
      -0.067861,
      0.131299,
      0.031682,
      0.079495,
      0.107481,
      -0.056254,
      -0.006851,
      -0.058478,
      0.11379,
      0.102778,
      0.007569,
      0.125444,
      -0.082576,
      -0.0693,
      -0.107321,
      -0.013231,
      0.064659,
      0.005391,
      -0.081631,
      -0.100844,
      0.078979,
      -0.093787,
      0.098077,
      -0.076121,
      -0.012891,
      0.041827,
      0.093145,
      0.067679,
      0.06995,
      -0.03361,
      0.054875,
      -0.01856,
      0.103396,
      -0.098343,
      -0.035773,
      -0.032158,
      -0.03379,
      0.04365,
      -0.094009,
      -0.03597,
      -0.022668,
      0.116678,
      -0.00089,
      0.102704,
      0.090201,
      -0.09303,
      0.043769,
      0.035723,
      -0.090727,
      -0.082855,
      -0.05395,
      -0.040563,
      -0.01273,
      -0.045702,
      0.018657,
      -0.00137,
      0.072879,
      -0.101463,
      0.059372,
      0.05796,
      -0.042348,
      0.05503,
      -0.127898,
      0.02304,
      0.029111,
      -0.000905,
      -0.102386,
      -0.099978,
      -0.025268,
      -0.094841,
      0.048665,
      -0.012725,
      0.024646,
      -0.110078,
      0.051169,
      -0.035496,
      -0.025294,
      -0.00625,
      0.01848,
      -0.038245,
      -0.13612,
      0.001314,
      -0.068918,
      -0.056882,
      0.068072,
      -0.110135,
      -0.009948,
      -0.141871,
      -0.04698,
      -0.14638,
      -0.151714,
      0.064011,
      -0.029118,
      0.046441,
      -0.053577,
      0.060068,
      -0.083542,
      -0.09869,
      -0.027878,
      -0.13073,
      -0.067531,
      -0.099323,
      0.036128,
      -0.033163,
      -0.057587,
      0.069942,
      -0.020998,
      0.014375,
      -0.014464,
      0.082084,
      -0.11814,
      0.029702,
      -0.075986,
      -0.039113,
      -0.118285,
      0.024831,
      -0.063257,
      -0.058135,
      -0.091699,
      -0.019502,
      -0.017346,
      -0.113486,
      0.013159,
      -0.046203,
      0.106181,
      0.008695,
      -0.135296,
      -0.002206,
      -0.042492,
      -0.079499,
      -0.005666,
      0.025331,
      -0.127638,
      -0.065377,
      -0.047633,
      0.04786,
      -0.151457,
      -0.102234,
      -0.041034,
      0.013725,
      -0.080057,
      -0.136503,
      -0.108511,
      0.085961,
      -0.133584,
      -0.073128,
      -0.012746,
      -0.124233,
      0.03009,
      -0.146486,
      -0.121898,
      -0.109048,
      -0.005836,
      0.049411,
      -0.14729,
      -0.131605,
      0.031439,
      -0.06674,
      0.015562,
      0.021289,
      -0.000504,
      -0.06005,
      0.02108,
      -0.143656,
      -0.116123,
      -0.120317,
      -0.09213,
      -0.069361,
      -0.116008,
      -0.070224,
      -0.042898,
      -0.043578,
      -0.141876,
      0.000912,
      -0.051656,
      -0.087219,
      0.046494,
      0.071233,
      0.018436,
      -0.083609,
      -0.089986,
      -0.085716,
      -0.005055,
      -0.041128,
      -0.083334,
      -0.03685,
      -0.091834,
      -0.043911,
      0.06657,
      -0.003208,
      -0.065809,
      0.076486,
      -0.112231,
      0.024905,
      0.05994,
      0.050308,
      0.048008,
      -0.091373,
      0.016807,
      -0.074612,
      -0.024304,
      -0.144365,
      -0.106255,
      0.062974,
      -0.03384,
      -0.15128,
      -0.095967,
      -0.027609,
      -0.072629,
      -0.024752,
      0.0382,
      -0.151039,
      -0.013914,
      -0.078673,
      -0.127975,
      0.036747,
      0.005625,
      -0.050901,
      -0.129473,
      -0.130722,
      0.049095,
      -0.152115,
      -0.017244,
      0.001875,
      0.016401,
      -0.020247,
      -0.009236,
      0.034979,
      -0.053686,
      -0.021018,
      0.002484,
      0.030206,
      -0.01864,
      0.01393,
      0.069203,
      -0.141785,
      0.035474,
      -0.091446,
      -0.028984,
      -0.008149,
      -0.008814,
      -0.104878,
      -0.085001,
      0.040828,
      0.015289,
      -0.020623,
      -0.031603,
      0.055571,
      0.000714,
      -0.037322,
      -0.114218,
      0.003865,
      0.007585,
      0.027039,
      -0.042347,
      -0.041809,
      -0.135928,
      -0.109441,
      -0.085934,
      -0.082704,
      -0.068571,
      -0.126663,
      -0.133739,
      -0.011597,
      -0.007987,
      -0.110969,
      -0.112467,
      0.019467,
      -0.12437,
      -0.123716,
      0.002404,
      -0.11731,
      -0.142492,
      -0.070379,
      -0.113104,
      -0.023089,
      -0.133966,
      -0.128948,
      -0.049224,
      0.069079,
      -0.062119,
      -0.100177,
      -0.074836,
      0.070123,
      0.068591,
      0.043989,
      0.013999,
      -0.091544,
      -0.054447,
      0.069113,
      -0.12467,
      -0.044613,
      0.035792,
      -0.068054,
      -0.10858,
      -0.132008,
      0.049519,
      -0.082285,
      -0.090296,
      0.062692,
      -0.077711,
      -0.005604,
      -0.044581,
      0.027397,
      -0.082325,
      -0.148774,
      0.031394,
      -0.054812,
      -0.133543,
      0.008074,
      -0.061529,
      -0.110442,
      -0.145478,
      -0.030223,
      -0.06483,
      -0.135155,
      0.037279,
      -0.163182,
      -0.090429,
      -0.085703,
      -0.001448,
      -0.119874,
      -0.122538,
      -0.089635,
      -0.102971,
      0.002352,
      -0.152288,
      -0.093194,
      -0.075566,
      -0.010429,
      -0.096229,
      -0.027536,
      0.039192,
      -0.133042,
      0.079452,
      -0.009018,
      0.035484,
      -0.10831,
      -0.070048,
      0.069917,
      -0.02742,
      -0.073667,
      -0.151979,
      0.032264,
      -0.047352,
      -0.090251,
      0.029564,
      -0.151463,
      -0.14413,
      -0.023592,
      -0.127944,
      -0.076355,
      -0.149511,
      0.053524,
      0.042693,
      -0.031173,
      -0.05704,
      0.035609,
      -0.055983,
      0.048138,
      -0.031585,
      -0.0633,
      -0.110272,
      -0.111573,
      0.033849,
      0.058228,
      0.002768,
      -0.060576,
      -0.148944,
      -0.022891,
      0.125098,
      0.162312,
      0.057778,
      0.121504,
      0.031044,
      0.126945,
      0.062341,
      0.065467,
      -0.032357,
      -0.066105,
      0.036821,
      -0.008208,
      0.105237,
      -0.034984,
      -0.030099,
      0.016347,
      0.102611,
      -0.041129,
      -0.026442,
      0.140192,
      0.002039,
      0.072829,
      0.136788,
      0.098302,
      0.064774,
      0.001883,
      0.015437,
      -0.037319,
      0.001891,
      -0.078675,
      0.041774,
      0.02154,
      0.01966,
      0.097843,
      0.104055,
      -0.1072,
      0.016223,
      -0.085133,
      -4.7e-05,
      -0.070609,
      0.040097,
      -0.074853,
      0.034543,
      -0.046292,
      0.105782,
      0.062518,
      0.140064,
      -0.066626,
      -0.110489,
      0.064463,
      -0.080661,
      0.070841,
      -0.011214,
      -0.087488,
      -0.120827,
      -0.032203,
      -0.00081,
      0.092995,
      0.000278,
      0.043748,
      0.110331,
      -0.039667,
      -0.004515,
      0.080418,
      -0.022015,
      -0.003968,
      -0.105516,
      -0.046596,
      -0.001879,
      0.035998,
      -0.070291,
      0.064189,
      -0.057554,
      -0.028774,
      0.123759,
      -0.066147,
      0.071434,
      0.03371,
      -0.060849,
      -0.144181,
      -0.033711,
      -0.097094,
      0.09128,
      0.020749,
      -0.109316,
      0.021557,
      -0.040769,
      -0.034918,
      -0.105748,
      -0.059177,
      -0.037809,
      0.086509,
      0.089235,
      -0.112488,
      -0.005851,
      -0.088658,
      -0.038149,
      -0.042131,
      0.033139,
      0.008264,
      0.077546,
      0.042929