# Chunk number: 5 of 37

.09608,
          0.127529,
          0.335802,
          -0.10898,
          0.187535,
          -0.105782,
          0.187177,
          -0.159653,
          -0.068667,
          -0.157767,
          -0.157707,
          -0.107975,
          0.210441,
          0.059106,
          -0.082375,
          0.011512,
          -0.039394,
          -0.063875,
          -0.151042,
          0.088508,
          0.292904,
          0.046975,
          0.06808,
          0.260426,
          0.109566,
          0.149173,
          -0.069045,
          -0.015757,
          -0.026976,
          0.044802,
          0.082162,
          0.075064,
          0.015071,
          -0.175153,
          -0.246887,
          0.118798,
          -0.13669,
          -0.09632,
          -0.299193,
          -0.277158,
          0.077167,
          -0.136748,
          -0.345559,
          -0.064368,
          0.119906,
          -0.18717,
          0.065251,
          -0.190695,
          -0.187043,
          0.125846,
          -0.09686,
          -0.141733,
          -0.015703,
          0.067742,
          0.225324,
          -0.202322,
          -0.223224,
          -0.105378,
          0.24783,
          0.211947,
          0.29408,
          -0.072646,
          -0.149973,
          0.134986,
          0.050416,
          0.065116,
          0.227982,
          -0.099147,
          -0.0177,
          -0.185864,
          0.313016,
          0.124574,
          -0.123682,
          -0.277497,
          0.220666,
          -0.177068,
          0.015705,
          0.032391,
          0.033519,
          0.264676,
          -0.01608,
          0.060992,
          -0.00768,
          0.189826,
          0.203245,
          -0.21217,
          -0.194907,
          0.237151,
          -0.00579,
          0.157364,
          0.018408,
          0.02034,
          -0.166266,
          -0.069625,
          -0.168419,
          0.133031,
          0.178027,
          0.192618,
          -0.199453,
          -0.018987,
          0.035892,
          -0.060256,
          0.13339,
          0.056284,
          -0.078995,
          0.295755,
          -0.142368,
          0.015842,
          -0.237177,
          -0.266802,
          -0.236367,
          -0.168777,
          -0.134414,
          0.208104,
          -0.017382,
          0.011036,
          -0.057142,
          0.364022,
          0.17661,
          -0.017516,
          -0.109859,
          0.105808,
          -0.059897,
          0.04186,
          -0.226307,
          -0.198605,
          0.16468,
          -0.07827,
          -0.174587,
          0.322752,
          -0.261995,
          0.199061,
          0.060672,
          -0.340431,
          0.002557,
          0.193992,
          -0.227304,
          0.248001,
          -0.162875,
          0.231682,
          -0.042754,
          -0.049995,
          -0.288448,
          -0.076801,
          -0.245229,
          -0.061262,
          -0.010002,
          0.002921,
          -0.242778,
          0.24108,
          0.175555,
          -0.168759,
          -0.287165,
          -0.21857,
          0.072886,
          0.142284,
          0.336802,
          0.144761,
          0.253976,
          -0.074887,
          0.109736,
          0.050331,
          0.171258,
          -0.193363,
          -0.332533,
          0.273242,
          0.205809,
          0.195411,
          -0.135231,
          -0.144278,
          -0.268737,
          0.252675,
          0.120342,
          0.152672,
          -0.298642,
          0.006573,
          0.134561,
          0.124484,
          -0.297012,
          0.170799,
          -0.17645,
          -0.006781,
          -0.10558,
          -0.252349,
          -0.075529,
          0.272721,
          0.252046,
          0.047244,
          -0.114328,
          -0.296957,
          0.154987,
          -0.240712,
          0.216456,
          -0.106761,
          0.268756,
          0.223921,
          0.166949,
          -0.196578,
          -0.125771,
          -0.195223,
          -0.325925,
          0.080064,
          0.0832,
          0.061543,
          0.047818,
          0.046752,
          -0.24896,
          0.228637,
          0.108554,
          0.046297,
          0.00221,
          0.165847,
          -0.142074,
          -0.015009,
          -0.184121,
          0.291946,
          -0.098635,
          -0.211195,
          0.004274,
          0.091945,
          0.083959,
          0.011719,
          -0.021275,
          -0.142248,
          -0.029574,
          0.214343,
          -0.212161,
          0.100148,
          0.014391,
          0.08333,
          0.180397,
          0.195588,
          -0.09112,
          0.123319,
          -0.242786,
          -0.069922,
          0.098674,
          -0.023539,
          -0.141275,
          0.294751,
          0.285021,
          -0.057183,
          0.271217,
          0.285083,
          -0.23429,
          -0.020865,
          0.223579,
          -0.067721,
          -0.035519,
          0.173127,
          -0.131463,
          0.107366,
          -0.107117,
          0.357547,
          -0.305598,
          0.216396,
          0.168678,
          0.065039,
          -0.138628,
          -0.111335,
          -0.064665,
          -0.160385,
          -0.145244,
          -0.380339,
          0.050239,
          -0.108096,
          -0.203107,
          -0.305785,
          0.180695,
          -0.223605,
          0.102858,
          -0.003118,
          -0.025782,
          -0.108196,
          0.048997,
          0.031075,
          -0.097563,
          0.130695,
          0.215001,
          0.114227,
          0.065212,
          0.007434,
          -0.09271,
          0.09436,
          0.333662,
          -0.222733,
          -0.060784,
          -0.039452,
          -0.176449,
          0.179812,
          -0.118577,
          -0.2577,
          0.068014,
          0.196776,
          -0.013269,
          0.214616,
          0.238194,
          0.201192,
          0.090652,
          0.006686,
          -0.036299,
          0.169931,
          -0.116952,
          -0.232892,
          0.023588,
          -0.272247,
          -0.259051,
          0.107113,
          -0.180671,
          -0.134761,
          -0.220958,
          -0.10371,
          0.288837,
          0.019029,
          0.216162,
          0.187352,
          0.171235,
          -0.100515,
          0.213492,
          -0.057001,
          -0.101769,
          -0.294393,
          0.081411,
          0.143827,
          0.288867,
          -0.045952,
          -0.104962,
          0.095089,
          0.07082,
          -0.054131,
          0.194845,
          0.1647,
          0.144312,
          0.03839,
          0.019445,
          0.285963,
          -0.125954,
          0.311066,
          0.189314,
          -0.29084,
          0.171608,
          0.209982,
          0.181744,
          -0.186993,
          -0.162165,
          0.209606,
          0.021515,
          0.021476,
          0.17977,
          -0.081695,
          -0.09778,
          0.067148,
          -0.234544,
          -0.197531,
          0.23029,
          0.237577,
          0.094227,
          -0.007249,
          -0.164703,
          -0.148777,
          0.279184,
          -0.117843,
          -0.037167,
          0.301867,
          0.140738,
          -0.201965,
          -0.11685,
          -0.141629,
          -0.217262,
          0.277961,
          0.235509,
          0.013026,
          -0.032196,
          0.200352,
          -0.212743,
          0.021476,
          -0.047256,
          0.139671,
          -0.045231,
          0.070865,
          -0.024734,
          -0.008223,
          0.135865,
          -0.162587,
          0.167934,
          0.26706,
          0.029681,
          -0.189249,
          -0.135623,
          -0.227115,
          0.254621,
          -0.319487,
          0.045506,
          0.190386,
          -0.197563,
          -0.293198
        ],
        "bQ": [
          -0.031229,
          0.002547,
          -0.002948,
          0.003525,
          0.001527,
          0.024949,
          0.033092,
          0.041088,
          0.07194,
          -0.026038,
          0.043328,
          0.051401,
          -0.034677,
          -0.039357,
          -0.016364,
          0.028265,
          0.005076,
          -0.084833,
          0.006216,
          0.107753,
          -0.005146,
          -0.004063,
          -0.022012,
          -0.065582,
          0.01821,
          1.5e-05,
          0.013849,
          -0.104409,
          0.084339,
          0.069899,
          -0.022941,
          0.046751
        ],
        "wK": [
          -0.073613,
          -0.233688,
          0.185503,
          0.058298,
          -0.178643,
          0.018747,
          0.122169,
          0.04477,
          0.176674,
          0.297743,
          -0.177399,
          -0.25423,
          0.190359,
          0.106857,
          -0.044602,
          -0.248788,
          -0.16076,
          -0.158818,
          0.179085,
          3.1e-05,
          -0.175929,
          -0.194553,
          0.111255,
          0.115896,
          0.18956,
          0.278841,
          -0.045513,
          0.273415,
          0.218678,
          0.101187,
          0.233786,
          -0.051462,
          -0.125547,
          -0.222482,
          -0.071168,
          0.035351,
          -0.121128,
          0.234893,
          0.225947,
          0.079269,
          0.310287,
          -0.146834,
          0.110646,
          -0.255265,
          -0.112429,
          0.076263,
          0.060298,
          0.259239,
          0.187123,
          0.217181,
          0.219127,
          0.224461,
          0.153557,
          0.192103,
          0.131027,
          0.203493,
          -0.096537,
          0.001985,
          -0.235947,
          -0.108941,
          -0.168872,
          0.097994,
          -0.237659,
          0.072537,
          -0.198675,
          0.13591,
          -0.127202,
          -0.271053,
          -0.199098,
          -0.202745,
          0.275368,
          0.316426,
          -0.069964,
          -0.09799,
          0.280853,
          0.213798,
          -0.182736,
          -0.163047,
          -0.240572,
          0.085479,
          0.226746,
          0.077916,
          0.16079,
          0.139892,
          0.171365,
          0.04633,
          -0.088439,
          -0.148365,
          0.005993,
          -0.120487,
          0.244792,
          -0.180445,
          0.00491,
          0.164179,
          -0.040516,
          0.304387,
          0.328244,
          0.177159,
          -0.204354,
          -0.228339,
          0.026227,
          0.219753,
          -0.133133,
          0.161486,
          -0.226481,
          -0.247147,
          0.069439,
          -0.103617,
          -0.226813,
          0.119946,
          0.234909,
          -0.21769,
          -0.222716,
          -0.25118,
          -0.255745,
          -0.147026,
          0.29762,
          0.183932,
          -0.061311,
          -0.087094,
          -0.165353,
          0.005296,
          -0.134947,
          -0.099707,
          0.212499,
          -0.008165,
          -0.033622,
          0.218617,
          -0.073219,
          -0.234376,
          0.300687,
          0.066174,
          0.080534,
          -0.30704,
          -0.137421,
          0.042649,
          0.241538,
          -0.070125,
          -0.170194,
          -0.126529,
          -0.000521,
          -0.107948,
          -0.152791,
          0.009741,
          -0.061264,
          -0.228168,
          0.011343,
          0.149404,
          -0.183853,
          -0.248429,
          -0.140592,
          -0.19352,
          0.01082,
          0.300796,
          0.253599,
          0.113536,
          -0.090616,
          0.081674,
          -0.128779,
          0.24651,
          -0.251297,
          0.133052,
          0.277534,
          0.105364,
          0.102313,
          -0.119015,
          0.04645,
          0.014466,
          -0.172882,
          -0.019587,
          -0.180297,
          -0.019092,
          0.028831,
          -0.298969,
          0.000284,
          -0.121597,
          -0.179987,
          -0.056341,
          -0.04686,
          -0.147757,
          0.205559,
          -0.236959,
          -0.079165,
          0.169116,
          0.073163,
          -0.054775,
          -0.244171,
          0.107842,
          -0.136182,
          -0.160109,
          0.221788,
          -0.105019,
          0.002363,
          -0.08246,
          0.137846,
          0.026645,
          -0.0372,
          0.203224,
          0.118734,
          -0.022482,
          -0.121972,
          0.126034,
          0.28333,
          0.324657,
          0.127247,
          0.136488,
          0.066742,
          -0.106648,
          -0.104813,
          -0.28931,
          0.207264,
          0.128026,
          -0.052685,
          -0.026698,
          -0.090699,
          0.065469,
          0.23867,
          -0.099393,
          -0.135221,
          0.290997,
          0.256106,
          0.112121,
          -0.213386,
          0.100001,
          0.260992,
          -0.185463,
          -0.205747,
          -0.234928,
          -0.087078,
          -0.094804,
          0.18204,
          0.137449,
          0.116055,
          -0.312418,
          0.164852,
          -0.148555,
          -0.024017,
          -0.040663,
          0.060532,
          0.126946,
          0.198001,
          0.211424,
          -0.076855,
          -0.22652,
          -0.274709,
          0.039043,
          -0.213294,
          0.203856,
          0.007067,
          0.11282,
          0.292871,
          0.071342,
          0.151208,
          -0.101413,
          -0.19226,
          -0.30631,
          -0.254185,
          0.157298,
          -0.230361,
          -0.229455,
          -0.229514,
          -0.097786,
          -0.102257,
          -0.043761,
          -0.19287,
          0.07764,
          0.232712,
          0.011236,
          -0.041259,
          -0.040507,
          -0.187078,
          0.236136,
          0.125354,
          -0.194423,
          -0.184312,
          -0.313541,
          -0.352567,
          -0.166374,
          0.164857,
          0.131174,
          -0.075631,
          -0.193724,
          -0.010964,
          0.197162,
          -0.251489,
          -0.185866,
          0.013826,
          0.259714,
          -0.098501,
          -0.212213,
          -0.194305,
          0.240341,
          0.087387,
          0.253836,
          0.034268,
          -0.077889,
          -0.077498,
          -0.221657,
          0.204667,
          0.049822,
          -0.120135,
          0.158007,
          0.216892,
          0.046688,
          -0.099914,
          -0.167231,
          0.086131,
          -0.090764,
          -0.161569,
          0.111017,
          0.197719,
          -0.041992,
          0.274354,
          -0.192533,
          0.198219,
          -0.036246,
          0.014959,
          -0.013692,
          -0.057887,
          0.049767,
          0.293109,
          0.138892,
          -0.030465,
          -0.295279,
          -0.240407,
          -0.204377,
          0.167994,
          0.000394,
          -0.262161,
          0.15237,
          0.126277,
          0.103747,
          -0.021545,
          0.133776,
          0.181154,
          0.215738,
          -0.196338,
          0.21539,
          -0.030234,
          0.078089,
          0.238138,
          0.205011,
          -0.027116,
          -0.138104,
          -0.089991,
          -0.265581,
          0.240085,
          0.234153,
          0.054338,
          0.258411,
          -0.211303,
          -0.220327,
          0.095899,
          0.022588,
          -0.222831,
          -0.145364,
          0.028133,
          -0.233639,
          0.290254,
          0.311516,
          -0.008025,
          -0.113867,
          0.036894,
          0.019683,
          -0.180843,
          -0.194028,
          -0.133117,
          -0.216089,
          0.260565,
          -0.252819,
          -0.03086,
          -0.218447,
          -0.177024,
          0.291594,
          -0.078809,
          0.012006,
          0.200533,
          0.322027,
          -0.073053,
          0.192355,
          -0.017474,
          0.002253,
          -0.174701,
          -0.148088,
          -0.25877,
          0.21967,
          0.13231,
          0.115416,
          -0.013799,
          -0.138575,
          -0.042504,
          0.127527,
          0.134075,
          -0.123813,
          0.320759,
          0.255007,
          -0.286701,
          -0.129865,
          0.180832,
          0.125124,
          -0.202661,
          -0.369526,
          0.200614,
          0.297205,
          0.142726,
          -0.177555,
          -0.181662,
          -0.038832,
          -0.230689,
          -0.094347,
          0.235414,
          -0.329197,
          -0.06646,
          -0.161596,
          -0.198266,
          -0.172087,
          -0.215057,
          0.305144,
          -0.077693,
          -0.082674,
          0.158863,
          -0.21288,
          0.216583,
          0.064465,
          0.07244,
          -0.203893,
          0.265517,
          0.059666,
          -0.154387,
          0.113216,
          0.038663,
          -0.26898,
          -0.235022,
          -0.273088,
          0.318437,
          0.096621,
          -0.054829,
          0.085591,
          -0.154064,
          -0.171325,
          -0.220744,
          0.252098,
          -0.066455,
          -0.070748,
          0.146676,
          -0.093633,
          -0.090662,
          -0.233811,
          0.037674,
          0.0225,
          0.137362,
          0.080715,
          -0.250508,
          -0.077697,
          0.025184,
          0.05225,
          -0.203892,
          0.290438,
          0.12818,
          0.102591,
          0.049988,
          0.03164,
          0.256009,
          -0.258467,
          -0.370228,
          0.115581,
          -0.250354,
          0.319732,
          0.220097,
          -0.015278,
          -0.282123,
          0.263669,
          0.258433,
          -0.167232,
          -0.271316,
          0.26223,
          -0.122073,
          -0.184107,
          0.122072,
          -0.036732,
          -0.061362,
          -0.202342,
          0.221349,
          0.216476,
          -0.287038,
          0.279932,
          -0.114631,
          -0.143595,
          0.191283,
          0.238568,
          -0.065229,
          0.217153,
          -0.215578,
          0.274417,
          0.346588,
          0.095602,
          -0.134898,
          0.252561,
          0.234766,
          -0.004254,
          -0.012039,
          -0.04675,
          -0.25808,
          0.160121,
          0.2664,
          -0.276876,
          0.196241,
          0.031229,
          -0.014329,
          0.08025,
          -0.224824,
          0.047627,
          -0.024671,
          0.114949,
          -0.214674,
          -0.222828,
          -0.241068,
          -0.067773,
          -0.131964,
          -0.136947,
          0.136502,
          -0.189607,
          0.079023,
          -0.296003,
          -0.197396,
          0.253031,
          -0.317917,
          0.174011,
          -0.215516,
          -0.108944,
          -0.141405,
          -0.007567,
          0.098161,
          0.264972,
          0.118344,
          0.039472,
          -0.082517,
          0.016697,
          -0.051545,
          -0.199442,
          0.092579,
          0.256092,
          -0.260759,
          -0.217726,
          0.230595,
          0.182835,
          -0.197219,
          -0.319706,
          0.014787,
          0.104277,
          0.083766,
          0.161,
          -0.231412,
          0.265928,
          0.035895,
          -0.275504,
          0.267049,
          0.2295,
          0.047273,
          0.133214,
          0.03084,
          -0.021312,
          -0.342742,
          -0.084944,
          0.21105,
          -0.201047,
          0.157117,
          0.103705,
          0.132416,
          -0.242206,
          0.213796,
          0.040394,
          0.194604,
          0.129176,
          -0.091988,
          0.272203,
          0.019783,
          -0.332256,
          -0.194825,
          0.02531,
          0.190781,
          -0.06865,
          0.075629,
          -0.127842,
          0.109445,
          -0.205899,
          -0.082469,
          -0.029001,
          -0.263447,
          -0.205797,
          -0.167784,
          0.213364,
          -0.218086,
          -0.235738,
          0.137205,
          0.01827,
          -0.15968,
          -0.316539,
          0.023035,
          0.125279,
          0.085644,
          -0.171721,
          0.022351,
          0.139059,
          -0.173783,
          0.172342,
          -0.255282,
          -0.056152,
          -0.038812,
          0.127941,
          -0.103948,
          -0.248305,
          0.016871,
          -0.080865,
          0.069586,
          -0.059985,
          0.234895,
          0.031602,
          0.098619,
          -0.037173,
          0.316279,
          0.135188,
          -0.176705,
          0.155995,
          0.255222,
          -0.219855,
          0.022044,
          0.238845,
          0.005351,
          0.055193,
          -0.102809,
          -0.172525,
          -0.071651,
          -0.126066,
          0.263923,
          -0.084065,
          -0.055575,
          0.173718,
          -0.075212,
          -0.207536,
          0.12328,
          -0.132453,
          0.093178,
          0.061795,
          0.263585,
          -0.02484,
          -0.230689,
          -0.013487,
          -0.087452,
          0.102855,
          0.187102,
          0.045171,
          0.221331,
          -0.142747,
          -0.229896,
          0.123827,
          0.316354,
          -0.048804,
          0.102117,
          0.129537,
          0.104371,
          0.156354,
          -0.036912,
          -0.071045,
          -0.195556,
          0.245982,
          -0.224222,
          -0.093427,
          0.163961,
          -0.239891,
          0.139966,
          0.069839,
          -0.091186,
          -0.055226,
          -0.244425,
          -0.058791,
          -0.108825,
          0.269114,
          0.368514,
          -0.099118,
          0.176955,
          -0.233741,
          0.305209,
          0.198402,
          0.065804,
          -0.356822,
          0.22813,
          -0.133562,
          -0.266207,
          -0.279858,
          -0.2199,
          0.280036,
          0.160676,
          -0.232531,
          -0.185017,
          -0.236421,
          0.320403,
          0.17179,
          0.190505,
          0.192967,
          -0.073919,
          0.212214,
          0.320925,
          0.137659,
          -0.20738,
          0.159179,
          -0.204034,
          0.109674,
          0.040226,
          -0.108226,
          -0.039313,
          -0.125079,
          -0.062966,
          -0.257063,
          0.127387,
          0.214943,
          0.111217,
          0.133955,
          0.064553,
          0.032512,
          -0.032015,
          0.053547,
          -0.294034,
          -0.142245,
          -0.195672,
          -0.009875,
          -0.204658,
          -0.153123,
          -0.198873,
          0.253132,
          -0.031011,
          0.072039,
          0.04076,
          -0.061054,
          0.201649,
          0.151118,
          -0.231552,
          0.230766,
          0.205525,
          0.166731,
          -0.165936,
          0.007577,
          -0.126142,
          0.070479,
          0.127104,
          -0.000506,
          -0.068691,
          0.097032,
          -0.056853,
          -0.006841,
          -0.196587,
          -0.191923,
          -0.222628,
          -0.069641,
          -0.231366,
          0.244615,
          -0.134718,
          -0.148646,
          0.057803,
          -0.213816,
          0.159999,
          -0.30408,
          -0.20293,
          -0.091526,
          0.136922,
          0.172544,
          0.314525,
          -0.015416,
          -0.054125,
          -0.033049,
          -0.257595,
          0.209621,
          -0.163157,
          -0.178572,
          -0.198135,
          -0.073478,
          -0.116251,
          0.014101,
          0.115285,
          -0.191533,
          -0.203053,
          -0.029897,
          -0.094255,
          0.244071,
          -0.013118,
          -0.091316,
          -0.134371,
          -0.201672,
          0.083188,
          -0.167204,
          0.308189,
          -0.158314,
          -0.130357,
          0.148853,
          0.069437,
          0.068473,
          -0.099396,
          0.233542,
          -0.308305,
          0.128735,
          -0.001746,
          0.128661,
          0.354351,
          0.334232,
          0.275168,
          -0.18837,
          0.244229,
          -0.08402,
          -0.184475,
          -0.194288,
          -0.27566,
          0.288403,
          0.006422,
          -0.183951,
          0.144184,
          -0.021534,
          -0.247783,
          0.22007,
          0.103253,
          -0.215979,
          0.251209,
          0.294218,
          -0.041375,
          0.064075,
          0.008413,
          -0.2231,
          -0.19604,
          -0.002863,
          -0.334008,
          0.085243,
          0.007722,
          -0.295434,
          0.065569,
          -0.083394,
          -0.202565,
          0.259556,
          -0.196699,
          -0.179976,
          -0.180906,
          -0.160388,
          0.11194,
          -0.275616,
          0.064532,
          0.221335,
          0.330034,
          0.085423,
          -0.163836,
          0.007766,
          -0.234272,
          -0.04143,
          -0.293957,
          -0.165721,
          0.0228,
          0.228118,
          0.220335,
          -0.231929,
          0.060016,
          -0.179471,
          -0.248698,
          0.02902,
          -0.209926,
          0.07962,
          -0.32426,
          0.085026,
          -0.077758,
          -0.012175,
          0.269286,
          0.279352,
          0.129399,
          0.008871,
          -0.081481,
          0.259656,
          0.130607,
          0.028513,
          0.141303,
          0.065449,
          -0.099119,
          -0.200378,
          -0.076842,
          0.324275,
          0.230746,
          -0.057529,
          -0.026621,
          0.143101,
          -0.246292,
          -0.312209,
          -0.248447,
          -0.188112,
          0.295829,
          0.051425,
          0.197993,
          -0.153538,
          -0.207268,
          0.130979,
          -0.272442,
          0.005221,
          -0.063432,
          0.196341,
          -0.012581,
          -0.258487,
          0.09558,
          -0.024686,
          -0.245672,
          -0.222104,
          0.138392,
          -0.022776,
          0.104418,
          0.265767,
          -0.070071,
          0.259373,
          -0.259881,
          0.158233,
          -0.360947,
          0.321179,
          -0.164506,
          -0.105979,
          0.181237,
          0.026662,
          -0.179183,
          0.172346,
          0.224341,
          -0.006605,
          0.156424,
          -0.018281,
          0.09222,
          0.057089,
          -0.297046,
          -0.096901,
          -0.032991,
          -0.279689,
          0.044603,
          0.200047,
          -0.327276,
          -0.129391,
          0.098832,
          -0.200003,
          0.303228,
          0.185009,
          -0.079901,
          -0.133375,
          0.257441,
          -0.003361,
          0.340379,
          -0.259247,
          -0.041464,
          -0.200811,
          0.081851,
          -0.312784,
          0.172984,
          0.002136,
          0.018255,
          -0.076298,
          0.067033,
          0.037389,
          0.244487,
          0.071039,
          0.081817,
          -0.026136,
          -0.062388,
          -0.298341,
          -0.000551,
          0.036459,
          0.041491,
          0.256739,
          0.189283,
          0.07682,
          0.176632,
          0.128711,
          0.267206,
          -0.286406,
          -0.171186,
          0.124258,
          -0.024909,
          0.146481,
          0.0234,
          0.18117,
          0.054128,
          -0.189207,
          0.018509,
          -0.225503,
          0.219083,
          -0.253359,
          0.081479,
          0.189526,
          0.097049,
          0.237699,
          0.016499,
          -0.117269,
          -0.157044,
          -0.251984,
          0.084757,
          -0.132996,
          -0.205804,
          0.253634,
          0.060749,
          -0.114742,
          -0.049185,
          -0.204686,
          -0.27362,
          0.035723,
          -0.201005,
          -0.175249,
          -0.280406,
          -0.264592,
          -0.168925,
          -0.145185,
          0.169364,
          -0.299447,
          0.243615,
          -0.015564,
          0.207664,
          -0.204218,
          -0.258308,
          0.115862,
          -0.04842,
          0.214488,
          -0.166084,
          0.170588,
          0.289783,
          -0.148418,
          -0.297992,
          -0.005687,
          -0.269125,
          0.2529
        ],
        "bK": [
          -0.008046,
          -0.002064,
          0.008387,
          -0.0016,
          -0.006792,
          0.001481,
          0.022702,
          0.007111,
          -0.017305,
          0.003667,
          0.003661,
          -0.000455,
          -0.009123,
          0.015662,
          0.006638,
          0.014407,
          0.00589,
          -0.003528,
          -0.005317,
          0.005235,
          -0.003549,
          -0.005307,
          -0.003134,
          -0.009908,
          -0.005073,
          0.006573,
          -0.002838,
          -0.000622,
          0.002539,
          0.007579,
          -0.005219,
          -0.008317
        ],
        "wV": [
          -0.239217,
          -0.155332,
          0.063809,
          -0.028951,
          0.176285,
          0.337067,
          -0.096836,
          0.028314,
          -0.308873,
          0.195946,
          -0.282897,
          0.101369,
          0.191476,
          0.085062,
          0.221747,
          0.056058,
          -0.173845,
          0.212342,
          0.067598,
          -0.259014,
          -0.173246,
          -0.090693,
          -0.204012,
          -0.104987,
          0.00374,
          0.116979,
          -0.186538,
          -0.096075,
          -0.226182,
          -0.136714,
          0.219744,
          -0.044686,
          0.148344,
          0.192437,
          0.23109,
          0.043337,
          0.064659,
          -0.189063,
          0.026865,
          -0.186671,
          -0.136263,
          0.222426,
          -0.090152,
          0.079018,
          0.062794,
          0.256509,
          0.098155,
          -0.345666,
          0.242161,
          0.203942,
          0.036659,
          0.201476,
          0.020174,
          0.070954,
          0.01866,
          -0.169825,
          0.337307,
          -0.100002,
          0.31172,
          0.217462,
          0.207019,
          0.370159,
          -0.202856,
          0.01244,
          -0.18478,
          0.139312,
          0.218194,
          -0.169146,
          0.186631,
          -0.096874,
          0.112949,
          -0.069289,
          0.096794,
          0.226618,
          0.207999,
          0.085616,
          0.088497,
          0.079137,
          -0.19832,
          0.105836,
          0.085954,
          0.241101,
          -0.237434,
          -0.104504,
          0.043974,
          0.055578,
          -0.083724,
          0.102997,
          0.133883,
          -0.313554,
          -0.096274,
          0.284128,
          -0.097981,
          -0.28058,
          -0.21234,
          0.13523,
          0.206011,
          -0.021844,
          -0.0369,
          0.105446,
          -0.272742,
          0.090241,
          0.105759,
          0.212755,
          0.32397,
          0.192292,
          0.080602,
          -0.201884,
          0.015473,
          0.225763,
          -0.014756,
          -0.255481,
          0.173792,
          -0.117783,
          -0.037125,
          -0.118151,
          0.14235,
          -0.23966,
          -0.256885,
          0.183188,
          0.072737,
          -0.05218,
          -0.279241,
          0.150854,
          0.156824,
          0.091289,
          0.089718,
          -0.129955,
          -0.09275,
          -0.104204,
          -0.232747,
          0.21755,
          0.009027,
          -0.267722,
          0.280125,
          -0.016961,
          -0.265274,
          -0.094142,
          -0.222396,
          -0.074498,
          -0.192389,
          -0.203075,
          -0.095227,
          0.186693,
          -0.247369,
          0.255719,
          0.270263,
          0.027063,
          -0.222711,
          -0.277617,
          -0.090537,
          0.184047,
          0.188533,
          0.05666,
          -0.127797,
          0.045725,
          0.141841,
          0.049452,
          0.169012,
          -0.07897,
          0.153129,
          -0.09428,
          0.314088,
          0.099395,
          0.197986,
          0.075303,
          0.273512,
          -0.211468,
          -0.262571,
          0.070219,
          0.275793,
          -0.290331,
          0.057847,
          -0.170039,
          0.248823,
          0.12475,
          -0.03123,
          -0.129546,
          0.05013,
          0.187207,
          -0.019501,
          0.277968,
          -0.194946,
          -0.117609,
          -0.191386,
          0.156683,
          -0.033844,
          0.172668,
          0.089711,
          -0.209748,
          0.17794,
          0.207623,
          0.060131,
          0.215701,
          -0.223684,
          -0.227931,
          -0.076197,
          0.123019,
          -0.171351,
          -0.044163,
          -0.268844,
          0.289231,
          0.03825,
          0.136049,
          -0.169795,
          -0.331743,
          0.23743,
          0.001137,
          -0.198716,
          -0.298248,
          -0.226258,
          0.221388,
          0.073819,
          -0.037947,
          -0.04468,
          -0.045739,
          -0.056361,
          0.091112,
          -0.218165,
          -0.006839,
          -0.199039,
          -0.253419,
          -0.186811,
          -0.15338,
          -0.174759,
          -0.017993,
          0.167463,
          -0.222432,
          -0.097153,
          -0.070656,
          -0.136015,
          0.288502,
          -0.244165,
          0.199306,
          -0.204667,
          -0.039936,
          -0.126038,
          -0.116147,
          0.022555,
          -0.029996,
          0.225401,
          0.08568,
          0.238333,
          -0.254522,
          -0.135817,
          0.184296,
          0.112985,
          0.119052,
          -0.118738,
          0.126245,
          0.229978,
          -0.030199,
          0.199814,
          -0.128121,
          -0.179752,
          0.144046,
          0.031711,
          -0.267255,
          -0.133797,
          0.180435,
          0.147985,
          -0.110439,
          0.046642,
          0.263047,
          -0.09126,
          -0.028254,
          0.067134,
          0.018721,
          0.211608,
          0.23429,
          0.122505,
          -0.221164,
          -0.275409,
          0.149777,
          0.205003,
          0.318363,
          0.037832,
          -0.165265,
          -0.196159,
          0.169578,
          -0.050717,
          0.139426,
          -0.261544,
          -0.035654,
          -0.025006,
          -0.28937,
          -0.253194,
          0.112106,
          -0.118113,
          0.076989,
          -0.290546,
          0.058773,
          -0.094869,
          0.066841,
          -0.215312,
          0.01355,
          -0.208601,
          0.183177,
          0.024553,
          -0.232997,
          0.133717,
          -0.095481,
          -0.045214,
          0.216105,
          -0.257287,
          -0.086087,
          0.062166,
          -0.304769,
          0.328809,
          0.163638,
          -0.070139,
          -0.160268,
          0.282514,
          -0.186243,
          -0.129441,
          -0.092207,
          -0.279254,
          0.105234,
          -0.216114,
          0.082915,
          -0.035727,
          0.099217,
          -0.200075,
          0.240141,
          0.097451,
          0.202393,
          0.246855,
          0.257901,
          -0.146571,
          -0.065037,
          -0.004199,
          0.012807,
          -0.18937,
          -0.24413,
          -0.012391,
          0.137232,
          0.112423,
          0.289394,
          -0.281552,
          0.142842,
          0.102371,
          -0.191878,
          -0.099985,
          -0.08039,
          -0.122689,
          0.064861,
          0.071568,
          -0.138383,
          0.26211,
          -0.057937,
          -0.083783,
          -0.278577,
          0.177171,
          0.2063,
          -0.116496,
          -0.088294,
          0.139404,
          -0.331543,
          0.227224,
          -0.132785,
          -0.100637,
          -0.275383,
          0.061076,
          0.166121,
          -0.089795,
          0.313255,
          -0.206755,
          0.099092,
          0.201656,
          0.122331,
          -0.079454,
          0.199019,
          0.026415,
          0.253564,
          0.288554,
          0.13259,
          -0.153377,
          -0.186605,
          0.182173,
          -0.14647,
          -0.077556,
          -0.325355,
          0.26552,
          -0.175692,
          -0.080197,
          -0.230883,
          -0.084211,
          -0.144308,
          0.151854,
          0.063934,
          -0.075556,
          0.060937,
          0.022303,
          0.250462,
          0.126942,
          0.154272,
          -0.290924,
          0.16847,
          0.03415,
          -0.15368,
          0.186448,
          0.18102,
          0.099538,
          -0.296843,
          -0.190564,
          0.12556,
          -0.094962,
          0.092819,
          0.314348,
          0.00723,
          0.022752,
          0.213433,
          -0.03531,
          -0.025973,
          -0.000913,
          -0.127983,
          0.243011,
          -0.228598,
          -0.229109,
          0.022625,
          0.185699,
          -0.180844,
          0.058709,
          0.188197,
          -0.241246,
          0.026121,
          0.2654,
          -0.271708,
          -0.171104,
          -0.190896,
          -0.188199,
          0.115432,
          0.216029,
          0.208334,
          -0.016898,
          0.171526,
          -0.332752,
          -0.253401,
          -0.062569,
          -0.202103,
          0.22224,
          0.093151,
          -0.316224,
          -0.036827,
          0.010359,
          -0.231559,
          -0.170267,
          -0.227468,
          0.161645,
          -0.036015,
          -0.098626,
          0.27743,
          -0.28382,
          -0.222034,
          0.054054,
          -0.184266,
          0.168284,
          0.229,
          0.168307,
          -0.306029,
          -0.238782,
          0.112915,
          0.208267,
          0.282908,
          -0.203805,
          -0.073015,
          0.07928,
          -0.217342,
          -0.102951,
          -0.296229,
          -0.055686,
          -0.169592,
          0.080378,
          -0.220941,
          0.215284,
          -0.226218,
          -0.186639,
          0.307427,
          0.059943,
          0.060006,
          -0.234215,
          0.12412,
          0.119055,
          -0.204637,
          -0.175861,
          0.137595,
          -0.112617,
          0.141746,
          0.192561,
          -0.146164,
          -0.079472,
          0.193268,
          -0.152115,
          0.300939,
          0.252618,
          -0.09928,
          0.355697,
          0.195045,
          -0.114804,
          -0.083722,
          -0.148184,
          -0.172226,
          -0.314523,
          -0.221633,
          0.334717,
          -0.182495,
          -0.079158,
          0.236736,
          0.163585,
          0.274716,
          0.056691,
          -0.219474,
          0.073776,
          0.071704,
          0.246421,
          0.069402,
          -0.082157,
          0.052729,
          -0.250939,
          0.063328,
          -0.206929,
          -0.079827,
          0.117275,
          -0.053673,
          -0.220835,
          0.193378,
          -0.111521,
          0.268865,
          -0.269064,
          0.032529,
          -0.255676,
          -0.291779,
          -0.251773,
          0.188006,
          -0.109371,
          -0.277851,
          0.283552,
          0.134669,
          0.115527,
          0.087989,
          0.180424,
          -0.168998,
          -0.292375,
          -0.15836,
          0.073583,
          0.167283,
          0.311896,
          0.242054,
          -0.078115,
          -0.156678,
          0.136979,
          0.029726,
          0.091018,
          -0.030839,
          0.167915,
          0.303377,
          -0.275064,
          -0.216253,
          0.072431,
          0.302458,
          -0.062524,
          -0.214615,
          0.206686,
          -0.176053,
          -0.355621,
          -0.246624,
          -0.317763,
          0.092148,
          -0.21928,
          -0.122369,
          0.044128,
          0.179728,
          -0.024362,
          0.062237,
          -0.047018,
          0.186917,
          0.226397,
          -0.087538,
          0.190035,
          0.023106,
          -0.056958,
          0.082504,
          0.099739,
          -0.260906,
          0.197207,
          -0.112937,
          0.189851,
          0.320223,
          -0.05853,
          -0.031313,
          0.223167,
          0.256536,
          -0.103598,
          -0.09636,
          0.114998,
          -0.015975,
          -0.105088,
          0.176665,
          0.105842,
          -0.159063,
          0.2418,
          0.05378,
          0.113445,
          0.124734,
          0.029523,
          -0.303085,
          -0.066447,
          -0.091973,
          -0.275788,
          0.105626,
          -0.137386,
          0.294777,
          0.008693,
          -0.198127,
          0.168132,
          0.209193,
          0.252397,
          -0.185602,
          -0.135054,
          0.203603,
          -0.072977,
          0.100037,
          -0.154408,
          0.311245,
          0.302438,
          -0.039131,
          0.101388,
          0.226493,
          -0.086411,
          0.043644,
          0.070729,
          0.19805,
          -0.272899,
          -0.253088,
          0.162691,
          -0.051019,
          0.0835,
          -0.044231,
          -0.142378,
          0.096649,
          -0.250869,
          -0.175572,
          -0.102867,
          0.015767,
          0.264819,
          -0.317766,
          0.17886,
          -0.153216,
          -0.162666,
          -0.046565,
          0.069069,
          0.05291,
          0.192766,
          -0.337575,
          0.220526,
          -0.119878,
          -0.303556,
          -0.154321,
          0.198174,
          -0.15538,
          0.219615,
          -0.151671,
          -0.042364,
          0.286568,
          0.109491,
          0.254873,
          -0.027808,
          -0.051047,
          0.224398,
          0.067652,
          0.250646,
          -0.248476,
          -0.277863,
          -0.31413,
          0.020159,
          0.119255,
          -0.073623,
          0.339237,
          0.252909,
          -0.319593,
          0.034082,
          -0.241575,
          -0.133355,
          -0.067642,
          -0.291415,
          -0.035858,
          0.00323,
          0.190385,
          0.022541,
          -0.110959,
          -0.123975,
          0.211189,
          0.124537,
          0.119259,
          0.138681,
          0.228828,
          0.034392,
          0.015265,
          -0.187497,
          0.186031,
          0.15411,
          -0.075508,
          0.143326,
          0.192255,
          0.031368,
          0.193476,
          0.062334,
          -0.08746,
          -0.087837,
          -0.119266,
          0.190186,
          0.085586,
          0.043644,
          -0.074238,
          0.158729,
          -0.121145,
          0.023226,
          -0.015756,
          -0.16338,
          -0.01827,
          -0.018334,
          -0.232811,
          -0.230996,
          0.206897,
          0.036358,
          -0.011118,
          0.12519,
          -0.336925,
          0.138309,
          -0.089842,
          0.171981,
          0.157957,
          0.261904,
          0.120843,
          0.214159,
          0.124264,
          -0.183964,
          0.056721,
          -0.072494,
          -0.097242,
          -0.051879,
          -0.025186,
          0.164844,
          0.215745,
          -0.262399,
          -0.082851,
          -0.10661,
          0.251769,
          0.099601,
          -0.368676,
          0.113153,
          -0.001165,
          0.115248,
          -0.060805,
          0.203062,
          -0.167061,
          0.202688,
          -0.213723,
          0.140799,
          0.013198,
          -0.050283,
          -0.011939,
          -0.053036,
          -0.151127,
          0.209085,
          -0.230481,
          -0.135914,
          0.155671,
          -0.262657,
          -0.189027,
          0.04243,
          -0.172254,
          -0.066099,
          -0.055772,
          -0.242369,
          -0.294211,
          -0.245214,
          0.193034,
          0.197494,
          0.29168,
          -0.232638,
          -0.013636,
          0.178152,
          0.243524,
          0.053629,
          0.310856,
          0.240601,
          0.241141,
          -0.010864,
          0.236943,
          -0.201605,
          0.095618,
          0.317151,
          -0.035416,
          0.319393,
          0.111007,
          -0.268721,
          -0.134616,
          0.105668,
          0.248344,
          0.24699,
          -0.218387,
          -0.031746,
          0.25995,
          -0.263606,
          0.12385,
          0.272121,
          0.025546,
          -0.275049,
          0.193839,
          -0.160526,
          0.108506,
          0.314505,
          0.133667,
          -0.069923,
          -0.042955,
          -0.084695,
          -0.230153,
          0.025975,
          0.010614,
          0.021742,
          -0.098935,
          -0.128733,
          -0.235694,
          0.071696,
          -0.032286,
          0.249609,
          -0.035603,
          -0.147541,
          0.22913,
          0.277772,
          -0.182322,
          -0.179278,
          -0.025015,
          0.163027,
          -0.038526,
          0.087258,
          -0.1563,
          0.010504,
          -0.098467,
          -0.155492,
          0.165791,
          0.275846,
          -0.226428,
          0.173502,
          -0.03882,
          0.085374,
          0.068962,
          0.057269,
          -0.152164,
          -0.139046,
          0.182809,
          0.079118,
          0.272373,
          0.224811,
          -0.046479,
          0.007863,
          0.144432,
          0.295225,
          0.060482,
          -0.03613,
          -0.074992,
          -0.076892,
          -0.057939,
          -0.021172,
          -0.051983,
          -0.059758,
          -0.106331,
          -0.062705,
          0.214658,
          -0.183397,
          -0.09241,
          -0.25712,
          -0.215405,
          -0.223247,
          0.289018,
          -0.142121,
          0.258892,
          0.326771,
          0.117531,
          0.298847,
          -0.073836,
          -0.052806,
          -0.048096,
          -0.244789,
          0.120454,
          -0.080642,
          0.162244,
          -0.307249,
          -0.202021,
          0.031696,
          -0.121485,
          0.135615,
          0.253326,
          0.109047,
          0.06149,
          0.078555,
          -0.088643,
          0.317351,
          -0.202719,
          -0.020307,
          -0.300271,
          -0.294509,
          0.247646,
          0.268886,
          -0.034729,
          0.280528,
          -0.149293,
          0.176169,
          0.226425,
          -0.241013,
          0.084672,
          0.373086,
          -0.304935,
          0.075527,
          0.15657,
          0.094836,
          0.249333,
          0.030919,
          -0.035715,
          -0.076544,
          0.153241,
          -0.098732,
          0.216333,
          -0.321012,
          0.224055,
          -0.156172,
          -0.103934,
          -0.099477,
          0.175415,
          -0.128617,
          0.218895,
          -0.141937,
          -0.044969,
          -0.016182,
          -0.01387,
          -0.139069,
          -0.0665,
          -0.218327,
          -0.267912,
          -0.233461,
          -0.266244,
          -0.238117,
          0.118881,
          0.130969,
          0.099728,
          -0.015157,
          0.237807,
          0.097855,
          -0.203414,
          -0.027147,
          -0.097833,
          -0.18989,
          -0.027822,
          0.075852,
          -0.064181,
          0.123901,
          -0.310757,
          0.10113,
          -0.15599,
          -0.247772,
          0.284942,
          0.230086,
          -0.133737,
          0.127498,
          0.009757,
          -0.311542,
          0.230417,
          -0.135846,
          0.001892,
          0.105911,
          0.167294,
          -0.083563,
          0.063961,
          0.136163,
          -0.111982,
          -0.132017,
          0.058995,
          0.146437,
          0.047765,
          -0.094833,
          0.078576,
          0.060878,
          -0.138204,
          -0.118868,
          -0.055699,
          0.214092,
          0.038043,
          -0.02456,
          -0.273821,
          0.162328,
          -0.089457,
          -0.245961,
          0.151482,
          0.210189,
          -0.133368,
          -0.34617,
          0.06355,
          -0.315156,
          -0.196394,
          0.330051,
          0.256317,
          -0.074563,
          0.203216,
          -0.123723,
          -0.196008,
          -0.195571,
          -0.160945,
          -0.014751,
          0.007069,
          0.199387,
          0.170919,
          -0.06644,
          -0.24189,
          0.295256,
          -0.015054,
          -0.262965,
          0.261675,
          -0.049183,
          -0.292697,
          0.048839,
          0.214297,
          0.046892,
          0.234039
        ],
        "bV": [
          0.015346,
          -0.001517,
          0.003203,
          -0.025405,
          -0.018479,
          0.022063,
          -0.010204,
          -0.002459,
          -0.012059,
          -0.031248,
          0.000138,
          -0.011309,
          0.007656,
          0.021831,
          -0.018445,
          0.014075,
          0.012952,
          0.028273,
          -0.006174,
          0.011694,
          0.000427,
          -0.008533,
          -0.012105,
          0.000969,
          0.007725,
          0.003609,
          -0.015943,
          0.009093,
          -0.007417,
          -0.010469,
          0.01369,
          -0.0004
        ],
        "wO": [
          0.174784,
          0.09972,
          0.124876,
          -0.051495,
          -0.330031,
          0.162697,
          -0.083825,
          0.174678,
          -0.283192,
          0.108018,
          -0.174731,
          -0.225963,
          0.009498,
          -0.138449,
          0.024216,
          0.147621,
          -0.025963,
          -0.198069,
          0.326415,
          0.167228,
          0.171845,
          0.063427,
          -0.045095,
          -0.24446,
          -0.047481,
          0.087688,
          0.198749,
          -0.204582,
          -0.038077,
          0.239568,
          0.130456,
          0.183781,
          0.171123,
          0.249249,
          0.180051,
          -0.222703,
          -0.020376,
          -0.055271,
          -0.171123,
          0.275369,
          -0.235528,
          0.008502,
          0.284585,
          -0.063552,
          -0.0217,
          0.090726,
          0.094445,
          -0.290476,
          -0.09296,
          0.262313,
          -0.039071,
          -0.211888,
          -0.0255,
          -0.064628,
          -0.238765,
          0.216061,
          0.053319,
          0.021947,
          0.112271,
          -0.10362,
          -0.038552,
          0.22019,
          -0.193499,
          0.118556,
          -0.014484,
          0.022731,
          -0.026217,
          -0.128721,
          -0.235319,
          0.111366,
          0.008228,
          0.04725,
          0.020647,
          0.008579,
          -0.214642,
          0.285315,
          -0.272333,
          -0.221533,
          -0.099051,
          0.19957,
          0.298838,
          0.100994,
          -0.002075,
          -0.187366,
          0.134998,
          -0.037125,
          0.040546,
          0.224641,
          -0.156103,
          -0.113235,
          -0.214917,
          0.110864,
          0.118213,
          0.013489,
          -0.009573,
          -0.058922,
          -0.00304,
          -0.21548,
          0.018188,
          0.049144,
          -0.308078,
          -0.148363,
          -0.126299,
          0.038942,
          -0.30244,
          -0.079644,
          0.118931,
          -0.018799,
          0.099223,
          -0.25408,
          -0.000568,
          -0.292581,
          0.215792,
          0.001753,
          0.324117,
          0.311315,
          -0.014647,
          0.132867,
          0.216126,
          0.07182,
          -0.196577,
          0.253642,
          0.067051,
          -0.129432,
          0.10996,
          0.005056,
          0.104938,
          -0.30767,
          -0.125005,
          0.12225,
          -0.325681,
          -0.091434,
          -0.192263,
          0.233153,
          -0.181442,
          -0.019394,
          -0.262591,
          0.148619,
          0.238226,
          0.241603,
          -0.128613,
          0.190386,
          0.063971,
          0.350913,
          0.203436,
          -0.080526,
          -0.077958,
          0.000315,
          -0.086411,
          -0.269079,
          0.136464,
          -0.109352,
          -0.016751,
          0.187172,
          0.276639,
          -0.161451,
          0.171034,
          -0.06827,
          -0.125215,
          0.049645,
          0.070614,
          -0.270343,
          0.057989,
          -0.016803,
          0.327642,
          0.074386,
          -0.231867,
          0.051822,
          0.256203,
          0.010273,
          0.25407,
          0.017651,
          -0.225978,
          -0.168426,
          0.060835,
          0.108104,
          -0.277436,
          -0.171305,
          -0.252792,
          0.243007,
          -0.167905,
          0.204572,
          0.154956,
          -0.158101,
          -0.030116,
          -0.207994,
          -0.169768,
          -0.011876,
          -0.182762,
          -0.223868,
          0.080481,
          0.259953,
          0.147417,
          -0.145036,
          -0.268026,
          0.170307,
          -0.029181,
          0.056434,
          -0.021273,
          0.143362,
          0.251726,
          0.030348,
          0.178421,
          -0.012487,
          0.069325,
          0.147332,
          -0.24706,
          0.056685,
          0.206384,
          -0.1395,
          0.033071,
          -0.210331,
          0.127827,
          -0.007408,
          -0.211363,
          -0.018384,
          -0.138054,
          -0.172656,
          0.251534,
          0.131051,
          -0.296174,
          0.301493,
          -0.117535,
          0.137444,
          0.140338,
          0.03823,
          0.2358,
          0.272825,
          0.026554,
          -0.181713,
          -0.130336,
          0.100514,
          0.117868,
          -0.065075,
          -0.267343,
          0.201129,
          -0.114178,
          -0.28463,
          -0.218916,
          -0.120506,
          0.133933,
          -0.148404,
          0.248455,
          0.267631,
          0.10236,
          0.221454,
          -0.194402,
          -0.190762,
          -0.231959,
          0.113956,
          0.257786,
          0.173266,
          -0.22385,
          0.182346,
          0.236577,
          -0.305631,
          -0.106406,
          -0.041716,
          0.041679,
          -0.128341,
          -0.051524,
          0.255437,
          0.016389,
          0.120169,
          -0.239292,
          -0.070859,
          -0.081482,
          -0.264037,
          -0.26207,
          0.06683,
          -0.302202,
          -0.218608,
          -0.181329,
          0.101278,
          0.226603,
          0.258112,
          0.211232,
          -0.078643,
          0.13017,
          -0.122748,
          0.262736,
          0.075041,
          0.052808,
          0.053917,
          0.074936,
          0.193914,
          -0.102938,
          0.222107,
          0.014688,
          0.198545,
          0.245118,
          -0.279364,
          -0.290234,
          0.247845,
          0.161965,
          0.0663,
          0.047132,
          0.204702,
          -0.292275,
          -0.217364,
          0.126223,
          0.041665,
          0.009723,
          -0.169031,
          -0.134487,
          -0.098552,
          0.112013,
          0.082051,
          -0.156725,
          0.040033,
          0.13463,
          0.220207,
          0.11025,
          -0.079301,
          -0.26139,
          -0.2663,
          -0.205814,
          -0.212131,
          -0.171434,
          -0.147928,
          -0.004324,
          -0.053432,
          0.318158,
          0.038365,
          0.181289,
          0.102722,
          0.013799,
          0.037602,
          0.276475,
          -0.175045,
          0.005996,
          0.034014,
          0.22943,
          0.172116,
          -0.069886,
          0.003288,
          0.054193,
          -0.174638,
          0.192458,
          -0.061322,
          -0.176845,
          -0.240766,
          -0.095278,
          0.227613,
          -0.327438,
          -0.09337,
          0.037183,
          0.038072,
          0.012539,
          0.135364,
          0.041639,
          0.181372,
          0.121778,
          -0.12029,
          0.234928,
          0.27131,
          -0.213498,
          -0.105105,
          -0.177074,
          -0.012207,
          -0.113093,
          0.249693,
          -0.099725,
          -0.114516,
          -0.080468,
          0.266776,
          -0.172123,
          -0.027271,
          -0.202597,
          0.008848,
          0.154466,
          -0.237908,
          -0.179005,
          -0.276827,
          -0.236093,
          0.222194,
          -0.163772,
          0.129677,
          -0.272293,
          0.040922,
          0.054701,
          -0.139036,
          -0.066617,
          0.247771,
          -0.156519,
          -0.132197,
          0.096002,
          0.073154,
          0.176081,
          0.242568,
          -0.309784,
          -0.134033,
          -0.237971,
          0.104604,
          0.219216,
          0.198401,
          -0.138036,
          0.029362,
          0.240911,
          0.109839,
          0.254267,
          -0.150136,
          -0.048321,
          -0.118095,
          -0.266497,
          0.065183,
          0.093407,
          -0.127338,
          -0.30571,
          -0.177755,
          0.176557,
          -0.047473,
          0.017159,
          -0.091449,
          -0.258643,
          -0.219208,
          0.044321,
          -0.151679,
          0.153127,
          0.265855,
          0.293533,
          0.154906,
          -0.174121,
          -0.162393,
          -0.007827,
          -0.181348,
          0.20791,
          0.040805,
          0.14104,
          -0.063635,
          0.129364,
          0.126413,
          0.052732,
          0.225326,
          0.203382,
          0.142099,
          -0.297477,
          0.160684,
          0.181234,
          -0.138233,
          -0.255838,
          0.044454,
          0.154504,
          0.252181,
          0.264966,
          0.196707,
          0.294166,
          -0.127983,
          0.090365,
          0.052915,
          -0.276741,
          0.306665,
          -0.203252,
          0.275377,
          0.000806,
          -0.212971,
          -0.097795,
          0.215944,
          -0.166817,
          0.198858,
          -0.023948,
          0.270692,
          0.00033,
          -0.215539,
          0.098698,
          0.204885,
          -0.130641,
          -0.312783,
          -0.276975,
          0.091829,
          0.128221,
          -0.173715,
          -0.082284,
          0.091291,
          -0.125719,
          0.219594,
          0.187114,
          -0.150756,
          -0.072778,
          -0.196819,
          -0.056365,
          0.067653,
          -0.049615,
          0.015399,
          0.043992,
          -0.054575,
          0.197252,
          -0.184672,
          -0.074575,
          0.077908,
          0.032697,
          0.267003,
          0.1983,
          -0.038119,
          0.159832,
          0.164196,
          -0.0047,
          0.332947,
          -0.027115,
          0.10425,
          -0.25506,
          0.218611,
          -0.218369,
          -0.0536,
          0.192059,
          0.167774,
          -0.023643,
          0.290411,
          0.128949,
          -0.190205,
          -0.172274,
          -0.181406,
          -0.071797,
          -0.10384,
          -0.026523,
          0.199126,
          0.112424,
          -0.00815,
          0.167168,
          0.137955,
          -0.041421,
          0.108625,
          -0.190664,
          0.104392,
          0.338485,
          -0.266233,
          0.19487,
          0.26333,
          0.13579,
          0.075766,
          0.06495,
          -0.224307,
          0.039138,
          -0.187762,
          0.071576,
          0.262688,
          0.07354,
          -0.017033,
          0.051541,
          0.286948,
          -0.08498,
          -0.14901,
          0.055224,
          0.026629,
          0.049446,
          -0.199272,
          -0.153815,
          -0.162829,
          -0.070624,
          -0.027332,
          0.31091,
          0.004942,
          -0.16866,
          0.040121,
          -0.100423,
          0.007514,
          0.177409,
          0.259268,
          0.272702,
          0.271695,
          -0.240996,
          -0.243676,
          0.053336,
          0.039547,
          -0.008378,
          -0.165362,
          0.008567,
          -0.057016,
          -0.175135,
          0.276951,
          -0.108294,
          -0.037302,
          -0.321655,
          0.168262,
          -0.237382,
          0.05831,
          -0.19834,
          0.291943,
          -0.200132,
          -0.166368,
          0.224902,
          -0.009074,
          -0.040257,
          -0.24366,
          0.064433,
          -0.031333,
          -0.228096,
          0.272963,
          0.359465,
          0.28705,
          -0.238945,
          0.189977,
          0.215024,
          -0.129616,
          0.235303,
          -0.066916,
          -0.147925,
          0.290613,
          -0.222358,
          -0.10741,
          -0.227921,
          -0.045829,
          0.142427,
          -0.163073,
          0.278395,
          0.19215,
          -0.138867,
          0.281737,
          -0.126747,
          -0.036918,
          -0.107724,
          -0.041536,
          -0.037155,
          0.184936,
          0.088713,
          -0.000663,
          0.303056,
          0.197843,
          0.024174,
          -0.03664,
          0.229416,
          0.106487,
          0.160622,
          -0.108726,
          0.088703,
          0.141624,
          0.016629,
          0.263398,
          0.067263,
          0.184897,
          -0.145603,
          -0.123923,
          0.097986,
          0.020254,
          -0.194135,
          0.142912,
          0.073164,
          -0.23995,
          -0.113274,
          0.111365,
          0.061196,
          -0.084711,
          -0.135082,
          0.203774,
          0.138336,
          -0.202044,
          0.08234,
          -0.190719,
          -0.202598,
          -0.204112,
          0.149625,
          -0.095941,
          -0.286142,
          0.005685,
          -0.041872,
          -0.011763,
          0.037774,
          0.255153,
          -0.217311,
          -0.17239,
          -0.082261,
          -0.079603,
          -0.029034,
          -0.015012,
          -0.213099,
          0.127724,
          -0.016043,
          -0.029251,
          0.184374,
          -0.017674,
          -0.186816,
          -0.16664,
          0.179863,
          0.153524,
          0.13125,
          -0.241207,
          0.232025,
          -0.008773,
          0.269502,
          -0.298432,
          0.039626,
          0.287655,
          -0.018872,
          -0.157966,
          -0.093308,
          -0.245192,
          -0.302288,
          0.248878,
          0.227346,
          -0.29215,
          -0.119101,
          0.009454,
          -0.218189,
          -0.074759,
          -0.112875,
          0.18444,
          -0.032786,
          -0.015864,
          -0.116239,
          -0.001913,
          0.039655,
          -0.1844,
          -0.038202,
          -0.029245,
          -0.263279,
          0.028179,
          0.153461,
          0.016243,
          0.265874,
          -0.053086,
          -0.039265,
          0.011604,
          -0.249203,
          -0.127415,
          -0.258533,
          -0.154119,
          0.209535,
          -0.129556,
          -0.306198,
          -0.288754,
          -0.075077,
          -0.155248,
          0.262974,
          -0.108902,
          -0.118204,
          -0.261642,
          -0.127647,
          0.149471,
          0.200301,
          -0.279724,
          -0.170127,
          0.160184,
          0.332842,
          -0.256893,
          -0.137625,
          0.140212,
          0.049119,
          -0.187218,
          -0.223706,
          -0.254696,
          -0.002409,
          0.020796,
          0.214081,
          0.139355,
          -0.003588,
          -0.067265,
          0.277034,
          -0.05477,
          -0.227881,
          0.074646,
          0.078409,
          -0.030904,
          -0.050691,
          0.044066,
          -0.225053,
          0.139884,
          0.202462,
          0.217155,
          0.169843,
          -0.164198,
          -0.048252,
          -0.066967,
          0.046543,
          -0.218083,
          -0.2153,
          -0.311006,
          0.274811,
          -0.117181,
          -0.281137,
          0.155289,
          -0.159909,
          0.213519,
          0.103049,
          -0.199423,
          -0.234105,
          -0.22197,
          -0.090179,
          0.17153,
          0.254988,
          0.226424,
          0.109531,
          -0.069149,
          0.149342,
          -0.185722,
          0.168629,
          -0.052373,
          -0.023636,
          0.091694,
          -0.110254,
          -0.217597,
          0.10579,
          0.105078,
          0.021503,
          0.107985,
          -0.027184,
          -0.318525,
          -0.246656,
          0.014521,
          -0.117966,
          0.153748,
          0.2229,
          0.002823,
          -0.144893,
          -0.010066,
          0.266832,
          -0.03023,
          0.24561,
          -0.170793,
          0.261676,
          0.106458,
          0.342373,
          0.239837,
          0.041949,
          -0.18338,
          -0.20266,
          0.277397,
          0.009164,
          -0.225785,
          -0.075275,
          0.002881,
          -0.020237,
          0.082007,
          -0.127695,
          -0.131715,
          -0.115733,
          -0.290577,
          -0.235689,
          -0.055134,
          -0.117262,
          0.168609,
          0.209803,
          0.06513,
          0.016591,
          -0.035379,
          -0.097593,
          -0.158,
          -0.001182,
          -0.236118,
          0.264185,
          0.131423,
          -0.009337,
          0.002377,
          -0.284222,
          -0.150132,
          -0.109757,
          -0.297706,
          -0.04797,
          0.174458,
          0.101967,
          -0.328396,
          -0.17184,
          0.15381,
          -0.202764,
          -0.028396,
          -0.230631,
          -0.240864,
          0.044733,
          0.250976,
          0.041494,
          0.044758,
          0.131796,
          -0.22903,
          0.003214,
          -0.340566,
          0.139307,
          0.147472,
          0.174651,
          0.065405,
          0.209114,
          -0.029745,
          -0.172763,
          0.197275,
          0.092839,
          -0.002929,
          0.106999,
          -0.098082,
          -0.313719,
          0.332224,
          0.093563,
          0.188747,
          0.113814,
          0.17535,
          0.256348,
          -0.28797,
          -0.133517,
          0.24164,
          -0.084638,
          0.062747,
          0.22345,
          0.137961,
          0.303863,
          9.5e-05,
          -0.103617,
          0.301107,
          0.031018,
          0.006296,
          0.14081,
          -0.012823,
          -0.211099,
          0.259963,
          -0.166128,
          0.147796,
          -0.213193,
          -0.231292,
          -0.177836,
          -0.185004,
          0.16198,
          -0.046439,
          0.185637,
          0.175249,
          -0.057656,
          -0.245058,
          0.016403,
          0.068328,
          0.074209,
          -0.11589,
          0.08527,
          -0.076687,
          0.159341,
          -0.209662,
          -0.15675,
          -0.112266,
          0.329402,
          0.182515,
          0.040425,
          -0.158573,
          0.134413,
          0.140061,
          0.181837,
          -0.079014,
          -0.043487,
          0.239575,
          0.249916,
          -0.000885,
          -0.08906,
          -0.221946,
          -0.271977,
          0.01786,
          0.167305,
          -0.059092,
          -0.253427,
          0.275715,
          0.319208,
          -0.022939,
          0.275284,
          -0.250847,
          0.18102,
          -0.288184,
          -0.371524,
          0.039269,
          0.240483,
          -0.144353,
          0.331857,
          0.085229,
          0.098674,
          0.324242,
          0.025891,
          -0.007194,
          -0.258048,
          -0.109878,
          -0.023863,
          0.155044,
          -0.17028,
          0.091929,
          -0.300564,
          0.204189,
          0.006183,
          -0.016371,
          -0.253218,
          -0.080268,
          -0.058849,
          -0.342876,
          0.244084,
          -0.196135,
          0.08775,
          0.033368,
          0.244047,
          -0.236859,
          0.315997,
          -0.216691,
          0.155583,
          -0.099916,
          -0.017018,
          -0.115752,
          -0.264646,
          0.135876,
          0.078098,
          0.239313,
          -0.014357,
          -0.242318,
          0.09126,
          -0.128251,
          -0.156212,
          -0.020521,
          -0.296635,
          -0.031459,
          0.288549,
          -0.243803,
          -0.161137,
          0.273414,
          -0.167478,
          -0.315145,
          -0.096325,
          0.047319,
          0.111814,
          0.197426,
          0.040907,
          -0.187023,
          0.221701,
          0.25526,
          0.302111,
          -0.01806,
          -0.145485,
          0.107698,
          0.280425,
          0.234287,
          -0.063418,
          0.203699,
          0.205883,
          -0.118707,
          -0.259682,
          0.309658,
          0.058829,
          -0.254794
        ],
        "bO": [
          -0.017759,
          -0.002518,
          -0.007177,
          -0.003221,
          -0.006121,
          0.016551,
          -0.004296,
          -0.002727,
          0.013014,
          -0.015908,
          -0.013471,
          -0.005015,
          0.039287,
          -0.010898,
          0.014039,
          0.020051,
          0.014013,
          0.010414,
          -0.006843,
          -0.020084,
          0.021973,
          0.014958,
          -0.014087,
          -0.011552,
          -0.022591,
          0.046518,
          0.003571,
          0.006721,
          -0.01634,
          0.018249,
          -0.009312,
          -0.003785
        ],
        "ln2Gamma": [
          1.010435,
          1.031941,
          1.042173,
          1.034853,
          1.046116,
          0.989161,
          1.019999,
          1.027708,
          1.010701,
          0.988612,
          1.025961,
          0.967255,
          1.038299,
          1.021238,
          1.021111,
          1.003912,
          1.035083,
          0.967539,
          1.035579,
          0.989081,
          0.991514,
          1.004025,
          1.063514,
          0.960213,
          1.008594,
          1.050575,
          1.034545,
          1.049581,
          1.03314,
          1.01544,
          0.950139,
          1.002187
        ],
        "ln2Beta": [
          -0.01337,
          -0.021922,
          0.032162,
          -0.017718,
          -0.026099,
          0.015381,
          0.011944,
          0.005287,
          0.010785,
          -0.033493,
          0.01482,
          -0.03785,
          0.024164,
          -0.003807,
          0.008791,
          0.010222,
          0.021857,
          0.010201,
          -0.026248,
          -0.003186,
          -0.011681,
          0.010663,
          -0.058334,
          0.020348,
          -0.018902,
          0.021001,
          0.016846,
          -0.015339,
          -0.014664,
          0.019528,
          0.027646,
          0.001346
        ],
        "ff1W": [
          0.132976,
          -0.185595,
          -0.15478,
          -0.019645,
          -0.053602,
          -0.070438,
          0.116356,
          -0.098697,
          0.092549,
          0.106389,
          0.072041,
          -0.103645,
          0.011181,
          0.143381,
          0.213799,
          0.045961,
          -0.100235,
          -0.044555,
          0.151094,
          -0.092648,
          -0.151266,
          0.029533,
          -0.032702,
          -0.04596,
          0.250849,
          -0.028182,
          0.165808,
          0.178838,
          0.149046,
          -0.138264,
          -0.134755,
          -0.143132,
          0.095691,
          0.107212,
          -0.059605,
          -0.184434,
          0.196997,
          -0.05125,
          -0.084137,
          -0.004994,
          0.086536,
          -0.135159,
          0.078674,
          0.074765,
          0.121198,
          0.014844,
          -0.069797,
          0.102788,
          -0.251314,
          -0.184746,
          0.182283,
          0.017247,
          -0.054524,
          0.143392,
          0.131751,
          -0.019717,
          0.080001,
          -0.04624,
          -0.1333,
          -0.160894,
          0.185724,
          -0.180356,
          -0.177813,
          0.113773,
          -0.086578,
          -0.124891,
          -0.122564,
          0.118163,
          -0.117483,
          -0.05024,
          -0.121583,
          0.145844,
          0.166353,
          0.002483,
          0.136522,
          0.007594,
          -0.041961,
          0.154709,
          0.105407,
          -0.078966,
          -0.024455,
          0.031545,
          0.132809,
          -0.024346,
          -0.05617,
          -0.170523,
          0.034545,
          0.131081,
          0.080542,
          -0.020594,
          -0.019485,
          -0.051208,
          -0.052223,
          0.028209,
          -0.043925,
          0.112791,
          -0.160003,
          -0.078509,
          -0.089051,
          0.183522,
          0.172699,
          0.040754,
          0.121569,
          -0.144497,
          0.052755,
          -0.143401,
          -0.076596,
          -0.000917,
          -0.064185,
          -0.050084,
          0.114269,
          -0.176486,
          0.129654,
          -0.015465,
          -0.011213,
          0.1231,
          0.144018,
          0.099912,
          0.012271,
          -0.098222,
          -0.153201,
          -0.055898,
          -0.051214,
          0.009637,
          -0.087937,
          0.086644,
          0.206433,
          -0.127623,
          0.183669,
          0.18794,
          -0.102217,
          -0.064859,
          0.004441,
          -0.075286,
          0.222024,
          0.264091,
          0.043397,
          -0.133429,
          -0.100311,
          0.199101,
          -0.077688,
          0.165902,
          0.058296,
          -0.157904,
          0.103946,
          -0.074124,
          -0.085697,
          0.071675,
          -0.190533,
          -0.198183,
          0.133093,
          0.078446,
          0.074655,
          0.111699,
          0.167887,
          -0.104168,
          0.085803,
          0.112203,
          0.207152,
          -0.085294,
          -0.072429,
          0.054647,
          -0.106697,
          -0.058506,
          -0.01239,
          -0.160832,
          -0.043793,
          -0.049922,
          -0.057039,
          -0.05332,
          0.048506,
          0.023083,
          0.035186,
          -0.140632,
          0.045811,
          0.108369,
          0.143656,
          0.002461,
          0.108428,
          -0.118203,
          -0.081316,
          0.034848,
          -0.202464,
          0.063148,
          -0.002672,
          -0.206357,
          -0.086771,
          -0.032032,
          0.076795,
          -0.00522,
          0.050211,
          0.099476,
          -0.110779,
          0.128998,
          -0.145323,
          0.060234,
          0.108827,
          -0.061897,
          -0.150182,
          0.058407,
          -0.140513,
          -0.109782,
          -0.025431,
          -0.156062,
          -0.062223,
          0.089509,
          -0.105026,
          0.079062,
          -0.063429,
          -0.147949,
          0.115455,
          -0.174619,
          0.036655,
          -0.026777,
          -0.105828,
          0.027973,
          -0.112046,
          0.0142,
          0.040818,
          -0.000327,
          -0.127031,
          0.008586,
          0.071478,
          0.168806,
          -0.12467,
          -0.218153,
          0.131728,
          0.145788,
          0.084449,
          0.055642,
          0.05762,
          0.022704,
          0.083881,
          -0.171536,
          -0.054852,
          0.126787,
          -0.212138,
          -0.176143,
          -0.035245,
          0.134539,
          -0.021194,
          0.004256,
          -0.221248,
          -0.173201,
          0.086037,
          -0.106054,
          0.1851,
          -0.22742,
          -0.160403,
          -0.143513,
          0.177831,
          -0.199791,
          0.134848,
          -0.015177,
          -0.005375,
          0.139246,
          -0.032218,
          -0.060222,
          0.09849,
          -0.196633,
          0.110535,
          0.116775,
          0.104949,
          0.022674,
          -0.212376,
          -0.175249,
          -0.146356,
          0.080109,
          -0.212019,
          0.099643,
          0.019015,
          0.056611,
          0.067504,
          0.134733,
          -0.092499,
          0.112505,
          0.178796,
          0.009608,
          -0.015575,
          0.180263,
          0.171226,
          -0.185669,
          -0.14177,
          -0.080312,
          0.054922,
          -0.090558,
          0.100346,
          0.152028,
          -0.080595,
          -0.019257,
          -0.041015,
          -0.173397,
          -0.204256,
          -0.169104,
          0.134375,
          0.032889,
          0.125696,
          0.075744,
          -0.231725,
          0.234912,
          -0.098746,
          -0.109866,
          0.184652,
          -0.024985,
          -0.105456,
          0.190717,
          0.109723,
          -0.17284,
          0.164027,
          0.074422,
          0.101929,
          0.143233,
          -0.12309,
          -0.012344,
          0.245987,
          0.038344,
          0.22966,
          -0.161327,
          0.01157,
          -0.110482,
          0.109269,
          -0.205404,
          0.142,
          0.138211,
          0.17956,
          0.124192,
          -0.091857,
          -0.115449,
          -0.034688,
          0.133336,
          -0.017306,
          -0.173485,
          0.14456,
          0.246889,
          0.176169,
          0.17049,
          -0.143312,
          -0.020879,
          -0.136999,
          -0.103209,
          -0.170012,
          0.01326,
          -0.090973,
          0.044129,
          -0.03429,
          0.056116,
          -0.000376,
          0.09709,
          0.192352,
          0.09314,
          0.165224,
          -0.074796,
          -0.150015,
          0.08159,
          -0.040301,
          0.017648,
          -0.028901,
          0.07506,
          -0.099298,
          0.193973,
          -0.075216,
          -0.121215,
          0.166071,
          -0.135857,
          0.00064,
          -0.146632,
          -0.092781,
          0.164108,
          -0.156795,
          -0.079578,
          -0.117633,
          -0.004611,
          -0.025825,
          0.006063,
          0.170626,
          -0.003704,
          -0.050468,
          -0.134303,
          -0.116372,
          -0.190771,
          0.085087,
          0.106925,
          -0.161848,
          -0.175947,
          -0.12425,
          0.080473,
          -0.036161,
          -0.162974,
          0.046327,
          0.1222,
          0.05223,
          0.183568,
          0.091219,
          -0.044597,
          0.006764,
          -0.145082,
          0.067343,
          -0.088514,
          -0.013194,
          -0.170124,
          -0.009088,
          -0.15546,
          0.216916,
          0.077856,
          -0.010183,
          -0.170515,
          -0.0125,
          0.069453,
          0.119436,
          0.141228,
          -0.224771,
          0.129026,
          0.051284,
          -0.176036,
          -0.021546,
          0.03631,
          -0.001519,
          0.02073,
          -0.189661,
          0.051459,
          -0.1814,
          -0.124137,
          0.016643,
          0.094917,
          -0.048502,
          -0.04031,
          0.10809,
          0.057831,
          0.165822,
          0.078172,
          0.030302,
          -0.189414,
          -0.214323,
          0.050733,
          0.06246,
          0.053817,
          0.117245,
          0.088119,
          0.127054,
          0.051742,
          0.065192,
          0.014779,
          -0.216002,
          -0.006521,
          0.006992,
          0.001042,
          -0.145283,
          0.221314,
          0.152038,
          0.06439,
          -0.095154,
          0.126478,
          -0.157709,
          0.043897,
          0.120288,
          0.021796,
          -0.138957,
          0.102054,
          -0.071023,
          -0.154962,
          -0.091252,
          -0.183772,
          -0.147712,
          0.110173,
          -0.136292,
          -0.263109,
          -0.002213,
          -0.197192,
          -0.172815,
          -0.104624,
          -0.216091,
          -0.193405,
          0.224866,
          0.041233,
          -0.106832,
          -0.066645,
          -0.013038,
          -0.001193,
          0.21752,
          -0.141791,
          -0.060487,
          0.161832,
          0.029392,
          0.154224,
          0.00035,
          0.14259,
          -0.170539,
          0.025329,
          0.050828,
          -0.222217,
          0.010558,
          -0.119525,
          -0.102517,
          0.03629,
          -0.040805,
          -0.138643,
          -0.05927,
          -0.010847,
          -0.039716,
          -0.051016,
          0.011024,
          0.050966,
          -0.206647,
          -0.009751,
          -0.073539,
          -0.178601,
          0.111631,
          -0.01401,
          0.062292,
          -0.196883,
          -0.189243,
          0.007968,
          0.183177,
          -0.209808,
          -0.177292,
          -0.223074,
          0.072077,
          0.047174,
          0.021873,
          -0.110016,
          -0.189576,
          -0.224814,
          0.156796,
          -0.058139,
          0.092298,
          -0.144282,
          -0.07812,
          0.167228,
          -0.068179,
          0.207294,
          0.105291,
          0.077241,
          0.174251,
          -0.016425,
          0.0291,
          -0.082808,
          0.007208,
          0.109758,
          0.118307,
          0.094497,
          -0.066771,
          0.132982,
          0.082198,
          -0.175362,
          0.082276,
          -0.194896,
          -0.18362,
          -0.052169,
          -0.15144,
          -0.111107,
          -0.017567,
          -0.061602,
          -0.231903,
          -0.040611,
          0.086557,
          -0.047299,
          -0.115842,
          0.07454,
          -0.073337,
          0.080075,
          -0.097028,
          -0.08461,
          0.121485,
          -0.004525,
          -0.151214,
          -0.039966,
          -0.105518,
          0.171803,
          -0.176414,
          0.160545,
          -0.072644,
          0.072222,
          0.097411,
          -0.208987,
          -0.042063,
          -0.126202,
          0.157002,
          0.1265,
          -0.064189,
          -0.106363,
          0.222469,
          -0.071472,
          -0.162592,
          0.167825,
          -0.147019,
          -0.081525,
          0.133618,
          0.051947,
          -0.206874,
          -0.114881,
          0.079553,
          0.192357,
          -0.085939,
          -0.109101,
          -0.205402,
          -0.091884,
          -0.006219,
          -0.111071,
          0.077213,
          0.069525,
          -0.154035,
          0.091767,
          -0.127458,
          0.067536,
          -0.049487,
          0.00124,
          -0.0754,
          -0.086257,
          0.118926,
          0.093036,
          0.070776,
          0.02017,
          -0.009012,
          0.123091,
          -0.039297,
          -0.225119,
          -0.131802,
          -0.207565,
          -0.054929,
          0.145072,
          0.040666,
          0.114367,
          0.170365,
          0.086146,
          -0.02496,
          0.191969,
          0.101874,
          -0.064189,
          -0.153392,
          -0.001836,
          0.041546,
          -0.19551,
          -0.059524,
          0.146008,
          -0.221086,
          0.028663,
          -0.048772,
          -0.088087,
          -0.067206,
          -0.119193,
          -0.004063,
          -0.269729,
          0.166488,
          0.151071,
          0.039845,
          -0.139084,
          0.145686,
          -0.120944,
          0.064692,
          0.183647,
          -0.152943,
          -0.080028,
          0.179767,
          0.066931,
          0.033049,
          0.0715,
          0.117618,
          -0.121847,
          -0.113034,
          0.109645,
          -0.045804,
          0.220345,
          -0.0479,
          0.031831,
          0.129217,
          0.07197,
          -0.051737,
          -0.139168,
          -0.12502,
          -0.077233,
          0.174665,
          0.141246,
          0.154071,
          -0.030836,
          0.155078,
          0.126176,
          -0.094534,
          0.123775,
          0.157889,
          -0.128702,
          0.137505,
          0.104142,
          -0.136282,
          -0.032727,
          -0.190973,
          0.091951,
          0.023226,
          -0.102801,
          -0.083937,
          0.204637,
          0.043858,
          -0.168682,
          -0.096188,
          -0.088412,
          -0.104168,
          0.141813,
          0.126201,
          0.016349,
          0.084785,
          0.100004,
          0.08124,
          0.198229,
          0.036772,
          0.082612,
          0.086086,
          0.15156,
          0.154413,
          0.086267,
          0.148602,
          -0.053052,
          0.049908,
          0.159085,
          0.081746,
          -0.05258,
          0.15197,
          -0.021767,
          -0.152624,
          0.110296,
          0.098691,
          -0.175477,
          0.061803,
          0.009155,
          -0.158912,
          -0.022775,
          0.143125,
          -0.143547,
          -0.007863,
          0.083386,
          0.065228,
          0.052942,
          0.019094,
          0.246163,
          0.149293,
          0.005222,
          0.21797,
          0.161652,
          0.262949,
          -0.170026,
          0.099664,
          -0.146306,
          -0.099981,
          0.08082,
          -0.143787,
          0.089167,
          0.081811,
          -0.097949,
          0.101267,
          -0.016126,
          0.127538,
          0.115869,
          0.188399,
          0.035114,
          -0.22437,
          0.207072,
          0.165458,
          -0.143939,
          -0.099306,
          -0.149033,
          -0.080704,
          0.042524,
          0.045255,
          -0.228851,
          0.050496,
          0.084026,
          -0.036322,
          0.015704,
          -0.114916,
          -0.158518,
          -0.040664,
          -0.042718,
          0.013465,
          0.024118,
          0.096667,
          -0.151377,
          0.209839,
          0.079502,
          0.154306,
          -0.037865,
          0.031892,
          -0.110431,
          0.109356,
          0.010861,
          0.248687,
          0.079553,
          0.116552,
          -0.143362,
          0.221208,
          0.108311,
          -0.19483,
          0.080226,
          -0.042362,
          0.025491,
          -0.143114,
          0.013633,
          0.101232,
          -0.141588,
          -0.097628,
          -0.006774,
          -0.043102,
          0.152649,
          0.106625,
          -0.014054,
          0.017344,
          0.096137,
          -0.103534,
          0.050067,
          0.033778,
          -0.071799,
          -0.122564,
          -0.277608,
          -0.20749,
          -0.169956,
          0.108221,
          0.093707,
          0.017682,
          0.234952,
          0.067924,
          0.052857,
          -0.085634,
          0.053744,
          -0.154623,
          0.128128,
          0.084775,
          -0.146796,
          0.036554,
          0.220908,
          0.151035,
          0.082564,
          -0.187106,
          -0.141498,
          -0.115574,
          -0.216015,
          -0.084844,
          -0.025015,
          0.110423,
          -0.194685,
          -0.196158,
          0.070183,
          -0.16764,
          -0.065192,
          -0.115906,
          0.116694,
          -0.075878,
          0.128919,
          -0.103196,
          -0.041645,
          -0.138329,
          -0.148638,
          0.050797,
          0.118484,
          0.068798,
          0.033873,
          -0.031303,
          0.235403,
          -0.222401,
          0.005431,
          -0.169727,
          -0.06749,
          0.178858,
          0.040469,
          0.068384,
          -0.129702,
          0.151918,
          -0.082909,
          -0.238668,
          0.0754,
          0.12731,
          -0.066654,
          0.197172,
          0.166867,
          0.14917,
          -0.125647,
          -0.188983,
          0.080537,
          0.069591,
          -0.121081,
          -0.05322,
          0.05454,
          0.07051,
          0.06208,
          0.031402,
          0.080978,
          0.026189,
          -0.141867,
          -0.127042,
          0.143984,
          -0.195015,
          -0.079791,
          -0.011159,
          -0.110636,
          0.024761,
          0.012596,
          -0.025809,
          0.00831,
          0.165496,
          0.097296,
          0.003931,
          0.069669,
          0.155595,
          -0.085