# Chunk number: 14 of 37

.193817,
      -0.007666,
      -0.156606,
      0.075837,
      -0.156364,
      -0.130088,
      -0.059558,
      0.020053,
      -0.08563,
      0.008949,
      0.118826,
      -0.058385,
      -0.16531,
      -0.044323,
      0.170283,
      -0.10693,
      -0.148126,
      0.16043,
      0.038861,
      0.006257,
      -0.131769,
      -0.014561,
      0.114,
      0.058331,
      0.165644,
      0.093679,
      -0.130976,
      -0.128345,
      -0.007605,
      0.028085,
      -0.072502,
      -0.123068,
      -0.238834,
      -0.068738,
      -0.11615,
      0.06377,
      -0.19479,
      -0.16615,
      -0.141959,
      -0.17418,
      -0.020425,
      0.038593,
      0.118944,
      -0.036465,
      -0.117564,
      -0.11588,
      0.006487,
      -0.080034,
      -0.031553,
      0.091995,
      -0.031829,
      0.004486,
      -0.078515,
      -0.084784,
      0.103048,
      0.142467,
      0.103445,
      0.095303,
      -0.106548,
      -0.109189,
      -0.055305,
      0.084275,
      -0.032585,
      -0.148119,
      -0.124598,
      -0.101746,
      -0.097418,
      0.108454,
      -0.146386,
      -0.108943,
      -0.069337,
      -0.099334,
      -0.086037,
      0.116542,
      0.177159,
      -0.105579,
      -0.052738,
      -0.071339,
      0.121065,
      0.053884,
      -0.051706,
      0.059356,
      0.094732,
      -0.034349,
      -0.101802,
      -0.029042,
      0.081144,
      0.098791,
      0.044956,
      0.165901,
      -0.052551,
      -0.044237,
      -0.048965,
      0.205084,
      -0.035259,
      -0.074473,
      -0.025749,
      -0.073317,
      -0.053787,
      0.138237,
      -0.090841,
      -0.01684,
      -0.039251,
      -0.089483,
      0.033307,
      0.169568,
      0.233653,
      -0.119396,
      0.011634,
      -0.042096,
      0.127305,
      0.10421,
      0.011728,
      0.036416,
      0.149808,
      0.000137,
      -0.020663,
      0.019739,
      0.02997,
      0.045058,
      -0.015798,
      0.144776,
      -0.074247,
      -0.035143,
      -0.108246,
      0.191792,
      -0.086201,
      -0.0672,
      0.003674,
      -0.085541,
      -0.067462,
      0.159858,
      -0.080034,
      -0.025779,
      -0.040558,
      -0.077162,
      0.015753,
      0.140072,
      0.218827,
      -0.141289,
      -0.010896,
      -0.052231,
      0.113835,
      0.092849,
      -0.044556,
      0.000527,
      0.164927,
      -0.078413,
      -0.055356,
      0.007324,
      -0.003734,
      -0.020148,
      -0.026216,
      0.089727,
      -0.099071,
      -0.036622,
      -0.123045,
      0.175379,
      -0.148516,
      -0.071007,
      0.000824,
      -0.111727,
      -0.043153,
      0.171026,
      -0.082478,
      -0.057232,
      -0.084171,
      -0.106557,
      0.035822,
      0.095496,
      0.199621,
      -0.089755,
      -0.03012,
      -0.061758,
      0.038218,
      0.061875,
      -0.059549,
      -0.010543,
      0.137136,
      -0.143115,
      -0.050419,
      -0.04374,
      0.023372,
      -0.003922,
      -0.014063,
      0.152149,
      -0.072833,
      0.041715,
      -0.107455,
      0.195422,
      -0.146611,
      0.001727,
      0.032348,
      -0.051554,
      -0.006448,
      0.252012,
      -0.020954,
      -0.055167,
      -0.04469,
      -0.058071,
      0.077635,
      0.137301,
      0.213015,
      -0.042374,
      -0.024903,
      -0.018937,
      0.036918,
      0.089148,
      -0.033995,
      0.020283,
      0.190093,
      -0.164308,
      -0.042518,
      -0.004482,
      0.010445,
      -0.01053,
      0.008358,
      0.139574,
      -0.076553,
      0.03605,
      -0.085303,
      0.188198,
      -0.17294,
      0.014924,
      0.018603,
      -0.033926,
      0.011161,
      0.283185,
      -0.003717,
      -0.063274,
      -0.03835,
      -0.033761,
      0.084437,
      0.112093,
      0.229175,
      -0.017242,
      -0.063143,
      0.001108,
      0.027308,
      0.095438,
      -0.060235,
      0.057623,
      0.197591,
      -0.203362,
      -0.070406,
      -0.032292,
      -0.210502,
      0.133949,
      -0.099704,
      -0.214798,
      -0.039131,
      0.202438,
      -0.084326,
      -0.080499,
      -0.185384,
      0.23088,
      0.304374,
      0.071751,
      0.123568,
      0.017253,
      -0.204089,
      -0.185933,
      -0.29734,
      0.096466,
      -0.045825,
      0.088539,
      -0.136983,
      -0.100655,
      -0.305748,
      -0.12353,
      0.058483,
      0.246633,
      0.286732,
      -0.121927,
      0.255874,
      -0.011227,
      -0.234211,
      -0.255555,
      -0.06334,
      -0.163748,
      -0.165633,
      -0.24047,
      0.085314,
      -0.106813,
      0.055258,
      -0.125314,
      -0.182776,
      0.046874,
      0.179704,
      -0.188797,
      -0.063591,
      -0.079907,
      -0.25679,
      -0.231195,
      0.206858,
      -0.300542,
      0.18091,
      -0.061152,
      0.289026,
      -0.227674,
      -0.182328,
      0.23847,
      -0.167971,
      -0.094836,
      0.210702,
      -0.226282,
      -0.21991,
      -0.182521,
      0.118768,
      -0.176426,
      0.222753,
      -0.123077,
      0.241896,
      0.106901,
      -0.017075,
      0.067754,
      0.060347,
      0.193372,
      0.224186,
      0.132461,
      -0.276448,
      -0.295149,
      -0.141604,
      -0.091584,
      -0.262382,
      -0.001527,
      0.12837,
      -0.08792,
      0.236388,
      0.249767,
      -0.0387,
      0.230981,
      -0.0753,
      0.261485,
      -0.262942,
      0.202621,
      -0.270111,
      -0.161695,
      -0.238897,
      0.114482,
      0.258612,
      -0.202169,
      -0.277279,
      0.290039,
      0.000307,
      0.041665,
      0.101734,
      -0.159467,
      -0.005007,
      0.142165,
      -0.01203,
      -0.285177,
      0.215118,
      -0.198163,
      0.287841,
      0.051243,
      -0.150881,
      0.125605,
      0.246535,
      0.164088,
      0.290085,
      -0.213222,
      0.273603,
      0.118338,
      -0.014813,
      0.296495,
      -0.001751,
      0.24367,
      0.208643,
      0.266851,
      0.038623,
      -0.271774,
      0.206473,
      -0.073022,
      -0.224825,
      0.289682,
      0.188606,
      -0.181499,
      -0.254112,
      -0.301788,
      -0.173664,
      -0.221856,
      0.125345,
      0.004413,
      -0.147164,
      -0.045978,
      -0.070531,
      -0.042878,
      0.227194,
      0.096982,
      0.250894,
      0.085475,
      -0.008408,
      0.236418,
      0.2369,
      -0.089657,
      -0.085768,
      -0.160029,
      0.008936,
      0.020138,
      -0.072522,
      -0.132106,
      0.133798,
      -0.064238,
      0.085316,
      0.274059,
      -0.20873,
      -0.218838,
      0.04254,
      0.0302,
      -0.034029,
      0.093504,
      -0.076864,
      -0.217298,
      0.001688,
      0.223849,
      0.109336,
      -0.150273,
      0.185183,
      -0.206484,
      -0.266837,
      -0.145924,
      -0.109095,
      0.025174,
      -0.205257,
      -0.278594,
      0.295847,
      -0.218754,
      -0.248319,
      -0.300353,
      0.004533,
      0.031868,
      0.003784,
      -0.303657,
      0.233834,
      -0.139461,
      -0.060124,
      -0.004975,
      -0.214035,
      -0.066727,
      0.224565,
      -0.188337,
      0.064156,
      0.269859,
      -0.187201,
      -0.2315,
      0.086765,
      -0.239422,
      0.187586,
      -0.218895,
      -0.281081,
      0.090907,
      0.032925,
      -0.298516,
      0.255072,
      0.135003,
      0.205525,
      0.137855,
      0.277937,
      -0.054366,
      0.234034,
      -0.09421,
      0.037371,
      0.169879,
      0.290918,
      -0.298095,
      -0.137272,
      -0.106487,
      -0.170269,
      0.301258,
      -0.078943,
      0.233532,
      0.060809,
      -0.251958,
      -0.139119,
      -0.204277,
      -0.073387,
      0.107778,
      0.06038,
      0.178959,
      0.209093,
      -0.0513,
      -0.023915,
      0.171862,
      -0.154546,
      -0.107659,
      0.282476,
      -0.27162,
      -0.007924,
      0.009968,
      0.142849,
      -0.118592,
      -0.048691,
      -0.147525,
      0.208668,
      0.302489,
      0.075041,
      0.304809,
      0.126115,
      0.208632,
      0.301158,
      -0.01839,
      -0.234824,
      -0.142206,
      -0.075089,
      -0.232428,
      -0.303796,
      0.192781,
      -0.29287,
      0.023925,
      -0.144286,
      0.065154,
      0.227255,
      -0.130302,
      -0.001008,
      -0.154383,
      -0.281234,
      0.115466,
      0.092314,
      -0.251477,
      -0.168044,
      0.048262,
      0.013108,
      -0.147071,
      -0.153324,
      0.148514,
      -0.12027,
      -0.013099,
      0.273795,
      0.039653,
      0.242262,
      -0.235099,
      -0.09787,
      -0.015244,
      0.149319,
      -0.147909,
      0.140306,
      0.252641,
      -0.208785,
      -0.159276,
      -0.010733,
      0.180923,
      -0.198074,
      -0.145048,
      0.160537,
      0.087248,
      -0.237481,
      0.266459,
      -0.044574,
      0.142755,
      -0.16369,
      0.142785,
      0.263964,
      -0.03572,
      -0.033744,
      0.234832,
      -0.103124,
      -0.071499,
      0.0047,
      -0.210608,
      0.300742,
      -0.141844,
      0.217667,
      0.269726,
      -0.094575,
      0.108396,
      -0.248055,
      -0.043387,
      0.100157,
      0.065139,
      -0.117533,
      -0.190255,
      -0.014502,
      -0.299201,
      0.079262,
      -0.302567,
      -0.211157,
      0.103016,
      0.116604,
      -0.168086,
      0.134026,
      0.077059,
      0.063645,
      0.154241,
      0.246452,
      0.233844,
      0.23487,
      0.218057,
      0.061343,
      -0.200745,
      -0.237678,
      0.260972,
      -0.088374,
      -0.076252,
      -0.258996,
      -0.10212,
      0.033646,
      -0.134067,
      -0.23632,
      0.24722,
      -0.052315,
      0.066864,
      -0.087759,
      -0.102526,
      -0.210669,
      0.025849,
      -0.103141,
      0.155491,
      0.116959,
      0.244021,
      -0.155274,
      -0.077783,
      -0.281379,
      0.276192,
      -0.285951,
      -0.134847,
      0.118665,
      0.046295,
      0.060637,
      -0.222141,
      -0.297862,
      0.229047,
      0.079581,
      0.002033,
      -0.009609,
      -0.115693,
      0.026083,
      0.025906,
      -0.251748,
      -0.009429,
      -0.087851,
      -0.129473,
      -0.178855,
      0.279941,
      0.144978,
      0.015738,
      0.029907,
      -0.140229,
      0.057046,
      0.052925,
      -0.003503,
      0.27278,
      0.218765,
      0.21815,
      0.222538,
      -0.021613,
      -0.222312,
      0.244479,
      0.016321,
      -0.300359,
      0.263658,
      -0.085643,
      -0.226832,
      0.226296,
      -0.181811,
      -0.21322,
      0.063667,
      -0.073506,
      -0.172296,
      0.201656,
      -0.22509,
      0.276301,
      0.232999,
      -0.067877,
      0.085574,
      0.115106,
      0.157996,
      0.277524,
      0.156249,
      0.050454,
      -0.228348,
      -0.022224,
      0.090482,
      -0.010552,
      0.081533,
      0.085387,
      -0.165416,
      0.120521,
      0.302838,
      -0.195059,
      0.167851,
      0.003383,
      -0.199345,
      -0.05317,
      0.025953,
      0.279331,
      0.184547,
      0.293362,
      0.014517,
      -0.079609,
      0.09585,
      -0.135029,
      0.213127,
      -0.110477,
      0.197535,
      0.063575,
      0.047654,
      -0.203292,
      0.037614,
      0.032051,
      -0.279146,
      0.233415,
      -0.245279,
      0.098238,
      0.173871,
      -0.155617,
      -0.229953,
      -0.267061,
      -0.090572,
      -0.005585,
      0.193768,
      -0.289167,
      -0.297517,
      0.269822,
      0.234736,
      -0.039862,
      0.041952,
      -0.031902,
      0.164781,
      -0.21387,
      -0.019147,
      -0.083609,
      -0.226703,
      -0.228308,
      -0.270486,
      0.257476,
      0.0276,
      -0.15436,
      -0.240614,
      0.302152,
      0.021325,
      -0.0933,
      -0.103238,
      -0.084432,
      0.208015,
      0.158302,
      0.088641,
      -0.271803,
      0.251486,
      0.013809,
      0.225124,
      -0.085454,
      0.052809,
      -0.177745,
      -0.213887,
      0.257132,
      -0.079263,
      -0.172819,
      -0.09885,
      0.132905,
      0.230056,
      -0.241675,
      0.143957,
      -0.272373,
      -0.203283,
      -0.128553,
      0.15184,
      0.203798
    ],
    "blocks": [
      {
        "ln1Gamma": [
          0.861343,
          0.832048,
          0.803209,
          0.880424,
          0.906654,
          0.871533,
          0.847314,
          0.835482,
          0.902429,
          0.855822,
          0.849525,
          0.939425,
          0.917311,
          0.926936,
          0.800374,
          0.874635,
          0.912633,
          0.87232,
          0.850753,
          0.905501,
          1.031215,
          0.869655,
          0.840216,
          0.871228,
          0.860606,
          0.896219,
          0.918581,
          0.859719,
          0.882668,
          0.924164,
          0.841135,
          0.837379
        ],
        "ln1Beta": [
          0.009656,
          -0.016246,
          -0.008069,
          0.031784,
          0.020673,
          0.009863,
          0.003108,
          0.01126,
          -0.006138,
          -0.008694,
          -0.015748,
          0.074416,
          0.020482,
          0.013364,
          -0.007545,
          -0.017795,
          0.007436,
          -0.020198,
          -0.013357,
          0.005418,
          0.022229,
          0.000223,
          0.050313,
          -0.040327,
          -0.00449,
          -0.035936,
          -0.025592,
          0.052056,
          0.021401,
          -0.012697,
          -0.065684,
          -0.012658
        ],
        "wQ": [
          0.027415,
          0.02308,
          0.079299,
          0.027238,
          -0.203814,
          0.155522,
          -0.061238,
          0.175054,
          0.159577,
          -0.022735,
          -0.080082,
          0.221979,
          0.155892,
          -0.139238,
          -0.101471,
          -0.021446,
          0.098167,
          0.04199,
          -0.141112,
          -0.03302,
          0.273402,
          -0.222175,
          0.123538,
          -0.265715,
          -0.078403,
          -0.196808,
          -0.10687,
          0.106062,
          0.176375,
          -0.101905,
          -0.121686,
          0.282693,
          -0.075014,
          0.007205,
          -0.092978,
          0.063741,
          -0.139777,
          -0.131929,
          0.079623,
          0.023138,
          -0.005616,
          -0.026086,
          -0.02766,
          -0.05466,
          0.049846,
          0.208627,
          -0.042695,
          -0.101654,
          -0.065613,
          0.009661,
          -0.302012,
          0.172125,
          0.133322,
          0.060318,
          0.265991,
          -0.131883,
          0.244041,
          -0.040548,
          0.180225,
          -0.218644,
          -0.116586,
          -0.164015,
          -0.071528,
          0.059757,
          -0.017302,
          0.228205,
          -0.249926,
          0.129296,
          0.200552,
          0.008178,
          0.188809,
          -0.14885,
          0.0746,
          0.224593,
          -0.285211,
          0.254922,
          0.095087,
          0.249552,
          0.026562,
          0.0334,
          0.041179,
          0.077777,
          0.009396,
          0.145348,
          -0.141557,
          0.074561,
          0.131837,
          0.125028,
          0.299093,
          0.395985,
          0.063109,
          -0.226114,
          -0.13309,
          -0.110167,
          0.065133,
          0.003223,
          0.151866,
          0.216552,
          -0.13657,
          0.062852,
          0.16038,
          -0.062432,
          0.022478,
          -0.215562,
          0.113702,
          0.090833,
          0.035315,
          -0.203161,
          -0.236468,
          0.066214,
          -0.03206,
          -0.040829,
          0.074317,
          0.155444,
          -0.187787,
          0.335421,
          -0.117053,
          -0.116371,
          0.177167,
          -0.020959,
          -0.360102,
          0.159875,
          0.144168,
          -0.128628,
          0.245905,
          -0.207367,
          -0.0123,
          0.135393,
          -0.138279,
          -0.23435,
          -0.046008,
          -0.021569,
          -0.149244,
          -0.09989,
          -0.082955,
          -0.187288,
          -0.153524,
          0.200463,
          -0.017087,
          0.192058,
          -0.174816,
          -0.086015,
          -0.040547,
          -0.07418,
          0.096508,
          0.117204,
          -0.05462,
          0.097519,
          -0.121797,
          -0.013106,
          0.217707,
          -0.04416,
          -0.014695,
          0.01371,
          0.068984,
          0.009124,
          -0.246632,
          -0.039549,
          -0.024273,
          0.069395,
          -0.029477,
          -0.000348,
          -0.201136,
          0.004191,
          -0.157794,
          -0.411404,
          0.03619,
          -0.121971,
          -0.076824,
          -0.031393,
          0.016888,
          -0.055569,
          0.113706,
          0.274287,
          0.207532,
          -0.044127,
          -0.052341,
          0.118467,
          -0.097785,
          0.119804,
          -0.035831,
          -0.151269,
          -0.133498,
          0.082519,
          0.076785,
          -0.102113,
          -0.200118,
          0.056087,
          0.110783,
          -0.104364,
          0.102943,
          0.212718,
          -0.050275,
          -0.083067,
          -0.060972,
          0.016173,
          -0.181211,
          -0.021168,
          0.057593,
          0.246754,
          -0.038959,
          0.106493,
          -0.010158,
          0.182495,
          0.038211,
          -0.12759,
          0.086451,
          0.116439,
          0.152199,
          -0.074842,
          0.311634,
          -0.101921,
          -0.004676,
          0.149765,
          -0.086152,
          0.036795,
          -0.153989,
          -0.127706,
          0.070009,
          0.397955,
          -0.038062,
          0.144964,
          0.008396,
          0.100428,
          -0.006225,
          -0.061527,
          -0.055561,
          -0.343445,
          0.027204,
          0.029251,
          -0.107258,
          0.02355,
          0.344911,
          0.106673,
          -0.035975,
          0.202533,
          0.222559,
          0.061741,
          0.011909,
          -0.036411,
          -0.210003,
          -0.097988,
          -0.167756,
          -0.209934,
          0.251038,
          -0.081057,
          -0.183934,
          -0.073772,
          0.091653,
          -0.096312,
          -0.151103,
          -0.402988,
          -0.059264,
          0.378648,
          -0.221692,
          0.046357,
          -0.043602,
          -0.062456,
          -0.036183,
          0.240204,
          -0.350371,
          -0.002033,
          0.085472,
          0.270695,
          -0.181615,
          -0.172491,
          0.043733,
          0.146618,
          0.018317,
          0.127456,
          0.072045,
          0.198836,
          0.218865,
          -0.051654,
          0.143225,
          -0.131569,
          -0.045435,
          -0.25609,
          0.086498,
          0.059983,
          0.179665,
          0.139609,
          -0.239251,
          0.105009,
          -0.117519,
          0.009,
          0.240667,
          0.012006,
          -0.093693,
          0.11106,
          0.118232,
          0.04507,
          0.05512,
          0.163695,
          0.277623,
          0.123507,
          -0.001288,
          0.127918,
          -0.119266,
          0.106781,
          0.11955,
          -0.16178,
          0.032538,
          0.091984,
          -0.108318,
          0.117486,
          0.103062,
          0.171112,
          0.003619,
          -0.129985,
          0.107255,
          0.099406,
          -0.076681,
          0.095197,
          -0.064442,
          0.182244,
          0.143404,
          -0.021486,
          0.069981,
          0.09898,
          0.150867,
          0.163964,
          -0.054982,
          -0.108153,
          -0.068022,
          0.087752,
          -0.08654,
          -0.153307,
          0.245073,
          0.087959,
          0.056735,
          0.038385,
          -0.229105,
          0.151359,
          0.087104,
          0.056726,
          -0.015957,
          -0.23533,
          -0.018948,
          0.039759,
          -0.021607,
          -0.121298,
          0.038259,
          0.188522,
          0.091775,
          0.140854,
          -0.169468,
          -0.247555,
          -0.092419,
          -0.303889,
          -0.177799,
          -0.035019,
          0.226978,
          0.055034,
          -0.114007,
          -0.112074,
          -0.113933,
          0.12873,
          -0.037354,
          0.134257,
          0.119406,
          0.163079,
          0.199837,
          -0.007589,
          -0.217369,
          0.120122,
          -0.00022,
          -0.037364,
          -0.019467,
          -0.140268,
          0.189257,
          -0.002274,
          -0.110341,
          0.088657,
          -0.225393,
          0.215806,
          0.305636,
          0.153692,
          -0.193587,
          -0.213573,
          -0.246337,
          -0.098693,
          -0.237817,
          -0.154504,
          0.228732,
          -0.047948,
          0.228351,
          -0.094088,
          -0.005661,
          -0.135586,
          0.112776,
          0.059917,
          0.032208,
          -0.105249,
          0.193796,
          0.091485,
          -0.124936,
          -0.176767,
          0.114204,
          0.040482,
          0.050396,
          0.233906,
          0.080598,
          0.148749,
          0.018905,
          -0.290916,
          0.020953,
          0.087,
          -0.257488,
          0.189585,
          -0.07234,
          -0.078241,
          0.109062,
          -0.134429,
          -0.022746,
          -0.130129,
          0.23106,
          0.060472,
          0.132971,
          -0.332788,
          0.278457,
          0.076385,
          -0.165637,
          -0.26833,
          0.112052,
          0.08212,
          0.303522,
          -0.162702,
          0.030645,
          -0.004154,
          -0.131438,
          0.056614,
          -0.042965,
          -0.166913,
          0.068788,
          -0.194085,
          -0.080911,
          0.204428,
          -0.230773,
          -0.043092,
          -0.149996,
          0.118932,
          0.027055,
          -0.173993,
          0.041023,
          0.366416,
          0.106239,
          0.087313,
          -0.111731,
          0.041063,
          0.086131,
          -0.021634,
          -0.066968,
          -0.102315,
          -0.019625,
          -0.184075,
          0.037687,
          0.043034,
          -0.066144,
          -0.130522,
          0.008202,
          -0.195108,
          0.08117,
          -0.181423,
          0.050925,
          0.117561,
          -0.071625,
          0.12016,
          -0.310461,
          0.053698,
          0.006977,
          0.006106,
          0.021205,
          -0.060376,
          -0.01196,
          0.183251,
          -0.242997,
          0.121271,
          -0.186764,
          0.091944,
          -0.021881,
          -0.037916,
          0.124374,
          0.18336,
          -0.149813,
          -0.01895,
          0.344456,
          -0.086935,
          -0.302648,
          -0.005472,
          -0.100328,
          0.094008,
          0.093118,
          0.135336,
          -0.113269,
          0.101605,
          0.068497,
          0.168812,
          0.093981,
          -0.013372,
          -0.222266,
          0.104725,
          -0.069894,
          0.020197,
          -0.010661,
          0.120288,
          0.200636,
          0.117791,
          0.265274,
          0.077186,
          0.290461,
          0.201761,
          0.261532,
          0.184621,
          0.173626,
          0.15875,
          -0.119062,
          -0.142523,
          0.358643,
          -0.30795,
          -0.033337,
          0.085509,
          0.075692,
          0.133592,
          -0.195448,
          0.236434,
          -0.027946,
          0.211394,
          0.146222,
          -0.149658,
          -0.240588,
          -0.087653,
          0.129457,
          -0.172727,
          -0.121021,
          -0.029233,
          0.032325,
          -0.073819,
          -0.162842,
          0.166893,
          0.032074,
          0.344889,
          0.10446,
          -0.31003,
          0.108143,
          0.275651,
          -0.150599,
          0.131848,
          0.105878,
          -0.05604,
          -0.051089,
          0.153466,
          0.106085,
          -0.059384,
          -0.146852,
          -0.011861,
          0.193554,
          -0.13504,
          0.145746,
          -0.136884,
          0.130037,
          0.155582,
          -0.038256,
          -0.157097,
          0.175735,
          -0.090354,
          0.210986,
          -0.24244,
          0.18426,
          -0.156753,
          0.150405,
          0.01382,
          -0.024185,
          -0.033634,
          0.073692,
          0.183421,
          0.05471,
          -0.187114,
          -0.318311,
          -0.038033,
          0.238577,
          -0.248276,
          -0.225967,
          -0.053736,
          -0.17469,
          0.083296,
          0.26224,
          -0.148921,
          -0.056171,
          0.200225,
          0.010413,
          -0.062331,
          0.008094,
          -0.135203,
          -0.174474,
          -0.035075,
          0.071864,
          0.218214,
          0.091264,
          -0.186977,
          0.031939,
          -0.093114,
          0.134278,
          -0.241046,
          -0.268251,
          0.003492,
          0.031745,
          -0.18127,
          0.289675,
          0.206831,
          0.121278,
          0.238927,
          -0.11238,
          0.034911,
          0.111622,
          0.182001,
          0.072783,
          -0.120612,
          0.172942,
          -0.086051,
          0.067414,
          -0.073916,
          -0.132555,
          0.011168,
          0.182034,
          0.017882,
          0.296073,
          -0.172919,
          0.00171,
          0.053647,
          0.120213,
          -0.128297,
          0.175015,
          -0.097988,
          0.035421,
          -0.208386,
          -0.123243,
          -0.057695,
          -0.208719,
          -0.136599,
          0.293192,
          0.112407,
          -0.105333,
          -0.20509,
          0.051126,
          0.009661,
          -0.249055,
          -0.044928,
          0.371446,
          -0.019897,
          0.173053,
          0.18565,
          0.103864,
          0.167991,
          -0.164958,
          -0.150871,
          -0.094067,
          0.064606,
          -0.166348,
          0.259281,
          0.084674,
          -0.082005,
          -0.3067,
          -0.001843,
          -0.197544,
          -0.203999,
          -0.323558,
          -0.387962,
          0.249444,
          -0.058309,
          -0.391113,
          0.08719,
          -0.026057,
          -0.084002,
          0.0701,
          -0.198276,
          -0.112395,
          0.027133,
          -0.067085,
          -0.163112,
          -0.244779,
          0.064454,
          0.073806,
          -0.231462,
          -0.243538,
          -0.054548,
          0.148825,
          0.091144,
          0.174842,
          0.016134,
          -0.030286,
          0.001431,
          -0.068074,
          0.070999,
          0.224202,
          -0.192637,
          -0.088845,
          -0.226741,
          0.331896,
          0.246297,
          -0.017374,
          -0.205766,
          0.131234,
          -0.107369,
          0.064644,
          0.067496,
          -0.199156,
          0.229155,
          -0.030193,
          -0.095652,
          0.026803,
          0.28515,
          -0.091562,
          -0.05098,
          -0.090503,
          0.125098,
          0.026503,
          0.107507,
          0.021294,
          -0.021698,
          0.132087,
          -0.033012,
          -0.060626,
          0.042987,
          -0.086628,
          0.146088,
          -0.052984,
          -0.096666,
          -0.044123,
          -0.074259,
          0.09925,
          0.265713,
          -0.282127,
          0.213517,
          -0.107202,
          -0.021595,
          -0.179092,
          -0.414432,
          -0.118952,
          -0.103457,
          -0.122898,
          0.034672,
          0.078367,
          0.070528,
          -0.203314,
          0.295365,
          0.096324,
          0.141952,
          -0.247093,
          0.045592,
          -0.039717,
          -0.00498,
          -0.062767,
          -0.258511,
          0.238571,
          -0.092517,
          -0.036404,
          0.339525,
          -0.197449,
          0.188574,
          0.090902,
          -0.154563,
          0.058266,
          0.090997,
          -0.283619,
          0.106237,
          -0.159939,
          0.081563,
          0.025891,
          -0.024526,
          -0.101165,
          -0.006981,
          -0.141177,
          -0.086041,
          -0.096787,
          0.124193,
          -0.161755,
          0.161891,
          0.161677,
          -0.243274,
          -0.282842,
          -0.224801,
          0.066614,
          0.129048,
          0.217541,
          0.064464,
          0.233637,
          0.018447,
          -0.038815,
          -0.011793,
          0.136186,
          -0.031569,
          -0.090704,
          0.093855,
          0.093525,
          0.237504,
          -0.188852,
          -0.231054,
          -0.202505,
          -0.080375,
          0.096802,
          0.100455,
          -0.37261,
          -0.031187,
          0.205593,
          -0.042901,
          -0.182045,
          0.159381,
          -0.001952,
          -0.014328,
          0.036608,
          -0.214327,
          0.02197,
          0.15969,
          0.295369,
          0.144265,
          -0.043035,
          -0.299466,
          0.076562,
          -0.065786,
          0.046474,
          -0.120233,
          0.105912,
          0.222344,
          0.155641,
          -0.051041,
          -0.088487,
          -0.126046,
          -0.003075,
          -0.215253,
          0.112661,
          0.146721,
          0.036154,
          -0.033785,
          -0.246882,
          0.107551,
          0.013213,
          -0.056415,
          0.032132,
          0.201568,
          -0.107473,
          0.159296,
          -0.156393,
          0.164871,
          -0.009143,
          -0.240439,
          -0.023449,
          0.088789,
          0.208185,
          -0.01189,
          0.079373,
          -0.045305,
          0.015616,
          0.199573,
          -0.166557,
          -0.024841,
          0.120254,
          0.06764,
          0.063717,
          0.420303,
          -0.11074,
          0.212983,
          -0.104709,
          0.084196,
          0.160366,
          0.045681,
          -0.226961,
          0.102748,
          0.240826,
          0.066264,
          0.055163,
          0.183956,
          -0.016345,
          0.050343,
          0.241261,
          -0.14436,
          0.05224,
          0.256859,
          -0.237232,
          -0.064515,
          -0.02776,
          0.147565,
          -0.244367,
          0.236406,
          0.181909,
          0.036507,
          -0.141753,
          -0.20993,
          0.027285,
          0.009313,
          -0.046562,
          -0.24094,
          -0.008251,
          -0.126478,
          -0.296394,
          -0.226338,
          0.181901,
          -0.1537,
          0.009349,
          -0.089628,
          0.170481,
          -0.048167,
          0.028997,
          0.09192,
          -0.091294,
          0.07375,
          0.293739,
          0.10526,
          0.196898,
          -0.020589,
          -0.139182,
          0.009495,
          0.220522,
          -0.004133,
          -0.074816,
          0.131256,
          -0.167922,
          0.273925,
          -0.205173,
          -0.138473,
          -0.060531,
          0.063751,
          -0.003628,
          0.174974,
          0.229522,
          0.21721,
          0.189217,
          -0.086954,
          -0.0661,
          0.032184,
          -0.064406,
          -0.073366,
          -0.048852,
          -0.194462,
          -0.119497,
          0.126418,
          -0.172786,
          -0.139136,
          -0.234963,
          -0.058515,
          0.230148,
          -0.023514,
          0.30599,
          0.187266,
          0.226386,
          -0.087831,
          0.208575,
          -0.152113,
          -0.179157,
          -0.167667,
          0.242436,
          0.078235,
          0.335756,
          -0.074872,
          -0.144566,
          0.253277,
          -0.106412,
          -0.017596,
          0.165914,
          0.113186,
          0.033189,
          0.100905,
          0.033292,
          0.310802,
          -0.227892,
          0.015104,
          0.276319,
          -0.290339,
          -0.095022,
          0.149365,
          -0.092073,
          -0.130439,
          -0.303373,
          0.014916,
          -0.098936,
          0.018367,
          0.111009,
          0.050612,
          0.035752,
          0.071784,
          -0.146195,
          -0.237683,
          0.143696,
          0.224866,
          0.078765,
          0.035498,
          -0.134292,
          0.094798,
          0.079118,
          -0.049236,
          0.07955,
          0.300929,
          0.075397,
          -0.195417,
          -0.055031,
          -0.053411,
          -0.092483,
          0.219222,
          0.174513,
          0.066592,
          -0.097289,
          0.199054,
          -0.004274,
          0.132749,
          -0.218688,
          0.17229,
          -0.201665,
          0.108096,
          -0.020303,
          0.064222,
          0.040894,
          -0.083791,
          0.144259,
          0.117758,
          -0.007329,
          -0.079109,
          -0.097642,
          -0.148957,
          0.202382,
          -0.046407,
          -0.25635,
          0.066983,
          -0.178061,
          0.08662
        ],
        "bQ": [
          0.001496,
          0.132701,
          -0.032758,
          -0.113611,
          0.107212,
          0.006458,
          -0.111698,
          0.04108,
          0.247196,
          -0.063595,
          0.224798,
          -0.033913,
          0.049913,
          -0.007754,
          -0.202465,
          0.06254,
          -0.081636,
          -0.15516,
          -0.073303,
          0.194834,
          0.122747,
          0.081381,
          -0.117688,
          -0.1617,
          -0.083328,
          0.008856,
          0.016854,
          -0.349784,
          0.266515,
          0.181341,
          -0.141948,
          0.050103
        ],
        "wK": [
          -0.215233,
          -0.203901,
          0.241534,
          0.270545,
          -0.33635,
          -0.049347,
          0.178178,
          0.052257,
          0.080719,
          0.1482,
          -0.402086,
          -0.09645,
          -0.041234,
          0.000946,
          0.161881,
          -0.121245,
          -0.096718,
          -0.177286,
          0.029998,
          -0.129958,
          -0.061129,
          -0.308033,
          0.233435,
          0.182433,
          0.405682,
          0.093358,
          0.119005,
          0.34308,
          -0.003767,
          -0.016692,
          0.142195,
          -0.140115,
          -0.065361,
          -0.185765,
          -0.171754,
          0.097481,
          -0.096219,
          0.091596,
          0.205142,
          0.130195,
          0.24083,
          -0.166536,
          0.133687,
          -0.149328,
          -0.085417,
          0.015742,
          -0.025055,
          0.185636,
          0.157283,
          0.074757,
          0.15076,
          0.156248,
          0.188899,
          0.280126,
          0.099501,
          0.14331,
          0.103115,
          -0.003846,
          -0.275245,
          -0.03122,
          -0.084219,
          0.169692,
          -0.132943,
          0.056739,
          -0.153662,
          0.107582,
          -0.124605,
          -0.278331,
          -0.194786,
          -0.243891,
          0.182022,
          0.133586,
          -0.063678,
          -0.165859,
          0.222012,
          0.094765,
          -0.149281,
          -0.047162,
          -0.230207,
          0.091454,
          0.234367,
          0.079045,
          0.074982,
          0.066484,
          0.041601,
          -0.022958,
          -0.049214,
          -0.016887,
          0.045947,
          -0.146108,
          0.252791,
          -0.159174,
          -0.184352,
          0.184801,
          -0.139799,
          0.22594,
          0.330509,
          0.084884,
          -0.077348,
          -0.263837,
          0.008084,
          0.128044,
          -0.065917,
          0.132397,
          -0.141794,
          -0.184906,
          0.187907,
          -0.049779,
          -0.105023,
          0.11387,
          -0.015812,
          -0.184721,
          -0.236853,
          -0.083573,
          -0.255217,
          -0.039372,
          0.251721,
          0.07652,
          -0.003811,
          -0.080141,
          -0.198424,
          0.047367,
          -0.124081,
          -0.160763,
          0.142696,
          -0.023094,
          0.012103,
          0.157068,
          -0.039006,
          -0.065587,
          0.205721,
          0.009794,
          0.153587,
          -0.201558,
          -0.172851,
          0.046456,
          0.312768,
          0.036583,
          -0.144619,
          -0.341543,
          0.033475,
          0.001902,
          -0.14858,
          -0.01434,
          -0.129392,
          -0.238938,
          -0.196759,
          0.180219,
          -0.077792,
          -0.22573,
          -0.064574,
          -0.226223,
          -0.142581,
          0.067607,
          0.351591,
          -0.075428,
          0.06406,
          0.209383,
          -0.005656,
          0.246271,
          -0.105655,
          0.018225,
          0.267039,
          0.15631,
          0.026541,
          -0.074567,
          -0.002333,
          -0.003428,
          -0.16538,
          -0.005058,
          -0.051646,
          0.079786,
          -0.042091,
          -0.237144,
          -0.010554,
          -0.031697,
          -0.160591,
          0.053545,
          0.070417,
          -0.165972,
          0.202743,
          -0.203542,
          -0.088362,
          0.214282,
          0.095155,
          0.012712,
          -0.022584,
          0.103947,
          -0.233864,
          -0.156688,
          0.071769,
          -0.066814,
          -0.075449,
          -0.070344,
          0.097434,
          0.069616,
          -0.058608,
          0.017388,
          0.045568,
          -0.058796,
          -0.206757,
          0.05486,
          0.143188,
          0.307099,
          0.249979,
          0.251028,
          0.169875,
          -0.0554,
          -0.052151,
          -0.14088,
          -0.023242,
          0.158173,
          0.004226,
          -0.082713,
          -0.049213,
          0.147142,
          0.197546,
          -0.173249,
          -0.042887,
          0.350458,
          0.099798,
          0.023965,
          -0.263637,
          -0.072248,
          0.157704,
          -0.153048,
          -0.121006,
          -0.109896,
          -0.111391,
          -0.033518,
          0.282094,
          0.071545,
          -0.037029,
          -0.282382,
          -0.047335,
          -0.255275,
          -0.144689,
          0.025477,
          0.16182,
          0.202941,
          0.18628,
          0.050263,
          0.007011,
          -0.268244,
          -0.323515,
          0.036629,
          -0.141904,
          0.317073,
          0.150536,
          0.15671,
          0.221162,
          -0.023668,
          -0.074094,
          -0.089394,
          -0.236196,
          -0.131936,
          -0.19053,
          0.163952,
          -0.125607,
          -0.047082,
          -0.345936,
          -0.135386,
          -0.01521,
          -0.044907,
          -0.257978,
          0.038623,
          0.137149,
          0.114851,
          -0.177017,
          -0.200476,
          0.04113,
          0.215789,
          0.069298,
          -0.087282,
          -0.271446,
          -0.190883,
          -0.253803,
          -0.121628,
          0.066751,
          0.035324,
          -0.01217,
          -0.274102,
          -0.033258,
          0.272562,
          -0.204297,
          -0.153625,
          -0.029664,
          0.170917,
          -0.081715,
          -0.037197,
          -0.099761,
          0.227361,
          -0.027096,
          0.231548,
          0.078888,
          0.004019,
          -0.040515,
          -0.174065,
          0.13848,
          -0.025546,
          -0.140917,
          -0.065482,
          0.250622,
          0.033754,
          -0.097,
          -0.041384,
          0.177265,
          -0.000473,
          -0.180401,
          0.017852,
          0.146247,
          0.005691,
          0.106242,
          0.031188,
          0.189294,
          0.063024,
          -0.00287,
          -0.001988,
          -0.142792,
          0.039632,
          0.207142,
          0.167018,
          -0.092097,
          -0.242859,
          -0.139813,
          -0.169144,
          0.117998,
          0.13209,
          -0.221984,
          0.12802,
          0.200575,
          0.063106,
          0.034585,
          -0.118747,
          0.128999,
          -0.01367,
          -0.142055,
          0.063853,
          -0.130944,
          0.030723,
          0.091666,
          0.17505,
          -0.001314,
          0.007974,
          -0.000538,
          -0.172102,
          0.07746,
          0.223107,
          -0.005067,
          0.166137,
          -0.128066,
          -0.118187,
          0.006044,
          -0.042967,
          -0.133176,
          -0.051524,
          -0.068031,
          -0.146779,
          0.298327,
          0.247171,
          -0.08187,
          -0.109324,
          0.064021,
          0.120373,
          -0.193061,
          0.037827,
          0.120128,
          0.00437,
          0.186986,
          -0.103289,
          0.041975,
          -0.164217,
          -0.09468,
          0.166541,
          -0.150236,
          0.040115,
          0.275408,
          -0.040971,
          -0.129516,
          0.263171,
          -0.185094,
          -0.011477,
          -0.303791,
          -0.262721,
          -0.02659,
          0.15101,
          -0.072485,
          -0.125441,
          0.15391,
          -0.118992,
          -0.277138,
          0.08012,
          0.264724,
          -0.06103,
          0.407503,
          -0.044323,
          -0.194361,
          -0.00746,
          -0.037316,
          0.066475,
          -0.243738,
          -0.3477,
          0.314901,
          0.269397,
          0.084282,
          -0.080012,
          -0.200175,
          -0.027115,
          -0.267345,
          -0.018255,
          0.204893,
          -0.477213,
          -0.095797,
          -0.003796,
          -0.304817,
          -0.158231,
          -0.12565,
          0.147047,
          -0.091696,
          -0.2392,
          0.042168,
          -0.233076,
          0.107325,
          0.058052,
          0.093871,
          -0.163741,
          0.256059,
          0.027291,
          -0.323569,
          0.199737,
          0.004308,
          -0.162983,
          -0.156008,
          -0.230469,
          0.215204,
          0.146055,
          -0.049749,
          0.017909,
          -0.068816,
          -0.20516,
          -0.262574,
          0.20997,
          0.039064,
          -0.031612,
          0.219996,
          -0.034283,
          0.014619,
          -0.158924,
          0.051365,
          -0.128871,
          0.116682,
          -0.016747,
          -0.175463,
          0.024356,
          0.006022,
          -0.028362,
          -0.11116,
          0.335148,
          0.118689,
          0.188314,
          0.249596,
          0.166525,
          0.092338,
          -0.261502,
          -0.264461,
          -0.009042,
          -0.020902,
          0.184809,
          0.17106,
          0.078846,
          -0.20644,
          0.166309,
          0.162252,
          -0.163937,
          -0.281933,
          0.183876,
          0.008431,
          -0.228846,
          0.0605,
          -0.103389,
          0.029752,
          -0.242014,
          0.309707,
          0.144102,
          -0.144646,
          0.271165,
          -0.06673,
          -0.067416,
          0.175777,
          0.162367,
          0.063609,
          0.270374,
          -0.035,
          0.224302,
          0.225096,
          -0.078293,
          -0.178546,
          0.238338,
          -0.064894,
          -0.011219,
          0.070824,
          -0.095019,
          -0.182287,
          0.0793,
          0.165023,
          -0.16468,
          0.173102,
          0.05166,
          -0.138228,
          0.22171,
          -0.126131,
          -0.051067,
          -0.036449,
          0.118731,
          -0.206152,
          -0.422903,
          0.006553,
          -0.01219,
          -0.206611,
          -0.258639,
          0.363087,
          -0.163762,
          0.261004,
          0.011415,
          0.079521,
          0.196893,
          -0.481696,
          -0.013469,
          -0.315368,
          -0.231829,
          -0.109334,
          0.148557,
          0.174963,
          0.347108,
          -0.09131,
          -0.142092,
          -0.242873,
          -0.070958,
          -0.213479,
          -0.314538,
          0.231504,
          0.175651,
          -0.418875,
          -0.30676,
          0.091214,
          0.09958,
          -0.008735,
          -0.188846,
          -0.003038,
          0.067221,
          0.159049,
          0.119001,
          -0.123299,
          0.134953,
          0.006709,
          0.089478,
          0.320462,
          0.17691,
          0.148244,
          -0.021503,
          -0.080669,
          0.04661,
          -0.225725,
          0.055081,
          0.139754,
          -0.072554,
          0.073229,
          0.087053,
          0.107386,
          0.004937,
          0.248379,
          -0.014593,
          0.196545,
          0.084424,
          -0.094381,
          0.130246,
          -0.109129,
          -0.257918,
          -0.094118,
          0.027798,
          0.085979,
          -0.01489,
          0.139952,
          -0.107349,
          0.052775,
          -0.20155,
          -0.131113,
          -0.004284,
          -0.225657,
          -0.245246,
          -0.256512,
          0.12858,
          -0.118676,
          -0.088145,
          0.154202,
          0.018464,
          -0.146975,
          -0.090556,
          0.039233,
          -0.045055,
          -0.014476,
          -0.169629,
          0.145623,
          0.130099,
          -0.120859,
          0.205377,
          -0.141206,
          -0.114055,
          -0.00183,
          -0.028917,
          -0.146832,
          -0.1753,
          -0.010259,
          -0.110776,
          0.110462,
          -0.021829,
          0.156467,
          0.016969,
          0.105605,
          0.202231,
          0.234496,
          0.071445,
          -0.211385,
          0.249348,
          0.220042,
          -0.22756,
          0.023968,
          0.21646,
          0.006063,
          0.006762,
          -0.193586,
          -0.216429,
          0.021183,
          0.026851,
          0.157883,
          -0.094948,
          0.104875,
          0.293954,
          -0.131025,
          -0.14393,
          0.167224,
          -0.075792,
          0.048272,
          -0.096827,
          0.239974,
          -0.016315,
          -0.173328,
          -0.01173,
          0.078447,
          0.102591,
          0.094779,
          -0.069147,
          0.17706,
          0.047636,
          -0.351778,
          0.146674,
          0.07421,
          -0.145794,
          -0.121711,
          0.02137,
          0.244494,
          0.300231,
          -0.157335,
          -0.083711,
          -0.29606,
          0.204455,
          -0.202944,
          -0.256918,
          0.116076,
          -0.045469,
          0.091907,
          -0.028874,
          -0.049378,
          0.120077,
          -0.302974,
          -0.037662,
          -0.020516,
          0.231651,
          0.274663,
          -0.204306,
          0.158093,
          -0.215823,
          0.175466,
          0.0528,
          0.115918,
          -0.153917,
          0.232585,
          -0.103114,
          -0.251837,
          -0.091637,
          -0.052848,
          0.213323,
          0.239082,
          -0.155674,
          -0.201153,
          -0.280783,
          0.157737,
          0.191089,
          0.189722,
          0.080409,
          -0.05353,
          0.343823,
          0.092069,
          0.114784,
          -0.164559,
          0.055304,
          -0.142705,
          0.097485,
          -0.175932,
          -0.059083,
          0.160507,
          -0.067213,
          -0.085636,
          -0.20671,
          0.142195,
          0.098557,
          0.01881,
          0.009222,
          0.31367,
          -0.041033,
          0.120417,
          -0.071831,
          -0.162627,
          -0.179328,
          -0.193428,
          -0.109674,
          -0.009299,
          -0.033337,
          -0.045734,
          0.264832,
          0.040739,
          0.091298,
          -0.03261,
          -0.233623,
          0.293788,
          0.37363,
          -0.368507,
          0.132144,
          0.087009,
          0.200959,
          -0.130176,
          -0.122277,
          -0.046329,
          -0.002528,
          0.056647,
          -0.056131,
          -0.014164,
          -0.050547,
          -0.084205,
          -0.102794,
          -0.056148,
          -0.234475,
          -0.142439,
          -0.12031,
          -0.053069,
          0.050925,
          -0.289237,
          0.010264,
          0.128337,
          -0.375483,
          0.254256,
          -0.158422,
          -0.011569,
          0.097588,
          -0.104314,
          0.187683,
          0.135029,
          -0.042425,
          -0.18798,
          -0.007049,
          -0.092855,
          0.264587,
          -0.152095,
          -0.196804,
          -0.114313,
          -0.04467,
          -0.108746,
          -0.100284,
          -0.045099,
          -0.106928,
          -0.198914,
          -0.19779,
          0.028252,
          0.157156,
          -0.006356,
          -0.141726,
          0.067324,
          -0.174455,
          -0.01246,
          -0.168243,
          0.318784,
          -0.009934,
          -0.020685,
          -0.009996,
          0.069482,
          0.159912,
          -0.167355,
          0.060962,
          -0.139222,
          0.108993,
          0.006279,
          -0.064238,
          0.216768,
          0.20522,
          0.159061,
          -0.018419,
          0.164773,
          -0.006072,
          -0.148395,
          -0.120797,
          -0.060822,
          0.151676,
          -0.054024,
          -0.184675,
          0.211191,
          0.03999,
          -0.055813,
          0.16841,
          0.142871,
          -0.294813,
          0.155753,
          0.092466,
          0.099695,
          0.090008,
          -0.01158,
          -0.162932,
          -0.177664,
          0.175473,
          -0.174601,
          0.048311,
          0.096376,
          -0.22026,
          0.034966,
          -0.134774,
          -0.185436,
          0.03545,
          -0.140742,
          0.048857,
          -0.231317,
          -0.142415,
          0.150619,
          -0.068734,
          0.166041,
          0.035342,
          0.183495,
          0.093455,
          -0.241295,
          -0.0828,
          -0.236493,
          0.05869,
          -0.327578,
          -0.014345,
          0.104122,
          0.142268,
          0.150262,
          -0.162433,
          -0.064003,
          -0.325795,
          -0.256438,
          -0.060591,
          -0.020591,
          0.169425,
          -0.417402,
          0.272305,
          -0.134717,
          0.110392,
          0.228434,
          0.277294,
          0.16347,
          -0.008782,
          -0.088565,
          0.192786,
          0.112711,
          0.019115,
          0.001066,
          0.015997,
          -0.07902,
          -0.215436,
          -0.027615,
          0.313649,
          0.20267,
          -0.094029,
          0.214321,
          0.149485,
          -0.177328,
          -0.220267,
          -0.251985,
          -0.075316,
          0.248282,
          0.098029,
          0.261539,
          -0.106432,
          -0.08711,
          -0.071739,
          -0.194817,
          0.060646,
          -0.099069,
          0.242953,
          0.056208,
          -0.185589,
          0.04642,
          0.05277,
          -0.14679,
          -0.144943,
          0.13363,
          -0.029823,
          0.152217,
          0.29265,
          -0.128062,
          0.143638,
          -0.251952,
          0.150276,
          -0.288254,
          0.085783,
          -0.21205,
          -0.161743,
          0.210197,
          0.00967,
          -0.220264,
          0.058428,
          0.233305,
          0.138883,
          -0.020556,
          -0.110385,
          0.168047,
          0.108087,
          -0.261314,
          -0.176382,
          0.000887,
          -0.097294,
          -0.000639,
          0.231454,
          -0.250187,
          -0.180843,
          0.060275,
          -0.06294,
          0.267656,
          0.144625,
          -0.06378,
          -0.087627,
          0.384412,
          -0.016488,
          0.291565,
          -0.194231,
          -0.138792,
          -0.097903,
          0.10054,
          -0.19674,
          0.137378,
          -0.092801,
          -0.026007,
          -0.036063,
          0.106879,
          0.126299,
          0.047571,
          0.122015,
          0.19556,
          -0.01722,
          0.027148,
          -0.14784,
          -0.041612,
          -0.172877,
          0.106231,
          0.173073,
          0.172658,
          0.023411,
          0.083863,
          -0.031204,
          0.21459,
          -0.231973,
          -0.100313,
          0.207923,
          -0.097156,
          0.037009,
          0.137616,
          0.004874,
          0.022703,
          -0.125803,
          -0.216504,
          -0.117986,
          0.156419,
          -0.137668,
          -0.008704,
          0.249461,
          -0.083546,
          0.07521,
          0.064673,
          -0.050572,
          -0.029587,
          -0.150096,
          0.104022,
          -0.016617,
          -0.08324,
          0.367969,
          0.045753,
          -0.027709,
          -0.00161,
          -0.169612,
          -0.163971,
          0.128054,
          -0.187644,
          -0.144574,
          -0.123157,
          -0.060427,
          -0.16429,
          -0.21313,
          0.036285,
          -0.24487,
          0.254595,
          -0.013479,
          0.187775,
          -0.09365,
          -0.382518,
          0.121,
          -0.056092,
          0.188073,
          -0.041355,
          0.325617,
          0.329195,
          -0.151072,
          -0.204739,
          -0.144501,
          -0.198876,
          0.139688
        ],
        "bK": [
          -0.065408,
          -0.00078,
          -0.007082,
          -0.049005,
          0.023852,
          -0.010227,
          -0.021538,
          -0.016101,
          0.005589,
          0.074811,
          -0.025359,
          -0.02742,
          0.021066,
          0.056904,
          -0.003964,
          -0.033678,
          -0.014131,
          -0.020973,
          -0.066653,
          -0.018958,
          -0.036134,
          0.029681,
          0.007249,
          -0.015327,
          -0.029049,
          -0.012964,
          -0.008764,
          -0.028267,
          -0.031693,
          0.005332,
          -0.06931,
          0.013046
        ],
        "wV": [
          -0.175367,
          -0.131426,
          0.132785,
          0.0045,
          0.226698,
          0.304712,
          -0.057366,
          0.029571,
          -0.290661,
          0.136196,
          -0.298895,
          0.143104,
          0.144973,
          0.072638,
          0.173126,
          0.046432,
          -0.169405,
          0.153259,
          0.088968,
          -0.291087,
          -0.102784,
          -0.101907,
          -0.239536,
          -0.133822,
          0.004199,
          0.137496,
          -0.178391,
          -0.064617,
          -0.192546,
          -0.145979,
          0.190332,
          -0.08904,
          0.209563,
          0.109442,
          0.101638,
          0.039713,
          -0.013826,
          -0.188765,
          0.16454,
          -0.111647,
          -0.168807,
          0.105328,
          -0.064079,
          0.087634,
          0.114372,
          0.31156,
          0.067393,
          -0.237141,
          0.265943,
          0.220372,
          0.033555,
          0.055845,
          -0.030216,
          0.07469,
          0.098499,
          -0.176475,
          0.361407,
          -0.013473,
          0.348215,
          0.190569,
          0.266425,
          0.357555,
          -0.128665,
          -0.031329,
          -0.144789,
          0.09947,
          0.147173,
          -0.119296,
          0.162214,
          -0.046803,
          0.125255,
          -0.019791,
          0.150041,
          0.207074,
          0.204693,
          0.021543,
          0.01817,
          0.103814,
          -0.239369,
          0.068053,
          0.031813,
          0.288164,
          -0.205755,
          -0.105523,
          0.022101,
          0.051433,
          -0.052178,
          0.028991,
          0.157745,
          -0.322589,
          -0.104671,
          0.279402,
          -0.058975,
          -0.259562,
          -0.182609,
          0.112124,
          0.107166,
          0.107718,
          -0.013636,
          0.015273,
          -0.303039,
          0.147473,
          0.098348,
          0.148026,
          0.22392,
          0.216585,
          0.11566,
          -0.17462,
          -0.074275,
          0.306496,
          0.079014,
          -0.153761,
          0.157655,
          -0.124672,
          -0.002488,
          0.10467,
          0.205241,
          -0.160844,
          -0.313715,
          0.149357,
          0.079333,
          0.042608,
          -0.355395,
          0.220955,
          0.036626,
          0.104442,
          0.10945,
          -0.074182,
          -0.12237,
          -0.066141,
          -0.193573,
          0.124906,
          0.030594,
          -0.286946,
          0.293894,
          -0.018828,
          -0.192644,
          -0.116466,
          -0.190778,
          -0.043206,
          -0.105812,
          -0.210507,
          -0.137708,
          0.139829,
          -0.303751,
          0.231784,
          0.333297,
          0.02719,
          -0.192531,
          -0.280047,
          -0.06542,
          0.201035,
          0.197408,
          0.046316,
          -0.180457,
          0.101756,
          0.097532,
          0.00614,
          0.137714,
          -0.04334,
          0.142264,
          -0.138322,
          0.30998,
          0.077033,
          0.140546,
          0.093612,
          0.278706,
          -0.230399,
          -0.241624,
          0.046063,
          0.204872,
          -0.315486,
          0.017248,
          -0.191801,
          0.290903,
          0.119514,
          -0.00467,
          -0.052165,
          0.014079,
          0.176339,
          -0.005289,
          0.272442,
          -0.192998,
          -0.112292,
          -0.185327,
          0.163012,
          -0.038984,
          0.181055,
          0.071087,
          -0.195294,
          0.246985,
          0.256407,
          0.017822,
          0.194518,
          -0.180657,
          -0.153175,
          -0.075341,
          0.191503,
          -0.084631,
          0.178182,
          -0.174683,
          0.183276,
          0.080802,
          0.083296,
          -0.188281,
          -0.292593,
          0.351225,
          0.00089,
          -0.218882,
          -0.410732,
          -0.085322,
          0.129927,
          -0.059725,
          -0.072444,
          0.084954,
          -0.163299,
          0.05092,
          0.135964,
          -0.071492,
          0.000446,
          -0.204709,
          -0.103,
          -0.210044,
          -0.142144,
          -0.174726,
          0.059051,
          0.098369,
          -0.246141,
          -0.070876,
          -0.133853,
          -0.097111,
          0.255557,
          -0.20718,
          0.188705,
          -0.192547,
          -0.037983,
          -0.149121,
          -0.121566,
          -0.069806,
          -0.050457,
          0.176414,
          0.098917,
          0.189197,
          -0.263422,
          -0.164433,
          0.173499,
          0.074047,
          0.22952,
          -0.054431,
          0.09829,
          0.233341,
          0.009183,
          0.159628,
          -0.112695,
          -0.221156,
          0.225753,
          0.007976,
          -0.388908,
          -0.297559,
          0.109158,
          0.122696,
          -0.2443,
          0.089827,
          0.211058,
          -0.03049,
          0.034173,
          0.161947,
          -0.031893,
          0.183707,
          0.187619,
          0.045349,
          -0.233985,
          -0.215428,
          -0.016728,
          0.133991,
          0.264813,
          -0.086661,
          0.008148,
          -0.112695,
          0.160443,
          -0.077608,
          0.193176,
          -0.248143,
          -0.077113,
          -0.014855,
          -0.16533,
          -0.296752,
          0.103496,
          -0.126333,
          0.07171,
          -0.337667,
          0.037137,
          -0.053764,
          0.060678,
          -0.199533,
          0.009484,
          -0.257338,
          0.066259,
          0.0128,
          -0.189873,
          0.152295,
          -0.15804,
          -0.094739,
          0.18425,
          -0.213107,
          -0.168745,
          0.013696,
          -0.270223,
          0.363287,
          0.18446,
          -0.121843,
          -0.136468,
          0.314069,
          -0.247128,
          0.031746,
          -0.090298,
          -0.337935,
          0.079691,
          -0.217993,
          0.047829,
          -0.029498,
          0.083591,
          -0.190965,
          0.237021,
          0.124591,
          0.246257,
          0.181822,
          0.266269,
          -0.163788,
          -0.052856,
          0.06145,
          0.055424,
          -0.034821,
          -0.190167,
          0.000489,
          0.137955,
          0.110113,
          0.346004,
          -0.305264,
          0.154776,
          0.122283,
          -0.23623,
          -0.19624,
          0.057817,
          -0.137776,
          0.045528,
          0.098343,
          -0.074765,
          0.188639,
          -0.095782,
          -0.108271,
          -0.277751,
          0.165423,
          0.183399,
          0.008418,
          -0.0416,
          0.167672,
          -0.319267,
          0.245311,
          -0.181881,
          -0.059389,
          -0.24683,
          0.036273,
          0.128991,
          -0.151385,
          0.31516,
          -0.22209,
          0.050839,
          0.243397,
          0.088681,
          -0.149348,
          0.113721,
          0.08007,
          0.336296,
          0.281105,
          0.140214,
          -0.095904,
          -0.119786,
          0.163091,
          -0.135057,
          0.010312,
          -0.293881,
          0.352922,
          -0.148084,
          -0.030936,
          -0.188049,
          -0.022322,
          -0.082189,
          0.141809,
          0.057112,
          -0.066336,
          0.100987,
          0.025575,
          0.247775,
          0.147082,
          0.115784,
          -0.209228,
          0.187578,
          -0.036265,
          -0.177864,
          0.212243,
          0.193438,
          0.128426,
          -0.331491,
          -0.294928,
          0.064048,
          -0.091262,
          0.086013,
          0.255895,
          0.009741,
          0.077881,
          0.255917,
          -0.04067,
          -0.020527,
          0.017678,
          -0.063427,
          0.231463,
          -0.187164,
          -0.266129,
          0.041575,
          0.142602,
          -0.17835,
          -0.002411,
          0.144523,
          -0.274118,
          0.071455,
          0.234347,
          -0.285221,
          -0.227663,
          -0.193523,
          -0.217976,
          0.099544,
          0.200551,
          0.226127,
          -0.063268,
          0.166221,
          -0.294945,
          -0.275986,
          -0.056189,
          -0.204886,
          0.217921,
          0.082833,
          -0.325791,
          -0.040858,
          -0.013362,
          -0.290594,
          -0.176268,
          -0.214473,
          0.114625,
          -0.02836,
          -0.081333,
          0.235165,
          -0.226477,
          -0.218597,
          0.055503,
          -0.229836,
          0.166062,
          0.190574,
          0.247617,
          -0.277265,
          -0.093232,
          0.208563,
          0.315313,
          0.298014,
          -0.211449,
          0.009737,
          0.07084,
          -0.173821,
          -0.105139,
          -0.287364,
          -0.119567,
          -0.113529,
          0.04947,
          -0.168516,
          0.156456,
          -0.238977,
          -0.176215,
          0.280464,
          0.058275,
          0.018908,
          -0.268156,
          0.157453,
          0.089379,
          -0.26582,
          -0.119578,
          0.181269,
          -0.137143,
          0.034987,
          0.14126,
          -0.077856,
          -0.14124,
          0.130894,
          -0.05377,
          0.22652,
          0.253126,
          -0.158425,
          0.358801,
          0.070118,
          -0.074878,
          -0.066924,
          -0.124721,
          -0.147687,
          -0.280839,
          -0.203554,
          0.306137,
          -0.192987,
          -0.12385,
          0.213629,
          0.212831,
          0.328113,
          -0.015019,
          -0.175285,
          0.069766,
          0.061481,
          0.252423,
          0.0712,
          -0.093704,
          0.048545,
          -0.222332,
          0.079161,
          -0.222601,
          -0.060003,
          0.090803,
          -0.046552,
          -0.24036,
          0.179635,
          -0.056738,
          0.274662,
          -0.231378,
          0.025593,
          -0.279402,
          -0.258512,
          -0.24924,
          0.202206,
          -0.093321,
          -0.312032,
          0.276582,
          0.157367,
          0.118084,
          0.0429,
          0.180846,
          -0.177397,
          -0.271648,
          -0.201927,
          0.144767,
          0.123286,
          0.188412,
          0.232487,
          0.00426,
          -0.058413,
          0.26047,
          -0.004247,
          0.073369,
          0.050876,
          0.222512,
          0.126408,
          -0.201066,
          -0.239192,
          -0.010901,
          0.12344,
          0.039305,
          -0.242408,
          0.249883,
          -0.204086,
          -0.306571,
          -0.15806,
          -0.294068,
          0.129139,
          -0.202657,
          -0.098634,
          0.111566,
          0.107328,
          0.101276,
          0.015179,
          0.086316,
          0.102577,
          0.164074,
          -0.149273,
          0.19593,
          0.004138,
          -0.050924,
          0.059309,
          0.053911,
          -0.24548,
          0.151727,
          -0.042216,
          0.154439,
          0.318717,
          -0.158906,
          -0.165957,
          0.283514,
          0.297861,
          -0.137532,
          -0.069319,
          0.146232,
          0.09383,
          0.008687,
          0.271608,
          0.047434,
          -0.242928,
          0.28411,
          0.023781,
          0.029174,
          0.222895,
          -0.008763,
          -0.158954,
          -0.161278,
          -0.023752,
          -0.344982,
          0.139448,
          0.038521,
          0.26867,
          -0.037976,
          -0.197448,
          0.244323,
          0.18072,
          0.184179,
          -0.189727,
          -0.235183,
          0.277516,
          -0.180179,
          0.018859,
          -0.149145,
          0.334753,
          0.307652,
          -0.054692,
          0.089073,
          0.214425,
          0.037911,
          -0.030276,
          0.065796,
          0.143676,
          -0.33754,
          -0.311795,
          0.152369,
          -0.046247,
          0.127247,
          -0.069576,
          -0.160692,
          0.100445,
          -0.182629,
          -0.058074,
          -0.146873,
          0.184621,
          0.276331,
          -0.256431,
          0.115695,
          -0.169111,
          -0.1737,
          0.012326,
          -0.004586,
          0.009071,
          0.099353,
          -0.278094,
          0.25813,
          -0.103275,
          -0.340186,
          -0.177086,
          0.157469,
          -0.145075,
          0.214645,
          -0.168356,
          -0.06014,
          0.261113,
          0.056553,
          0.240481,
          -0.022099,
          -0.088403,
          0.21343,
          0.060015,
          0.224902,
          -0.178941,
          -0.161499,
          -0.242554,
          0.06027,
          0.236108,
          -0.070196,
          0.131142,
          0.167085,
          -0.245963,
          0.070018,
          -0.33604,
          -0.128851,
          0.027743,
          -0.335307,
          -0.054365,
          -0.003487,
          0.15925,
          0.227075,
          0.016987,
          -0.080235,
          0.447126,
          0.320609,
          0.147738,
          0.100618,
          0.213051,
          0.048564,
          0.141383,
          -0.075479,
          0.208992,
          0.105079,
          0.085545,
          0.039681,
          0.013584,
          0.024864,
          0.206103,
          0.034622,
          -0.1269,
          -0.068195,
          -0.215139,
          0.110495,
          0.06717,
          0.085355,
          -0.145443,
          0.16807,
          0.030675,
          -0.066806,
          -0.019806,
          -0.162041,
          -0.006199,
          -0.01428,
          -0.272312,
          -0.237383,
          0.197769,
          -0.025386,
          0.001786,
          0.063872,
          -0.378517,
          0.172413,
          -0.109346,
          0.16112,
          0.159939,
          0.209313,
          0.007826,
          0.133908,
          0.124527,
          -0.115895,
          -0.049567,
          -0.119279,
          0.043361,
          -0.049504,
          0.047832,
          0.167538,
          0.246926,
          -0.271865,
          -0.188913,
          -0.053026,
          0.145189,
          0.143359,
          -0.205651,
          0.158797,
          0.031097,
          0.163908,
          -0.035179,
          0.215314,
          -0.19391,
          0.07604,
          -0.307776,
          0.209057,
          0.052671,
          -0.051827,
          0.052187,
          -0.081255,
          -0.237243,
          0.246411,
          -0.306378,
          -0.094708,
          0.154643,
          -0.280032,
          -0.141241,
          0.016974,
          -0.187329,
          -0.070524,
          -0.017158,
          -0.104144,
          -0.275618,
          -0.20521,
          0.244644,
          0.212927,
          0.245536,
          -0.218318,
          -0.019866,
          0.164985,
          0.200284,
          0.089694,
          0.21845,
          0.176479,
          0.260513,
          0.013583,
          0.271858,
          -0.173662,
          0.135246,
          0.306152,
          -0.017726,
          0.249933,
          0.006114,
          -0.195565,
          -0.136462,
          0.090806,
          0.164993,
          0.25192,
          -0.293197,
          -0.09295,
          0.189424,
          -0.419716,
          0.184871,
          0.24397,
          0.000628,
          -0.209939,
          0.235416,
          -0.215592,
          0.188342,
          0.139575,
          0.113521,
          -0.10972,
          -0.068741,
          -0.238754,
          -0.128163,
          -0.003786,
          -0.046033,
          0.017528,
          -0.106353,
          -0.08268,
          -0.179579,
          0.081772,
          -0.025377,
          0.15241,
          -0.096369,
          -0.115109,
          0.089594,
          0.259139,
          -0.173937,
          -0.218192,
          0.004373,
          0.210964,
          -0.103224,
          0.069829,
          -0.158535,
          -0.022952,
          -0.114916,
          -0.168411,
          0.163276,
          0.300756,
          -0.155584,
          0.190178,
          -0.10054,
          0.07044,
          0.108387,
          0.050574,
          -0.130258,
          -0.126365,
          0.192667,
          0.028727,
          0.188274,
          0.196521,
          -0.046441,
          -0.031175,
          0.154492,
          0.248023,
          0.097151,
          -0.02577,
          -0.108032,
          -0.092642,
          -0.001731,
          0.050536,
          -0.063735,
          -0.051391,
          -0.052865,
          -0.080258,
          0.162817,
          -0.205967,
          0.002802,
          -0.263872,
          -0.119165,
          -0.126785,
          0.236649,
          -0.088502,
          0.259581,
          0.332182,
          0.110788,
          0.262506,
          -0.135886,
          0.028292,
          -0.007322,
          -0.275723,
          0.118649,
          -0.027168,
          0.125662,
          -0.334264,
          -0.16464,
          0.101971,
          -0.120666,
          0.151716,
          0.250829,
          0.090763,
          0.031318,
          -0.025679,
          -0.076437,
          0.295389,
          -0.224053,
          -0.021563,
          -0.280744,
          -0.339499,
          0.231741,
          0.222959,
          0.034133,
          0.273222,
          -0.25661,
          0.159094,
          0.21466,
          -0.161916,
          0.101181,
          0.353293,
          -0.192072,
          0.084376,
          0.236901,
          0.059651,
          0.236431,
          -0.016226,
          -0.087464,
          -0.086245,
          0.043129,
          -0.160534,
          0.227888,
          -0.298341,
          0.169362,
          -0.145503,
          -0.169378,
          -0.102753,
          0.054199,
          -0.060319,
          0.188721,
          -0.135638,
          -0.019009,
          0.009063,
          0.04905,
          -0.226094,
          -0.050631,
          -0.198743,
          -0.390194,
          -0.185563,
          -0.252589,
          -0.216101,
          0.158886,
          0.145855,
          0.115252,
          -0.003014,
          0.250001,
          -0.00622,
          -0.133063,
          -0.044725,
          -0.159817,
          -0.156843,
          -0.063404,
          0.146077,
          -0.06268,
          0.073265,
          -0.208914,
          0.208581,
          -0.133609,
          -0.241085,
          0.245297,
          0.126796,
          -0.263302,
          0.180662,
          -0.100675,
          -0.540385,
          0.116613,
          -0.093076,
          -0.000954,
          0.035828,
          0.251623,
          -0.080976,
          0.09159,
          0.203872,
          -0.024659,
          -0.1803,
          -0.022867,
          0.080307,
          0.050686,
          -0.02384,
          0.079555,
          0.109666,
          -0.087176,
          -0.066576,
          -0.092738,
          0.184369,
          0.014795,
          -0.086589,
          -0.216615,
          0.175999,
          -0.107662,
          -0.246602,
          0.030381,
          0.327427,
          -0.111533,
          -0.313123,
          0.034496,
          -0.371669,
          -0.221491,
          0.279808,
          0.27235,
          -0.010079,
          0.272378,
          -0.082942,
          -0.192239,
          -0.166761,
          -0.107829,
          0.005097,
          -0.019083,
          0.124918,
          0.057964,
          -0.040114,
          -0.204187,
          0.310968,
          -0.023401,
          -0.285201,
          0.227566,
          -0.018127,
          -0.275667,
          -0.010487,
          0.211815,
          0.126981,
          0.199982
        ],
        "bV": [
          0.006227,
          0.020952,
          -0.016242,
          -0.002336,
          -0.02914,
          0.023997,
          -0.023355,
          -0.006222,
          -0.016903,
          -0.038687,
          0.025541,
          -0.032625,
          0.010521,
          0.059211,
          -0.037631,
          0.011926,
          0.008158,
          0.023351,
          0.006813,
          0.007784,
          0.020448,
          -0.012283,
          -0.020243,
          0.018511,
          0.023074,
          0.007678,
          -0.026256,
          0.01992,
          -0.014223,
          -0.031076,
          -0.006472,
          0.030697
        ],
        "wO": [
          0.138604,
          0.062316,
          0.039352,
          -0.043366,
          -0.224449,
          0.173978,
          0.03364,
          0.233001,
          -0.199858,
          0.19968,
          -0.193686,
          -0.321571,
          -0.024985,
          -0.077407,
          0.008617,
          0.070843,
          -0.075043,
          -0.217791,
          0.307606,
          0.13552,
          0.076363,
          0.135973,
          0.023424,
          -0.295146,
          -0.000461,
          0.067549,
          0.147619,
          -0.195033,
          -0.081643,
          0.223988,
          0.300594,
          0.056078,
          0.160119,
          0.23055,
          0.106596,
          -0.194182,
          0.003639,
          0.037036,
          -0.22505,
          0.240657,
          -0.23836,
          0.028225,
          0.262996,
          -0.059663,
          0.049249,
          0.132751,
          0.076994,
          -0.2161,
          -0.080106,
          0.222967,
          -0.122555,
          -0.196995,
          -0.026345,
          -0.105938,
          -0.232847,
          0.190088,
          0.029815,
          0.08424,
          0.116628,
          -0.074154,
          -0.091885,
          0.083699,
          -0.119176,
          0.078104,
          -0.016533,
          0.095395,
          -0.14354,
          -0.062539,
          -0.205473,
          0.053571,
          -0.00923,
          0.043705,
          0.05496,
          0.080969,
          -0.230652,
          0.281807,
          -0.22332,
          -0.14312,
          -0.074158,
          0.167201,
          0.19415,
          0.179055,
          0.049141,
          -0.206433,
          0.223516,
          -0.010565,
          0.083116,
          0.186494,
          -0.145263,
          0.000509,
          -0.291642,
          0.041945,
          -0.00525,
          -0.050202,
          -0.028028,
          -0.07755,
          0.02066,
          -0.21662,
          0.029826,
          0.044688,
          -0.284403,
          -0.207993,
          -0.13748,
          0.047925,
          -0.296587,
          -0.041275,
          0.109965,
          0.001788,
          0.112787,
          -0.249621,
          -0.022025,
          -0.280079,
          0.151713,
          -0.024478,
          0.32186,
          0.25796,
          -0.015493,
          0.146986,
          0.225889,
          0.079664,
          -0.223504,
          0.27191,
          0.044188,
          -0.083945,
          0.155337,
          -0.046401,
          0.072608,
          -0.304815,
          -0.168101,
          0.14487,
          -0.312157,
          -0.100845,
          -0.271208,
          0.232481,
          -0.230618,
          0.034726,
          -0.272052,
          0.136518,
          0.303265,
          0.197276,
          -0.178721,
          0.114935,
          0.089975,
          0.336764,
          0.253629,
          -0.076594,
          -0.027799,
          0.019223,
          -0.055655,
          -0.259467,
          0.111846,
          -0.100762,
          0.145342,
          0.139325,
          0.214008,
          -0.161803,
          0.223736,
          0.020457,
          -0.102838,
          0.048749,
          0.073891,
          -0.303031,
          0.113396,
          0.051081,
          0.323101,
          0.036111,
          -0.284107,
          -0.006259,
          0.271583,
          0.021603,
          0.170773,
          0.162471,
          -0.216802,
          -0.186466,
          0.04415,
          0.077744,
          -0.203176,
          -0.247052,
          -0.145446,
          0.236594,
          -0.003892,
          0.171914,
          0.110115,
          -0.259614,
          -0.049252,
          -0.096808,
          -0.10749,
          -0.135901,
          -0.062351,
          -0.273236,
          0.148061,
          0.258718,
          0.142351,
          -0.174839,
          -0.181594,
          0.25237,
          -0.006546,
          -0.034481,
          -0.003067,
          0.203724,
          0.229859,
          0.027861,
          0.231687,
          -0.090627,
          -0.03701,
          0.055043,
          -0.288106,
          0.033269,
          -0.001655,
          -0.102617,
          0.135403,
          -0.329074,
          0.257922,
          0.036598,
          -0.180183,
          -0.025223,
          -0.060965,
          -0.344897,
          0.172762,
          0.160878,
          -0.21772,
          0.292638,
          -0.093857,
          0.155521,
          0.110878,
          -0.001863,
          0.220221,
          0.292014,
          -0.036299,
          -0.236847,
          -0.079763,
          0.088529,
          0.100099,
          -0.125024,
          -0.272783,
          0.156358,
          -0.022224,
          -0.292556,
          -0.167642,
          -0.051893,
          0.060885,
          -0.013779,
          0.184534,
          0.306447,
          0.038276,
          0.183087,
          -0.142817,
          -0.165923,
          -0.201547,
          -0.00688,
          0.345011,
          0.065559,
          -0.238514,
          0.250603,
          0.232447,
          -0.262668,
          -0.040352,
          -0.095275,
          0.029603,
          -0.222444,
          -0.009848,
          0.241649,
          0.00617,
          0.139638,
          -0.242121,
          -0.016564,
          -0.08914,
          -0.209068,
          -0.178484,
          0.093691,
          -0.322121,
          -0.190859,
          -0.203708,
          0.17472,
          0.154849,
          0.247912,
          0.177547,
          -0.120233,
          0.161972,
          -0.12134,
          0.232258,
          0.153059,
          -0.008411,
          0.06727,
          0.061742,
          0.113824,
          -0.076538,
          0.157045,
          0.03858,
          0.15338,
          0.217516,
          -0.320168,
          -0.202707,
          0.262911,
          0.130661,
          0.053713,
          0.050087,
          0.232481,
          -0.222396,
          -0.175952,
          0.100456,
          0.0247,
          -0.036787,
          -0.184983,
          -0.283431,
          -0.090208,
          0.156541,
          0.046051,
          -0.182613,
          0.068885,
          0.141412,
          0.19875,
          0.048337,
          -0.070925,
          -0.206897,
          -0.196757,
          -0.251759,
          -0.215564,
          -0.143537,
          -0.072465,
          0.062772,
          -0.053826,
          0.320407,
          -0.017747,
          0.245724,
          0.060306,
          0.066455,
          0.167945,
          0.26145,
          -0.11286,
          0.061755,
          0.007012,
          0.267358,
          0.225064,
          0.011516,
          -0.069266,
          -0.015485,
          -0.115307,
          0.13616,
          -0.091635,
          -0.157628,
          -0.340258,
          0.004607,
          0.164452,
          -0.295576,
          -0.161733,
          -0.018648,
          0.085855,
          -0.080421,
          0.039156,
          0.084268,
          0.036244,
          0.169674,
          -0.262218,
          0.140466,
          0.346728,
          -0.249668,
          0.084027,
          -0.091476,
          0.113488,
          -0.054523,
          0.211577,
          -0.075749,
          -0.107257,
          -0.08057,
          0.15519,
          -0.194028,
          -0.054172,
          -0.173159,
          0.027301,
          0.149874,
          -0.160194,
          -0.201331,
          -0.287759,
          -0.205277,
          0.188454,
          -0.231797,
          0.117511,
          -0.234501,
          -0.102555,
          -0.025454,
          -0.112123,
          -0.086711,
          0.225104,
          -0.134711,
          -0.113336,
          0.068264,
          0.089613,
          0.16684,
          0.142817,
          -0.310121,
          -0.162608,
          -0.250951,
          0.127037,
          0.226035,
          0.221602,
          -0.133402,
          0.054639,
          0.228238,
          0.109708,
          0.128965,
          -0.154345,
          -0.018243,
          -0.078919,
          -0.260251,
          0.07989,
          0.061607,
          -0.109567,
          -0.26905,
          -0.212249,
          0.151712,
          -0.032546,
          0.086291,
          -0.151209,
          -0.248829,
          -0.184482,
          0.004794,
          -0.179648,
          0.090759,
          0.191131,
          0.273488,
          0.164251,
          -0.028012,
          -0.143111,
          -0.034697,
          -0.051986,
          0.266829,
          0.16132,
          0.184928,
          -0.026011,
          0.116434,
          0.09119,
          -0.01678,
          0.243677,
          0.187939,
          0.133827,
          -0.275149,
          0.235251,
          0.116432,
          -0.107352,
          -0.235777,
          -0.015587,
          0.103022,
          0.242374,
          0.312451,
          0.104156,
          0.345686,
          -0.159176,
          0.164878,
          0.017178,
          -0.288921,
          0.296311,
          -0.101558,
          0.386501,
          -0.137145,
          -0.194667,
          -0.124009,
          0.239837,
          -0.222874,
          0.195613,
          0.008849,
          0.285105,
          0.07594,
          -0.263498,
          0.102208,
          0.250775,
          0.047549,
          -0.21868,
          -0.265878,
          0.051993,
          0.118554,
          -0.235368,
          -0.211315,
          0.001401,
          0.015932,
          0.169026,
          0.210454,
          -0.086623,
          -0.266286,
          -0.268692,
          -0.035712,
          0.075807,
          -0.068114,
          0.003573,
          0.063788,
          -0.022043,
          0.183958,
          -0.108959,
          -0.026934,
          0.088302,
          0.007745,
          0.292,
          0.168351,
          -0.01964,
          0.119118,
          0.14752,
          0.032772,
          0.307325,
          -0.091165,
          0.048574,
          -0.188479,
          0.214469,
          -0.137927,
          -0.042104,
          0.102621,
          0.250405,
          -0.038092,
          0.273307,
          0.081565,
          -0.202855,
          -0.176333,
          -0.22639,
          -0.08004,
          -0.177614,
          -0.019663,
          0.108962,
          0.137448,
          0.002655,
          0.112543,
          0.145148,
          -0.00358,
          0.065653,
          -0.183751,
          0.050601,
          0.350335,
          -0.31866,
          0.260142,
          0.213127,
          0.121551,
          0.080399,
          0.127164,
          -0.294723,
          0.040337,
          -0.135379,
          0.045625,
          0.264567,
          -0.022209,
          0.08864,
          0.098422,
          0.261138,
          -0.027122,
          -0.038836,
          0.109496,
          0.037365,
          -0.013283,
          -0.27006,
          -0.046495,
          -0.170792,
          -0.014678,
          -0.03248,
          0.286551,
          -0.006856,
          -0.324832,
          0.13821,
          0.045623,
          -0.025354,
          0.097623,
          0.151456,
          0.257448,
          0.280151,
          -0.29437,
          -0.173506,
          0.245085,
          0.061699,
          -0.021573,
          -0.164076,
          0.002271,
          -0.212762,
          -0.172973,
          0.127561,
          0.043963,
          -0