# Chunk number: 2 of 37

      -0.008909,
      -0.039188,
      0.024676,
      0.059412,
      0.01054,
      0.015672,
      0.011976,
      0.008374,
      0.089062,
      0.086142,
      -0.079169,
      0.036265,
      -0.077939,
      0.061929,
      -0.094582,
      -0.17786,
      0.05009,
      0.057252,
      -0.070931,
      0.075759,
      -0.088096,
      0.055644,
      0.077544,
      -0.127336,
      -0.024292,
      -0.15865,
      0.14898,
      -0.109926,
      0.11621,
      0.038744,
      0.010305,
      0.058053,
      -0.104263,
      0.002997,
      0.030214,
      -0.044744,
      -0.107755,
      0.084634,
      0.042535,
      0.037522,
      -0.053772,
      0.148709,
      -0.062696,
      0.128601,
      -0.055374,
      -0.043485,
      0.027681,
      0.029082,
      -0.078946,
      -0.01405,
      0.042871,
      0.102517,
      0.188547,
      0.06574,
      0.159453,
      -0.024093,
      -0.052587,
      0.041033,
      -0.006795,
      -0.038141,
      -0.049916,
      -0.101409,
      -0.002502,
      0.139541,
      0.023678,
      -0.038824,
      -0.141859,
      -0.097946,
      -0.180355,
      -0.020411,
      -0.13978,
      0.112747,
      0.020219,
      -0.125144,
      0.094802,
      0.027518,
      -0.04123,
      0.124493,
      0.155277,
      -0.031298,
      0.096052,
      -0.120092,
      -0.044497,
      -0.066679,
      -0.027037,
      0.026363,
      0.04493,
      -0.028882,
      0.07294,
      0.148702,
      0.053595,
      0.039319,
      -0.047761,
      -0.007026,
      -0.130641,
      -0.07877,
      -0.03554,
      0.058624,
      0.047249,
      0.045659,
      0.023918,
      0.050817,
      -0.056949,
      0.07711,
      -0.053486,
      0.128385,
      0.025995,
      0.015116,
      0.006969,
      0.011963,
      -0.106379,
      0.039195,
      0.0384,
      0.092622,
      -0.003402,
      -0.020144,
      0.099818,
      0.015318,
      -0.0648,
      0.06116,
      0.039701,
      -0.023781,
      0.02758,
      0.073159,
      0.053312,
      0.007844,
      0.091438,
      -0.028561,
      0.037994,
      0.00454,
      -0.007525,
      0.003903,
      0.051515,
      0.047529,
      -0.002123,
      -0.0174,
      -0.025263,
      -0.012186,
      0.007822,
      0.025084,
      -0.100825,
      0.048272,
      -0.017615,
      0.044267,
      -0.036431,
      0.011475,
      0.172655,
      0.041377,
      -0.061687,
      -0.079654,
      0.02582,
      0.043482,
      -0.021683,
      0.068952,
      0.13411,
      0.016273,
      0.001455,
      0.00821,
      0.062616,
      0.024795,
      -0.112914,
      -0.049612,
      0.005664,
      0.091302,
      0.045605,
      -0.034517,
      -0.144679,
      0.003297,
      0.10851,
      -0.052404,
      -0.121821,
      0.181409,
      -0.084647,
      -0.124693,
      0.044879,
      -0.011551,
      -0.019771,
      0.008567,
      -0.026601,
      -0.088465,
      -0.076729,
      0.19898,
      -0.126931,
      0.000151,
      -0.121646,
      -0.11295,
      0.08044,
      0.004463,
      -0.03868,
      -0.167174,
      0.07965,
      0.045992,
      0.029268,
      0.053171,
      -0.141772,
      -0.010578,
      -0.069333,
      -0.103642,
      0.177169,
      0.089649,
      0.006185,
      0.015288,
      0.019377,
      0.040406,
      0.031565,
      -0.08433,
      -0.066194,
      -0.031361,
      -0.001782,
      0.031672,
      0.043804,
      0.110489,
      -0.066395,
      -0.062941,
      -0.038979,
      0.05687,
      -0.033931,
      -0.049266,
      0.011761,
      0.078516,
      -0.059019,
      -0.158648,
      -0.13187,
      -0.080684,
      0.050542,
      0.06099,
      0.054558,
      0.068444,
      -0.020095,
      0.083653,
      0.127394,
      0.079632,
      -0.028345,
      0.081338,
      0.056991,
      -0.158225,
      0.011892,
      -0.111106,
      -0.061502,
      0.082271,
      -0.087246,
      -0.03892,
      -0.171982,
      0.092926,
      -0.140507,
      -0.092779,
      0.074649,
      0.150304,
      0.074599,
      0.059828,
      0.111248,
      0.006533,
      -0.024266,
      0.102313,
      0.07747,
      -0.065759,
      0.09443,
      -0.147514,
      -0.041488,
      0.077607,
      0.032345,
      0.036625,
      0.011046,
      -0.031084,
      -0.049773,
      -0.071459,
      0.115214,
      0.013003,
      -0.042165,
      -0.186774,
      -0.096834,
      0.021703,
      -0.001681,
      0.042385,
      0.147414,
      0.05579,
      0.116165,
      0.075653,
      -0.013559,
      0.104033,
      -0.073185,
      -0.097496,
      0.141537,
      0.023645,
      0.113624,
      -0.044816,
      -0.031546,
      -0.102327,
      -0.089435,
      -0.064111,
      0.071911,
      0.067147,
      -0.052186,
      -0.177692,
      0.00592,
      -0.041799,
      0.016022,
      -0.027382,
      -0.029719,
      0.003488,
      -0.028293,
      0.024239,
      0.002306,
      -0.058856,
      0.059547,
      -0.051943,
      0.158433,
      0.110703,
      0.066924,
      -0.088437,
      0.042456,
      0.016465,
      0.023165,
      -0.008209,
      0.117628,
      -0.032855,
      0.016578,
      0.043795,
      0.087091,
      0.130868,
      -0.158946,
      -0.003669,
      -0.121761,
      0.078553,
      -0.156338,
      -0.000991,
      -0.020378,
      -0.08854,
      -0.006009,
      -0.023718,
      -0.03509,
      0.098354,
      -0.053826,
      -0.019902,
      0.046876,
      0.028829,
      -0.077836,
      0.084951,
      0.163673,
      0.016564,
      -0.08401,
      -0.074696,
      -0.052338,
      -1.4e-05,
      -0.064398,
      -0.035096,
      0.106814,
      -0.019643,
      0.040333,
      0.06674,
      -0.137966,
      -0.01057,
      -0.042458,
      -0.011245,
      0.008546,
      0.112539,
      -0.028133,
      0.096095,
      -0.119514,
      0.030949,
      0.028168,
      -0.034949,
      -0.047076,
      0.040307,
      -0.02991,
      -0.145167,
      -0.063463,
      0.030745,
      -0.098645,
      0.005437,
      0.193361,
      0.026402,
      0.042304,
      -0.088975,
      0.066755,
      -0.023756,
      -0.098517,
      -0.169992,
      -0.02697,
      -0.131274,
      0.033009,
      -0.159846,
      -0.027407,
      -0.070951,
      -0.106134,
      -0.025655,
      0.022593,
      0.012732,
      -0.020803,
      0.065697,
      -0.139464,
      -0.058588,
      -0.006862,
      -0.02773,
      -0.009438,
      0.009177,
      -0.083904,
      -0.166622,
      0.052068,
      0.02265,
      -0.019531,
      0.13545,
      0.070604,
      -0.151875,
      -0.053063,
      0.137244,
      0.005808,
      -0.104685,
      -0.077432,
      -0.122098,
      0.096109,
      0.067912,
      -0.054681,
      0.009828,
      0.044514,
      -0.059791,
      0.144771,
      0.118846,
      0.122974,
      -0.026442,
      -0.058181,
      0.138419,
      0.159428,
      0.181853,
      -0.183154,
      -0.070091,
      0.092356,
      0.025631,
      -0.035421,
      0.111182,
      0.003038,
      -0.111424,
      0.072905,
      0.179779,
      0.057502,
      0.050653,
      0.02059,
      0.006509,
      0.165448,
      0.037754,
      -0.083533,
      -0.026743,
      0.038384,
      0.075012,
      0.021779,
      0.007504,
      0.06882,
      -0.089026,
      -0.004836,
      -0.01899,
      -0.09153,
      -0.017428,
      -0.000607,
      -0.048632,
      -0.056916,
      0.08238,
      0.095349,
      -0.042446,
      -0.052009,
      -0.020778,
      -0.113993,
      -0.174057,
      0.009548,
      0.023855,
      0.081781,
      0.081771,
      0.055074,
      -0.13298,
      -0.040003,
      0.071648,
      0.097394,
      0.084301,
      -0.155675,
      0.07492,
      0.013473,
      0.044148,
      -0.068435,
      -0.113216,
      0.119956,
      0.009702,
      0.058171,
      0.13917,
      0.083643,
      0.149394,
      -0.077059,
      -0.107253,
      -7e-06,
      0.104265,
      0.012295,
      -0.166525,
      0.066342,
      -0.019244,
      -0.027369,
      0.176868,
      0.095515,
      0.002435,
      0.135282,
      -0.05666,
      0.020836,
      -0.10477,
      -0.097031,
      -0.074664,
      0.009718,
      -0.006439,
      0.061081,
      0.098151,
      -0.06172,
      -0.024646,
      0.108639,
      -0.038693,
      0.065024,
      -0.124736,
      0.009183,
      0.013796,
      -0.127155,
      -0.093264,
      0.182424,
      0.074384,
      -0.015403,
      -0.002313,
      0.07183,
      -0.05042,
      -0.059486,
      -0.032148,
      -0.033001,
      0.025151,
      0.061464,
      0.027748,
      0.022483,
      0.057363,
      -0.026079,
      -0.136922,
      -0.043798,
      -0.013857,
      0.137175,
      0.083561,
      0.023282,
      0.054403,
      -0.082912,
      -0.107998,
      -0.147708,
      0.000779,
      -0.089014,
      0.07515,
      -0.016421,
      -0.035973,
      -0.081632,
      -0.06207,
      -0.057817,
      -0.129509,
      -0.134896,
      0.155471,
      0.126683,
      0.003905,
      0.007548,
      0.068967,
      -0.036498,
      -0.099874,
      -0.09713,
      -0.179812,
      0.034196,
      -0.047906,
      0.048578,
      0.004171,
      0.013326,
      -0.01041,
      -0.134241,
      -0.078892,
      -0.02418,
      -0.190137,
      0.045591,
      0.050977,
      0.034407,
      -0.027631,
      -0.097353,
      -0.086403,
      -0.026548,
      -0.005992,
      0.04811,
      -0.080998,
      -0.136635,
      0.058867,
      0.114648,
      0.101107,
      -0.09273,
      0.037887,
      0.031371,
      -0.049906,
      -0.004644,
      -0.094231,
      0.078448,
      0.170615,
      -0.044692,
      -0.042676,
      -0.07967,
      0.029487,
      -0.1254,
      -0.052657,
      0.03919,
      0.008373,
      0.007218,
      -0.070533,
      0.047289,
      -0.0074,
      -0.171117,
      -0.031392,
      0.042986,
      -0.165944,
      -0.064629,
      0.076186,
      0.061145,
      -0.05666,
      0.012062,
      0.178154,
      0.147356,
      -0.04392,
      -0.131644,
      -0.06321,
      -0.032781,
      -0.104567,
      -0.132684,
      -0.025135,
      -0.087558,
      -0.104296,
      0.033378,
      0.173838,
      -0.002122,
      -0.140928,
      -0.012356,
      0.038285,
      0.136878,
      0.042698,
      0.015506,
      -0.15186,
      0.010743,
      0.090962,
      -0.090914,
      0.026326,
      0.047224,
      -0.013686,
      0.139965,
      -0.17592,
      0.082318,
      0.01587,
      0.036785,
      -0.111092,
      -0.202358,
      -0.067182,
      0.019184,
      0.004075,
      0.035488,
      -0.080271,
      -0.01485,
      -0.197781,
      0.021921,
      0.09313,
      -0.14843,
      -0.02937,
      -0.018553,
      0.018421,
      -0.086249,
      -0.065295,
      -0.063094,
      0.178096,
      -0.032132,
      -0.083956,
      -0.13503,
      -0.159166,
      -0.008243,
      -0.042698,
      0.05102,
      0.066635,
      0.111762,
      -0.047912,
      -0.074533,
      0.005676,
      -0.018137,
      0.08358,
      -0.102312,
      0.015136,
      -0.042552,
      -0.199553,
      0.19651,
      -0.087072,
      -0.008294,
      0.108849,
      -0.040126,
      0.049603,
      0.168658,
      0.116373,
      -0.130656,
      0.090316,
      -0.034625,
      -0.047056,
      0.166089,
      0.057941,
      0.192983,
      -0.072307,
      0.034196,
      0.055282,
      0.02226,
      0.089511,
      0.006338,
      0.005147,
      0.007368,
      -0.066977,
      -0.030351,
      -0.081911,
      0.018807,
      0.084203,
      -0.036086,
      0.048537,
      -0.087734,
      0.035743,
      -0.103839,
      -0.074171,
      0.043614,
      -0.067708,
      -0.021806,
      0.036541,
      -0.036339,
      0.033931,
      0.096839,
      -0.028506,
      -0.018342,
      0.037983,
      -0.095178,
      -0.018934,
      0.020917,
      0.07396,
      -0.022947,
      0.010966,
      0.049642,
      -0.019413,
      -0.065751,
      -0.096472,
      -0.003401,
      0.141032,
      -0.127312,
      -0.016996,
      0.032285,
      -0.123673,
      -0.073559,
      0.002409,
      -0.00571,
      0.036175,
      0.007054,
      0.088008,
      -0.079375,
      -0.021378,
      0.054985,
      0.027512,
      0.055102,
      -0.016372,
      0.143621,
      -0.102266,
      -0.057217,
      -0.082336,
      0.01815,
      -0.075562,
      0.16121,
      0.002235,
      0.071136,
      -0.032374,
      0.021074,
      -0.027924,
      0.051194,
      -0.055356,
      -0.005602,
      -0.192659,
      -0.075409,
      -0.016562,
      -0.132785,
      0.046742,
      0.008061,
      0.030494,
      0.113701,
      -0.006614,
      -0.083502,
      0.087223,
      -0.016485,
      -0.124026,
      4.5e-05,
      0.072626,
      -0.031863,
      0.079151,
      0.075301,
      0.048839,
      0.000333,
      0.053479,
      0.00814,
      -0.022882,
      -0.017321,
      -0.123317,
      0.019104,
      0.011547,
      -0.076376,
      -0.054519,
      0.070474,
      -0.089375,
      -0.01583,
      0.037223,
      0.160637,
      -0.04517,
      -0.080915,
      0.0088,
      0.096977,
      0.009509,
      -0.097626,
      -0.04298,
      0.048333,
      -0.060394,
      -0.077052,
      -0.131191,
      -0.036196,
      0.133727,
      -0.108735,
      0.14636,
      -0.000873,
      -0.182421,
      -0.07999,
      0.086762,
      0.013787,
      0.10297,
      -0.019889,
      -0.105876,
      -0.010341,
      -0.044195,
      -0.050748,
      0.132163,
      -0.010301,
      -0.012534,
      0.123054,
      -0.150558,
      0.113222,
      0.027232,
      -0.06124,
      -0.085806,
      -0.027196,
      -0.049383,
      0.04368,
      -0.054516,
      -0.064585,
      0.04345,
      -0.057704,
      -0.007001,
      0.021516,
      -0.039944,
      0.009935,
      0.018431,
      -0.034702,
      -0.014587,
      -0.068199,
      0.044909,
      -0.052797,
      0.082113,
      0.132372,
      -0.002457,
      0.032087,
      0.043965,
      0.070144,
      -0.064332,
      0.04668,
      -0.060997,
      -0.067528,
      0.011643,
      0.009003,
      0.069992,
      -0.104608,
      0.006876,
      0.012946,
      -0.005763,
      0.025058,
      -0.056985,
      -0.12807,
      -0.037867,
      0.051503,
      -0.025123,
      -0.099549,
      0.098973,
      -0.011076,
      0.050768,
      0.043472,
      -0.026417,
      0.130915,
      0.036313,
      0.110242,
      -0.004143,
      0.064792,
      0.096726,
      0.030385,
      -0.163415,
      0.070553,
      0.03303,
      0.054026,
      0.034381,
      0.018063,
      -0.063395,
      -0.02992,
      -0.010818,
      0.011396,
      0.073156,
      -0.119024,
      0.135745,
      0.114406,
      -0.022115,
      -0.084846,
      -0.052679,
      -0.023199,
      -0.003675,
      0.043255,
      0.06363,
      -0.017042,
      -0.01115,
      0.103819,
      0.024139,
      -0.066531,
      0.071294,
      -0.099943,
      0.084373,
      -0.070708,
      0.016495,
      -0.135732,
      -0.077079,
      -0.024011,
      -0.063214,
      -0.09088,
      0.061848,
      0.043578,
      0.081786,
      0.045946,
      0.0861,
      0.06826,
      -0.204481,
      -0.058656,
      0.037986,
      0.098576,
      0.070203,
      0.101877,
      0.058996,
      -0.073565,
      0.04472,
      0.034073,
      -0.041005,
      0.083621,
      -0.029346,
      -0.061978,
      0.109011,
      0.057415,
      -0.1204,
      0.083994,
      -0.034792,
      0.052409,
      -0.091381,
      0.042752,
      -0.080218,
      0.064431,
      -0.096779,
      0.009149,
      0.036623,
      -0.08023,
      -0.069724,
      -0.078389,
      0.074182,
      0.050634,
      -0.007038,
      0.050503,
      -0.010948,
      0.04518,
      -0.036692,
      -0.093757,
      0.064963,
      -0.060758,
      0.072855,
      -0.118661,
      -0.141685,
      0.064416,
      -0.0802,
      -0.03837,
      0.178632,
      0.01912,
      0.119097,
      0.099188,
      -0.050514,
      -0.149736,
      -0.010982,
      0.114876,
      0.039043,
      0.167273,
      -0.08217,
      0.012765,
      0.024288,
      -0.012593,
      -0.054046,
      0.092987,
      -0.020503,
      -0.06291,
      0.018212,
      0.017248,
      0.049515,
      0.112989,
      0.099264,
      -0.065001,
      -0.01324,
      0.005588,
      0.06863,
      -0.021656,
      -0.122004,
      -0.160722,
      -0.023378,
      0.150884,
      0.015698,
      0.051295,
      -0.080485,
      0.076996,
      -0.077372,
      0.086192,
      -0.018647,
      0.036816,
      0.070356,
      0.036282,
      -0.175379,
      -0.061213,
      0.03201,
      0.071349,
      -0.100642,
      0.097508,
      -0.025635,
      0.123736,
      0.066558,
      -0.050397,
      0.043058,
      0.092273,
      -0.005518,
      0.048611,
      0.025076,
      -0.110472,
      -0.010089,
      -0.145477,
      0.006405,
      0.072614,
      -0.068093,
      -0.014659,
      0.080376,
      -0.094685,
      -0.143046,
      0.142821,
      0.160641,
      0.131458,
      0.001587,
      0.006925,
      -0.159222,
      0.001308,
      0.037362,
      0.020115,
      -0.021097,
      -0.011691,
      -0.169083,
      0.033311,
      -0.002367,
      -0.100936,
      0.175103,
      -0.003724,
      0.075299,
      -0.089069,
      -0.050795,
      0.005892,
      0.056242,
      -0.105194,
      -0.111816,
      -0.012271,
      0.161472,
      0.004983,
      0.044273,
      0.007046,
      0.134626,
      0.062219,
      0.122685,
      0.068414,
      0.120462,
      -0.046374,
      -0.172063,
      0.080046,
      -0.014139,
      0.036887,
      0.010315,
      -0.003868,
      0.022608,
      0.056284,
      0.070367,
      0.060031,
      -0.02741,
      0.0008,
      -0.025163,
      0.013908,
      0.055396,
      -0.008557,
      -0.042372,
      -0.116693,
      -0.091624,
      0.057159,
      0.150284,
      0.109849,
      0.035008,
      0.026394,
      -0.090752,
      -0.035518,
      -0.05954,
      -0.01569,
      -0.034117,
      -0.01844,
      0.047289,
      0.061759,
      0.076788,
      -0.144389,
      0.116372,
      0.049099,
      -0.002854,
      0.004121,
      -0.145291,
      -0.046312,
      0.100986,
      0.066247,
      0.004864,
      0.109596,
      -0.116105,
      0.045224,
      -0.003589,
      0.081795,
      -0.128831,
      -0.022057,
      0.015936,
      -0.047355,
      -0.015883,
      0.086809,
      -0.059505,
      0.142403,
      0.026496,
      0.06,
      0.115875,
      -0.013376,
      0.039117,
      -0.046529,
      0.008308,
      -0.088476,
      -0.079939,
      0.051485,
      0.050026,
      -0.045374,
      -0.039166,
      -0.163329,
      -0.156161,
      0.122953,
      0.009372,
      0.064729,
      -0.01621,
      -0.012207,
      0.053412,
      0.158125,
      0.053309,
      -0.166863,
      0.18714,
      -0.064359,
      -0.058968,
      -0.126131,
      0.051871,
      -0.009532,
      -0.025013,
      -0.01291,
      -0.121179,
      0.085524,
      0.007986,
      -0.003325,
      -0.049801,
      -0.132536,
      -0.015286,
      0.020234,
      0.068195,
      0.03443,
      0.014361,
      0.003884,
      0.040862,
      -0.045633,
      -0.07026,
      0.071653,
      0.057958,
      -0.128541,
      -0.145256,
      0.09662,
      -0.116868,
      -0.081882,
      -0.063138,
      0.005031,
      -0.014036,
      -0.04929,
      0.026565,
      0.048881,
      -0.047407,
      0.019559,
      0.104792,
      0.044736,
      -0.081435,
      -0.141153,
      -0.047121,
      -0.056112,
      -0.083795,
      0.083106,
      0.019594,
      -0.002916,
      -0.048523,
      -0.065912,
      -0.090198,
      0.031989,
      0.108752,
      0.09587,
      -0.070746,
      -0.004501,
      -0.089647,
      0.016268,
      0.018958,
      -0.043885,
      -0.081035,
      -0.037597,
      0.023009,
      0.04047,
      -0.024068,
      -0.045087,
      0.120373,
      0.10451,
      0.043447,
      -0.117301,
      0.003032,
      0.062301,
      -0.052227,
      -0.107543,
      0.011212,
      -0.031991,
      -0.020219,
      0.066939,
      0.056131,
      0.059592,
      0.08808,
      0.077396,
      -0.078384,
      0.074987,
      0.083607,
      0.097667,
      -0.096252,
      0.021769,
      -0.004709,
      -0.067666,
      0.009284,
      -0.087338,
      -0.037011,
      -0.031312,
      0.048765,
      0.005864,
      0.004047,
      0.00993,
      -0.065931,
      0.091669,
      -0.020608,
      0.052252,
      -0.131552,
      0.149149,
      -0.057095,
      -0.027947,
      -0.051539,
      -0.070678,
      -0.050783,
      -0.086398,
      -0.035917,
      0.043577,
      0.143426,
      0.002909,
      -0.141748,
      0.017115,
      0.047552,
      -0.025486,
      -0.006752,
      -0.068381,
      -0.025029,
      -0.004227,
      -0.070204,
      0.100474,
      -0.034211,
      -0.008087,
      0.035987,
      0.067962,
      -0.064359,
      -0.112941,
      0.041405,
      -0.123301,
      -0.054809,
      -0.056491,
      0.111193,
      -0.009947,
      0.069489,
      -0.092685,
      0.015013,
      0.069771,
      0.085639,
      0.1081,
      -0.036638,
      -0.127541,
      -0.003068,
      0.004991,
      0.039903,
      0.136725,
      -0.110244,
      -0.005446,
      -0.040759,
      0.031257,
      -0.071753,
      0.031855,
      0.005493,
      0.019253,
      -0.041673,
      0.085767,
      0.05766,
      -0.101748,
      -0.01551,
      -0.061579,
      -0.114482,
      -0.056141,
      0.06725,
      -0.026228,
      0.051964,
      -0.03565,
      -0.014511,
      0.022432,
      -0.179009,
      -0.066606,
      0.140749,
      0.145861,
      -0.015887,
      0.084918,
      0.120412,
      0.08229,
      0.118168,
      -0.036462,
      0.18102,
      0.16628,
      -0.011853,
      0.051731,
      -0.058759,
      0.053829,
      0.004656,
      0.079646,
      0.115448,
      0.08245,
      -0.019607,
      0.116302,
      -0.114832,
      0.082118,
      0.160823,
      -0.091739,
      -0.091833,
      -0.120717,
      -0.005419,
      0.051337,
      -0.044865,
      0.083656,
      -0.039474,
      0.121427,
      0.002644,
      -0.017719,
      0.104518,
      0.006301,
      0.084251,
      0.113857,
      -0.112024,
      0.036948,
      0.032757,
      0.130208,
      -0.042458,
      -0.089006,
      0.07662,
      0.088641,
      -0.009486,
      -0.06178,
      0.059457,
      -0.060293,
      -0.077647,
      -0.02111,
      -0.075944,
      -0.03284,
      0.048745,
      -0.045804,
      0.08843,
      -0.137393,
      0.058068,
      0.026867,
      -0.039452,
      -0.030716,
      -0.098654,
      0.117202,
      -0.110758,
      0.04249,
      -0.01023,
      -0.007076,
      0.015444,
      0.112612,
      0.064023,
      -0.037578,
      0.066201,
      -0.075776,
      0.028585,
      -0.202384,
      0.014296,
      0.218355,
      -0.156538,
      0.079835,
      0.000615,
      -0.033951,
      0.032015,
      0.020661,
      -0.142731,
      0.070475,
      -0.031428,
      -0.011089,
      -0.000264,
      0.062086,
      0.09746,
      -0.090274,
      0.010643,
      -0.148011,
      0.05943,
      0.035743,
      -0.072047,
      0.1354,
      -0.028907,
      -0.032466,
      0.139077,
      0.062378,
      -0.060312,
      -0.110491,
      0.071217,
      0.112554,
      0.048022,
      -0.074293,
      -0.126587,
      -0.050459,
      -0.020409,
      0.098748,
      -0.029623,
      -0.08853,
      0.055747,
      -0.029144,
      0.0168,
      -0.13077,
      0.104189,
      -0.025998,
      -0.079267,
      0.076579,
      -0.029753,
      -0.025122,
      0.069119,
      -0.001002,
      0.129675,
      0.165184,
      0.080393,
      -0.075105,
      0.022153,
      0.01464,
      0.012838,
      0.043791,
      0.015102,
      -0.095293,
      -0.142514,
      -0.100406,
      0.024254,
      -0.050377,
      0.039384,
      -0.107043,
      -0.12619,
      -0.090952,
      -0.026265,
      0.011144,
      -0.08691,
      -0.050505,
      -0.085922,
      -0.112268,
      0.062013,
      -0.090042,
      -0.085312,
      0.089445,
      0.16272,
      -0.093951,
      0.013646,
      0.053889,
      -8.3e-05,
      0.052475,
      0.031576,
      0.076236,
      0.021156,
      0.069384,
      0.011934,
      0.082896,
      0.078224,
      0.0277,
      -0.078093,
      0.031287,
      -0.09871,
      0.091822,
      0.085329,
      0.033911,
      0.044583,
      0.112638,
      -0.100842,
      -0.025586,
      0.00579,
      -0.024702,
      0.10427,
      0.069303,
      -0.009863,
      0.003593,
      0.105751,
      0.047553,
      -0.071748,
      0.113058,
      -0.030385,
      0.021719,
      -0.11294,
      -0.011627,
      0.051086,
      0.013842,
      -0.076973,
      0.043883,
      0.121731,
      0.089896,
      0.005249,
      0.04416,
      0.065758,
      0.035801,
      -0.035315,
      0.01596,
      0.085804,
      -0.042499,
      -0.088651,
      0.106653,
      -0.029004,
      0.010684,
      0.090321,
      0.081118,
      -0.034679,
      -0.057729,
      -0.021906,
      0.11529,
      0.042537,
      0.05672,
      0.036947,
      0.080518,
      0.066887,
      0.042288,
      0.064932,
      -0.004445,
      0.013393,
      -0.037317,
      0.121475,
      0.053968,
      -0.03163,
      0.010458,
      0.037273,
      0.066546,
      -0.084563,
      0.053175,
      -0.046012,
      -0.069749,
      -0.159094,
      -0.015586,
      0.074269,
      0.000101,
      0.093814,
      0.08688,
      0.002929,
      0.087428,
      -0.045139,
      -0.084721,
      0.129167,
      -0.030603,
      -0.126803,
      0.137431,
      0.185592,
      -0.093367,
      -0.093005,
      0.051065,
      -0.100693,
      0.109046,
      0.02115,
      -0.010467,
      0.096749,
      -0.007046,
      0.143897,
      -0.000842,
      0.054504,
      -0.073657,
      -0.076072,
      -0.012764,
      -0.016842,
      -0.130561,
      0.081208,
      0.086665,
      -0.063995,
      -0.070864,
      0.102573,
      0.125706,
      -0.107621,
      0.010582,
      -0.090851,
      -0.05291,
      -0.07618,
      0.103352,
      -0.020179,
      -0.006253,
      0.002808,
      0.10071,
      -0.080567,
      -0.200002,
      -0.073306,
      -0.039183,
      -0.022211,
      0.066884,
      0.095893,
      0.137996,
      0.154492,
      -0.049475,
      0.020834,
      -0.139877,
      -0.029353,
      -0.117317,
      -0.047883,
      -0.064472,
      0.076045,
      -0.010822,
      0.068148,
      0.103678,
      -0.008913,
      -0.147506,
      -0.059777,
      -0.053851,
      0.009235,
      -0.006413,
      0.036037,
      0.014712,
      -0.013252,
      -0.039796,
      -0.104741,
      -0.009873,
      -0.005973,
      -0.126721,
      0.012294,
      -0.104115,
      -0.032458,
      -0.021433,
      0.010981,
      0.085725,
      0.146934,
      0.015983,
      0.073983,
      0.180586,
      0.081687,
      -0.11994,
      -0.001125,
      0.023229,
      -0.013672,
      -0.124143,
      -0.168343,
      0.140522,
      -0.145524,
      0.030789,
      -0.005945,
      -0.027391,
      -0.148314,
      -0.084175,
      0.060993,
      -0.095937,
      0.012774,
      -0.068151,
      -0.032399,
      0.015342,
      -0.060512,
      0.054947,
      0.19115,
      0.00416,
      -0.041443,
      0.10221,
      0.097413,
      0.039556,
      0.104644,
      0.023363,
      0.008718,
      0.079778,
      0.01277,
      -0.052442,
      0.086522,
      0.066992,
      -0.036765,
      -0.123614,
      0.063677,
      0.064281,
      0.10728,
      -0.103548,
      -0.043002,
      -0.085453,
      -0.017516,
      -0.005134,
      0.004328,
      0.103495,
      0.087863,
      0.077172,
      -0.109141,
      0.069633,
      0.115892,
      0.015387,
      0.012654,
      0.021858,
      -0.05785,
      0.10699,
      -0.034247,
      0.04719,
      0.174471,
      -0.047463,
      -0.001921,
      -0.081781,
      0.053579,
      -0.204108,
      -0.090472,
      -0.116364,
      0.145176,
      -0.036881,
      0.157449,
      -0.059566,
      -0.182947,
      0.130849,
      0.061146,
      -0.108168,
      0.121995,
      0.046394,
      0.101505,
      -0.189304,
      -0.161702,
      0.004328,
      -0.003168,
      0.09219,
      0.13137,
      -0.132522,
      0.14576,
      0.154165,
      -0.074168,
      0.10289,
      0.170771,
      -0.005516,
      -0.08964,
      -0.013053,
      -0.015029,
      -0.003997,
      -0.036664,
      0.080373,
      0.102251,
      0.048357,
      0.072476,
      0.038279,
      0.101186,
      0.054746,
      -0.024769,
      -0.014998,
      -0.035315,
      -0.010199,
      -0.069116,
      0.022437,
      0.133183,
      -0.075925,
      0.08384,
      -0.058728,
      -0.011268,
      0.036359,
      -0.051741,
      -0.131639,
      -0.047346,
      -0.027803,
      -0.028062,
      -0.012802,
      0.157407,
      0.118588,
      -0.057421,
      0.115204,
      -0.031615,
      0.027548,
      -0.003075,
      0.001659,
      0.084494,
      -0.025929,
      -0.0887,
      0.060815,
      -0.048818,
      0.031874,
      0.018088,
      -0.050491,
      0.013359,
      -0.081113,
      -0.007972,
      -0.005663,
      0.089564,
      0.125719,
      -0.03179,
      -0.149109,
      0.132512,
      0.063949,
      0.013794,
      -0.056222,
      0.015391,
      0.145474,
      0.007482,
      0.000184,
      0.037009,
      -0.050299,
      -0.026614,
      0.138634,
      0.033717,
      0.195632,
      -0.00894,
      -0.074032,
      0.005897,
      -0.002704,
      0.012761,
      0.096633,
      0.134282,
      0.109768,
      -0.147192,
      0.015182,
      0.111635,
      -0.193089,
      0.085225,
      0.008889,
      0.103722,
      -0.013385,
      -0.006335,
      0.053228,
      0.041932,
      0.046475,
      0.085847,
      0.092516,
      0.018086,
      -0.051336,
      -0.045804,
      -0.209648,
      -0.111814,
      -0.086109,
      -0.066432,
      -0.094987,
      -0.066122,
      -0.032905,
      -0.110006,
      -0.050572,
      0.035604,
      0.067713,
      0.038201,
      -0.199013,
      0.097313,
      0.037506,
      -0.194408,
      0.007425,
      -0.045716,
      0.023097,
      0.138479,
      0.038497,
      0.068611,
      -0.003703,
      -0.009632,
      0.119595,
      -0.123593,
      0.108164,
      0.01741,
      -0.087235,
      0.019388,
      -0.153302,
      -0.002487,
      -0.000747,
      -0.138981,
      0.051434,
      -0.032488,
      -0.10288,
      -0.037285,
      -0.088465,
      0.168203,
      -0.067084,
      -0.111126,
      0.059923,
      0.058554,
      -0.095562,
      -0.21571,
      0.134788,
      0.065943,
      0.000588,
      -0.016266,
      0.085002,
      0.073075,
      -0.091626,
      -0.035513,
      -0.132301,
      0.133421,
      -0.03551,
      -0.077263,
      0.063668,
      0.040948,
      -0.010509,
      -0.005159,
      -0.104346,
      -0.119249,
      0.094765,
      -0.0759,
      0.003026,
      0.003512,
      0.105172,
      0.036464,
      0.012147,
      0.049455,
      -0.086812,
      0.011287,
      -0.022578,
      -0.03492,
      -0.101553,
      0.006625,
      -0.076589,
      -0.011626,
      0.140007,
      0.159298,
      0.015919,
      0.010012,
      -0.058906,
      -0.003673,
      -0.057273,
      -0.090102,
      0.018037,
      -0.011273,
      -0.041183,
      -0.039424,
      0.111663,
      0.074173,
      0.030345,
      0.09842,
      0.065231,
      0.098095,
      0.152192,
      0.110021,
      0.075248,
      0.007614,
      0.041562,
      0.053566,
      0.091453,
      -0.04382,
      -0.106777,
      -0.008222,
      0.005449,
      -0.028883,
      -0.115194,
      0.034824,
      -0.097275,
      -0.019771,
      0.02358,
      0.04472,
      -0.056205,
      -0.125803,
      -0.155164,
      0.154664,
      -0.119908,
      -0.078261,
      0.028183,
      -0.035436,
      0.04847,
      -0.040788,
      -0.128713,
      0.067436,
      0.190141,
      -0.068804,
      -0.031418,
      0.036894,
      0.026676,
      0.042517,
      0.010205,
      -0.031623,
      0.025576,
      -0.090916,
      0.000114,
      -0.118322,
      -0.047299,
      -0.040758,
      -0.026646,
      0.095468,
      0.093848,
      0.062177,
      0.041239,
      0.037702,
      -0.008753,
      0.081093,
      0.045168,
      0.003808,
      0.122794,
      -0.074988,
      -0.016025,
      -0.081615,
      -0.149249,
      0.020444,
      -0.009936,
      0.004086,
      -0.020066,
      -0.123704,
      0.098679,
      0.023456,
      -0.015748,
      0.091577,
      -0.018383,
      0.147236,
      0.041581,
      -0.055491,
      -0.098164,
      0.030639,
      -0.066453,
      -0.098118,
      0.096018,
      0.049566,
      0.072545,
      -0.012493,
      -0.031324,
      0.02766,
      -0.065271,
      -0.032322,
      0.027353,
      0.072505,
      0.146274,
      -0.028805,
      0.11862,
      -0.089288,
      -0.095178,
      -0.093417,
      -0.059424,
      0.129733,
      -0.016214,
      -0.192701,
      -0.023119,
      -0.042107,
      -0.062009,
      0.096289,
      -0.020231,
      0.115385,
      -0.1357,
      0.020157,
      -0.053118,
      0.132704,
      0.002462,
      -0.069347,
      -0.082457,
      -0.032695,
      0.03382,
      -0.077669,
      -0.009061,
      0.051553,
      0.051953,
      0.099282,
      0.05121,
      -0.100315,
      0.073039,
      0.048148,
      -0.113609,
      -0.056555,
      0.123274,
      0.105443,
      -0.014404,
      0.05619,
      0.103231,
      0.078489,
      0.037452,
      0.100622,
      0.01123,
      -0.126582,
      0.106851,
      0.020067,
      -0.043129,
      0.016688,
      -0.018154,
      -0.056038,
      -0.066945,
      0.014218,
      -0.014743,
      0.039208,
      -0.082585,
      0.026268,
      0.015507,
      0.021401,
      -0.049754,
      0.152003,
      0.020273,
      -0.10727,
      -0.055265,
      -0.078412,
      0.042671,
      0.009042,
      0.116589,
      -0.029844,
      0.089149,
      0.022873,
      -0.081754,
      0.094504,
      0.066977,
      -0.057966,
      -0.018927,
      0.027972,
      -0.007374,
      -0.010282,
      0.100422,
      -0.082795,
      -0.153517,
      -0.125194,
      -0.012899,
      0.011436,
      0.016669,
      -0.004328,
      -0.06239,
      0.017627,
      0.138675,
      -0.147224,
      0.020005,
      -0.118893,
      0.139777,
      0.169838,
      -0.052834,
      0.023617,
      -0.041128,
      -0.127053,
      -0.064719,
      -0.025826,
      0.037788,
      -0.059687,
      0.15069,
      0.007268,
      0.031792,
      0.065719,
      -0.059713,
      -0.021904,
      -0.064683,
      -0.018086,
      -0.132527,
      -0.061935,
      -0.013869,
      0.172381,
      0.027104,
      0.13251,
      0.102202,
      0.016323,
      0.127282,
      0.032537,
      0.122486,
      -0.179113,
      0.054282,
      -0.016779,
      0.032668,
      0.070113,
      -0.069419,
      0.088013,
      -0.034287,
      0.118635,
      -0.055811,
      0.025573,
      -0.014701,
      0.078411,
      -0.178648,
      0.053188,
      -0.079129,
      -0.063941,
      0.0045,
      0.09082,
      -0.037352,
      0.119106,
      -0.081665,
      -0.172324,
      -0.060116,
      0.092953,
      -0.013922,
      -0.105258,
      -0.016957,
      0.026293,
      -0.034124,
      -0.044902,
      -0.037801,
      0.035934,
      -0.067976,
      0.049644,
      0.128539,
      -0.018231,
      0.038606,
      -0.000974,
      -0.059637,
      -0.023948,
      -0.08292,
      0.088354,
      0.060213,
      -0.08924,
      -0.128993,
      0.030629,
      -0.207516,
      -0.184888,
      -0.020429,
      -0.020415,
      -0.141473,
      -0.033464,
      -0.065278,
      0.118019,
      0.024701,
      0.142797,
      0.06726,
      0.130132,
      0.071676,
      -0.095993,
      -0.07558,
      -0.064612,
      -0.110597,
      -0.067221,
      0.041908,
      -0.087786,
      -0.17489,
      0.01441,
      -0.017965,
      -0.007252,
      -0.026453,
      0.004621,
      -0.004796,
      -0.006537,
      -0.058575,
      -0.08188,
      0.008041,
      -0.026286,
      -0.00605,
      0.026997,
      -0.08313,
      -0.070395,
      0.016515,
      -0.051204,
      -0.037995,
      0.129247,
      -0.140069,
      -0.108308,
      0.024183,
      -0.082354,
      -0.048601,
      0.043743,
      -0.150727,
      0.070817,
      -0.007317,
      -0.035563,
      0.025019,
      0.06677,
      0.0456,
      -0.044788,
      0.057411,
      0.060434,
      -0.060865,
      -0.00113,
      -0.005963,
      0.071531,
      -0.044067,
      0.008304,
      0.074429,
      -0.007442,
      0.062242,
      0.008335,
      0.029389,
      0.145798,
      0.086048,
      -0.025871,
      -0.031495,
      -0.10753,
      0.026508,
      -0.21008,
      -0.032034,
      0.005484,
      0.042224,
      0.172509,
      0.032138,
      0.058126,
      0.096843,
      0.068307,
      0.034197,
      -0.037242,
      0.026873,
      -0.09098,
      -0.110099,
      -0.062297,
      -0.005336,
      0.072992,
      0.040029,
      0.056128,
      0.038367,
      0.037586,
      -0.042383,
      0.013828,
      -0.109855,
      -0.147994,
      -0.133138,
      0.063108,
      -0.019415,
      -0.062817,
      -0.080291,
      -0.022304,
      -0.08844,
      0.163634,
      0.130482,
      -0.038661,
      0.076137,
      -0.177751,
      0.012307,
      0.156986,
      0.029643,
      0.002131,
      0.01389,
      -0.157704,
      -0.045095,
      -0.062002,
      0.052323,
      -0.011115,
      0.091873,
      -0.081268,
      -0.164466,
      0.076956,
      -0.001137,
      0.052457,
      0.044624,
      0.065309,
      0.084926,
      -0.065928,
      0.018398,
      -0.186214,
      0.095415,
      0.034652,
      -0.09607,
      -0.000193,
      -0.0186,
      -0.081525,
      0.054865,
      0.10312,
      -0.050551,
      -0.030789,
      -0.012567,
      -0.039731,
      0.090254,
      -0.011754,
      0.203549,
      -0.110216,
      0.1013,
      -0.11372,
      -0.082388,
      0.165871,
      -0.188949,
      -0.168965,
      -0.160586,
      0.003211,
      0.051695,
      -0.035404,
      0.153971,
      0.130428,
      0.061354,
      0.091534,
      0.074875,
      -0.180489,
      -0.124583,
      0.099899,
      0.093723,
      -0.069254,
      -0.106163,
      -0.137287,
      0.187893,
      0.07543,
      0.030534,
      -0.100987,
      0.092028,
      0.05599,
      -0.055479,
      -0.059775,
      0.086124,
      -0.111511,
      -0.057488,
      0.058169,
      0.074843,
      -0.03668,
      0.010521,
      -0.077017,
      -0.143732,
      -0.186398,
      -0.022756,
      -0.087087,
      0.174538,
      -0.050499,
      0.063927,
      0.015824,
      -0.027882,
      0.16407,
      -0.0509,
      0.18559,
      -0.049276,
      0.029409,
      -0.169872,
      0.040537,
      0.04454,
      -0.190443,
      0.102927,
      0.176286,
      0.066864,
      0.068006,
      -0.079015,
      -0.167342,
      0.072646,
      0.012821,
      -0.059968,
      -0.072174,
      0.100493,
      0.018882,
      0.159321,
      0.139801,
      -0.127004,
      0.094533,
      -0.020308,
      0.0947,
      -0.145113,
      -0.177436,
      -0.151207,
      -0.151073,
      -0.002159,
      0.098371,
      -0.051872,
      -0.008242,
      -0.198112,
      0.064576,
      0.188346,
      0.192509,
      0.087671,
      -0.179416,
      0.038664,
      -0.067896,
      0.113741,
      0.011509,
      -0.211166,
      0.129018,
      -0.009622,
      0.031456,
      -0.078907,
      0.108941,
      0.112275,
      -0.008569,
      0.156594,
      0.007656,
      -0.008214,
      -0.145925,
      -0.014263,
      0.10348,
      -0.098219,
      -0.039072,
      -0.020099,
      0.134037,
      -0.03855,
      -0.022275,
      0.076785,
      -0.020953,
      -0.135582,
      -0.159005,
      -0.010534,
      0.114086,
      0.04347,
      -0.167773,
      0.12612,
      -0.055035,
      0.192348,
      -0.0102,
      0.01264,
      -0.028291,
      -0.110737,
      -0.080385,
      0.014701,
      0.028057,
      -0.058011,
      -0.00491,
      -0.158885,
      0.087644,
      0.06766,
      -0.021091,
      -0.028354,
      -0.083906,
      0.183115,
      0.125273,
      0.142018,
      0.070122,
      -0.008558,
      -0.043782,
      -0.07492,
      0.090643,
      -0.007119,
      0.058442,
      0.05752,
      -0.054152,
      -0.016335,
      0.122534,
      -0.144433,
      -0.009888,
      0.12631,
      -0.011407,
      -0.142925,
      0.145626,
      0.14075,
      -0.111241,
      0.175259,
      -0.012532,
      -0.027896,
      0.022007,
      0.119018,
      -0.088519,
      0.020261,
      0.02204,
      -0.031543,
      0.076566,
      -0.053953,
      0.006229,
      0.083128,
      -0.027995,
      0.04035,
      -0.021514,
      0.017126,
      0.024208,
      -0.154884,
      0.108545,
      -0.053779,
      0.113466,
      0.076751,
      -0.019365,
      0.088338,
      0.004758,
      -0.028497,
      -0.035484,
      -0.026192,
      -0.043108,
      -0.060197,
      -0.038036,
      0.002317,
      0.013819,
      0.180062,
      0.008645,
      0.06744,
      0.048401,
      -0.152917,
      0.181532,
      0.053107,
      0.040236,
      -0.090332,
      -0.147066,
      0.182686,
      -0.050256,
      -0.110427,
      0.008647,
      -0.105567,
      0.058207,
      -0.166325,
      0.052288,
      -0.069616,
      -0.06127,
      0.190051,
      -0.177127,
      -0.066958,
      -0.066734,
      -0.161893,
      0.012118,
      -0.000889,
      0.070802,
      -0.041307,
      0.053918,
      -0.056816,
      0.003904,
      -0.081786,
      -0.073778,
      0.043573,
      -0.055391,
      0.023911,
      0.125284,
      0.127431,
      -0.053284,
      -0.062889,
      -0.012621,
      0.051605,
      0.053877,
      -0.029986,
      0.1033,
      0.146242,
      0.048312,
      -0.027248,
      -0.053549,
      -0.109608,
      0.01393,
      0.024837,
      0.054067,
      0.076977,
      0.106981,
      0.003637,
      0.033841,
      -0.032363,
      0.055908,
      0.012158,
      -0.072938,
      0.110308,
      -0.044001,
      -0.091917,
      0.124307,
      0.142424,
      -0.124539,
      0.077904,
      -0.013168,
      0.093958,
      -0.132466,
      0.06722,
      0.171515,
      -0.129534,
      -0.100367,
      0.09373,
      0.096868,
      0.079191,
      0.008642,
      -0.049318,
      0.142649,
      -0.080926,
      -0.017308,
      0.087557,
      0.010099,
      0.017483,
      0.099262,
      0.051772,
      0.080294,
      -0.143789,
      -0.034618,
      -0.027055,
      0.127513,
      0.082357,
      -0.032405,
      -0.162735,
      0.004287,
      0.002764,
      0.093283,
      0.202882,
      0.001434,
      0.137695,
      0.010059,
      0.158806,
      -0.060849,
      0.006835,
      -0.111307,
      0.147118,
      0.114231,
      0.171828,
      -0.107695,
      -0.047813,
      -0.071467,
      0.140942,
      -0.095256,
      0.032394,
      -0.068587,
      0.01564,
      0.101115,
      0.073013,
      0.12203,
      -0.060747,
      -0.001474,
      -0.012539,
      -0.022386,
      -0.039544,
      -0.012561,
      0.117742,
      0.0481,
      0.032636,
      0.021335,
      0.04096,
      0.189017,
      -0.169299,
      0.025699,
      -0.157862,
      -0.001565,
      -0.128252,
      -0.038536,
      -0.113911,
      0.010691,
      -0.098145,
      -0.119375,
      0.013482,
      -0.116967,
      0.080954,
      0.16815,
      -0.041318,
      0.112047,
      0.005795,
      -0.100775,
      -0.039983,
      -0.019647,
      -0.004506,
      -0.043199,
      -0.006709,
      0.040563,
      0.006829,
      -0.052883,
      0.145642,
      0.054825,
      0.066887,
      -0.055439,
      0.11672,
      -0.026946,
      -0.036977,
      -0.051373,
      -0.136231,
      0.072812,
      -0.011172,
      -0.029194,
      -0.020577,
      -0.030663,
      0.004784,
      -0.032288,
      -0.091021,
      -0.033962,
      -0.007609,
      0.12376,
      -0.053008,
      0.028078,
      0.068134,
      -0.094885,
      -0.060448,
      0.036232,
      0.01556,
      0.05577,
      0.084524,
      -0.032621,
      -0.082012,
      -0.058992,
      -0.055692,
      -0.14087,
      -5.7e-05,
      -0.087911,
      0.177427,
      0.104367,
      -0.10852,
      -0.016295,
      -0.056283,
      0.020941,
      0.126831,
      0.119257,
      0.014542,
      0.053453,
      0.07641,
      0.042687,
      -0.089303,
      -0.089435,
      -0.007765,
      -0.124162,
      0.037936,
      0.019252,
      0.01477,
      -0.074562,
      0.007725,
      -0.021046,
      0.000372,
      0.170523,
      0.144401,
      -0.006381,
      -0.036019,
      -0.027723,
      -0.018388,
      0.008671,
      -0.011422,
      -0.09619,
      -0.048876,
      -0.012783,
      -0.010441,
      -0.020703,
      0.050518,
      0.035364,
      0.07835,
      0.168319,
      -0.034538,
      -0.114832,
      0.061118,
      0.11791,
      -0.069617,
      -0.127083,
      0.037953,
      -0.030328,
      0.052484,
      0.177759,
      -0.044285,
      0.056449,
      0.029205,
      0.033274,
      0.081566,
      0.005091,
      -0.047051,
      0.001687,
      0.099636,
      0.128068,
      -0.002829,
      -0.076007,
      0.129738,
      -0.057814,
      -0.077102,
      -0.078985,
      -0.036769,
      -0.044007,
      -0.025144,
      -0.058764,
      0.028063,
      -0.026758,
      0.0548,
      -0.042667,
      0.102882,
      0.112368,
      0.160171,
      0.028113,
      -0.022606,
      0.029988,
      -3.9e-05,
      -0.047967,
      0.136776,
      -0.006044,
      -0.084427,
      -0.004186,
      0.087115,
      -0.057259,
      -0.064248,
      0.006766,
      -0.04906,
      0.109389,
      0.016002,
      0.083119,
      0.103708,
      -0.041782,
      -0.172924,
      -0.087779,
      0.042074,
      0.101313,
      0.137888,
      -0.03132,
      0.115832,
      -0.026095,
      -0.09279,
      -0.078811,
      0.033031,
      0.040875,
      -0.043645,
      0.193204,
      -0.163908,
      -0.137166,
      0.075694,
      -0.185159,
      -0.071951,
      0.069587,
      -0.1619,
      0.091073,
      -0.024487,
      -0.155741,
      0.164733,
      -0.077233,
      -0.016945,
      0.089646,
      -0.05111,
      -0.00322,
      -0.011917,
      -0.122399,
      0.067763,
      0.00071,
      0.032351,
      -0.050715,
      -0.135183,
      -0.039773,
      0.063518,
      0.069989,
      -0.129337,
      0.086593,
      0.062204,
      -0.015114,
      0.013798,
      -0.032746,
      0.014779,
      0.00137,
      -0.025767,
      -0.103613,
      -0.007466,
      -0.130588,
      0.096172,
      -0.108058,
      0.099511,
      0.105468,
      0.032851,
      -0.027855,
      -0.08305,
      -0.08704,
      -0.138919,
      0.044856,
      0.018348,
      -0.038176,
      0.139995,
      0.010813,
      -0.136066,
      0.05159,
      0.130951,
      0.016926,
      -0.020449,
      -0.108988,
      -0.218403,
      0.048399,
      -0.112895,
      -0.141701,
      -0.116151,
      0.068634,
      0.055782,
      0.06506,
      -0.066361,
      -0.053935,
      0.11806,
      -0.089579,
      -0.071443,
      -0.009724,
      -0.100952,
      0.187931,
      0.127423,
      0.084528,
      -0.040842,
      -0.096844,
      0.031369,
      0.009749,
      0.091999,
      0.0255,
      0.094334,
      -0.015076,
      0.042211,
      -0.009876,
      -0.012987,
      -0.009303,
      0.109969,
      0.000261,
      0.010967,
      0.020742,
      0.012425,
      0.001322,
      -0.084582,
      -0.099055,
      -0.042784,
      -0.002892,
      0.024836,
      0.021257,
      -0.037456,
      0.051418,
      -0.039218,
      -0.070319,
      0.036067,
      -0.078711,
      -0.136976,
      0.095257,
      0.056863,
      -0.082984,
      0.02518,
      0.06643,
      1.6e-05,
      0.018533,
      0.013196,
      0.088482,
      -0.051155,
      0.036114,
      -0.134586,
      -0.0267,
      0.146199,
      -0.039881,
      -0.112093,
      -0.102647,
      -0.017859,
      0.011902,
      -0.120162,
      0.075039,
      -0.031606,
      0.066252,
      0.115749,
      0.004075,
      -0.060831,
      0.047792,
      -0.14346,
      -0.122071,
      0.088913,
      -0.011057,
      0.0021,
      0.010024,
      -0.09673,
      -0.101654,
      -0.041842,
      -0.004286,
      -0.153044,
      0.01019,
      -0.134625,
      -0.018145,
      -0.039523,
      0.071458,
      0.095957,
      0.021376,
      -0.02965,
      -0.147528,
      0.018211,
      -0.045237,
      -0.147546,
      -0.084143,
      0.112281,
      0.117999,
      -0.087055,
      0.152777,
      -0.085934,
      -0.051561,
      -0.13775,
      -0.121774,
      0.183212,
      -0.121641,
      -0.122265,
      0.021901,
      -0.171552,
      -0.065392,
      -0.028805,
      0.04181,
      0.105778,
      0.095734,
      -0.038968,
      -0.077841,
      0.016232,
      0.023421,
      -0.094754,
      -0.079113,
      0.018836,
      0.025494,
      0.148299,
      -0.087677,
      0.130324,
      -0.051051,
      -0.206742,
      0.015395,
      0.089305,
      -0.086693,
      0.081483,
      0.002013,
      0.117676,
      -0.042685,
      0.009409,
      0.054976,
      0.115767,
      -0.020381,
      -0.133414,
      -0.089624,
      0.004486,
      -0.035072,
      -0.114302,
      -0.056785,
      0.002574,
      0.076532,
      -0.016845,
      0.059401,
      0.045156,
      0.149899,
      0.078945,
      -0.140587,
      -0.035837,
      -0.118677,
      -0.020447,
      -0.112983,
      0.103104,
      0.014403,
      -0.037597,
      -0.074364,
      -0.026612,
      -0.025463,
      0.103609,
      0.043272,
      0.095912,
      0.096893,
      0.049659,
      -0.017448,
      0.006302,
      0.10313,
      -0.049257,
      0.018016,
      0.095691,
      0.126349,
      -0.059249,
      0.035302,
      -0.011782,
      0.06763,
      -0.003828,
      0.169498,
      -0.174045,
      0.115476,
      -0.001612,
      -0.081181,
      0.034086,
      0.118272,
      0.159778,
      0.004831,
      -0.038063,
      0.057619,
      -0.093865,
      -0.19585,
      -0.014587,
      0.096899,
      0.00228,
      0.130466,
      -0.070937,
      0.072873,
      -0.00732,
      0.074185,
      0.020665,
      0.051437,
      -0.037756,
      -0.191977,
      0.019964,
      0.016257,
      -0.018524,
      -0.041186,
      -0.112193,
      0.116591,
      -0.11971,
      0.086289,
      -0.014457,
      0.006648,
      0.020383,
      -0.009603,
      -0.033287,
      0.204987,
      0.003073,
      -0.182441,
      0.048909,
      -0.111262,
      0.031404,
      -0.041864,
      -0.08748,
      0.139952,
      -0.18663,
      0.124956,
      0.121396,
      -0.025305,
      -0.065312,
      -0.019117,
      -0.029996,
      0.032148,
      -0.178478,
      -0.009866,
      -0.060421,
      -0.116881,
      -0.002068,
      -0.033399,
      0.139204,
      -0.042836,
      -0.015032,
      -0.056502,
      0.15268,
      -0.028221,
      -0.071497,
      0.110426,
      0.026562,
      -0.057704,
      0.01638,
      -0.175236,
      0.003339,
      0.028529,
      0.11983,
      0.087815,
      -0.005468,
      -0.166592,
      0.115176,
      0.01135,
      0.085475,
      0.077811,
      0.022005,
      -0.203976,
      0.19707,
      0.032844,
      0.003129,
      0.094384,
      0.018958,
      0.027809,
      0.075795,
      -0.05059,
      -0.022646,
      0.023742,
      0.067025,
      0.052955,
      0.009438,
      0.063079,
      -0.089195,
      -0.065959,
      -0.107072,
      0.012865,
      -0.006568,
      0.038218,
      -0.009935,
      -0.135673,
      -0.017226,
      -0.045424,
      0.026551,
      0.012667,
      0.073041,
      -0.031398,
      -0.049101,
      0.008879,
      -0.077648,
      0.128032,
      0.007425,
      0.025472,
      0.136057,
      -0.072254,
      -0.035197,
      -0.052213,
      0.004356,
      0.008394,
      -0.024793,
      0.059207,
      -0.042928,
      0.032668,
      -0.043201,
      -0.065267,
      0.015612,
      -0.100467,
      0.03934,
      0.118999,
      0.059039,
      -0.081992,
      8.3e-05,
      0.012625,
      0.044653,
      0.098406,
      0.006185,
      -0.02343,
      0.007613,
      0.017688,
      0.109707,
      0.011015,
      -0.157162,
      0.008255,
      -0.072743,
      -0.022405,
      0.054307,
      -0.055729,
      -0.117319,
      -0.035952,
      -0.060024,
      -0.012831,
      0.026741,
      -0.013116,
      0.060228,
      -0.049557,
      -0.162519,
      -0.065848,
      -0.024088,
      0.029996,
      0.139502,
      0.066701,
      0.127268,
      -0.134867,
      0.087376,
      0.000368,
      -0.217651,
      -0.069967,
      0.089518,
      0.051864,
      -0.000214,
      0.020996,
      -0.18937,
      0.055264,
      -0.100354,
      0.014328,
      -0.007832,
      0.087113,
      0.07671,
      0.004325,
      -0.060446,
      -0.05586,
      0.166371,
      -0.02128,
      0.072161,
      -0.038549,
      -0.052532,
      -0.137153,
      -0.142556,
      -0.110559,
      -0.08801,
      0.005341,
      -0.05289,
      -0.106265,
      0.014005,
      0.129525,
      -0.125606,
      0.0171,
      0.076337,
      -0.009816,
      0.118029,
      -0.091842,
      0.08249,
      0.020995,
      -0.067541,
      -0.123828,
      -0.03406,
      -0.053954,
      0.096758,
      -0.019352,
      0.123368,
      -0.081498,
      0.074875,
      -0.015692,
      -0.03336,
      -0.080109,
      0.042669,
      0.091819,
      -0.096518,
      0.000432,
      0.018716,
      0.158271,
      0.027256,
      -0.038954,
      -0.024376,
      0.164091,
      0.040154,
      -0.0107,
      -0.044213,
      -0.079626,
      -0.11626,
      0.01357,
      0.0094,
      0.025937,
      -0.131429,
      -0.032414,
      -0.07324,
      -0.061068,
      -0.00073,
      0.163606,
      -0.084317,
      -0.032492,
      1.4e-05,
      -0.027539,
      -0.165352,
      0.021243,
      0.067818,
      -0.021854,
      -0.04865,
      0.110982,
      -0.031119,
      -0.051604,
      -0.035512,
      0.101704,
      -0.056202,
      0.017096,
      0.123893,
      0.075059,
      0.10666,
      0.082025,
      0.013339,
      -0.108682,
      -0.022626,
      0.004568,
      0.164837,
      -0.014401,
      -0.009583,
      -0.010371,
      -0.062399,
      0.113904,
      -0.064228,
      0.000276,
      -0.061665,
      0.002036,
      -0.02257,
      0.011426,
      0.03925,
      0.095283,
      0.0055,
      0.008905,
      0.018606,
      0.033391,
      -0.068202,
      -0.076574,
      -0.168741,
      0.094577,
      -0.054586,
      0.072934,
      0.09027,
      -0.076872,
      0.083087,
      -0.178843,
      -0.031732,
      -0.050505,
      -0.059433,
      -0.004747,
      0.034595,
      -0.045579,
      -0.089955,
      0.103466,
      0.033212,
      -0.007762,
      -0.061351,
      0.041859,
      0.184908,
      0.038281,
      -0.189425,
      -0.061799,
      -0.05208,
      0.090153,
      0.067881,
      -0.053635,
      0.066266,
      0.035404,
      0.199117,
      0.022762,
      0.166359,
      0.064175,
      -0.096712,
      0.105853,
      -0.035365,
      -0.081632,
      -0.001827,
      0.000346,
      -0.057226,
      -0.00154,
      0.012924,
      -0.159998,
      0.018044,
      -0.07947,
      0.118323,
      0.01473,
      -0.036,
      0.096091,
      -0.077764,
      0.012862,
      0.030429,
      -0.006681,
      -0.034206,
      0.095432,
      0.048573,
      -0.067741,
      -0.120935,
      -0.076365,
      0.11302,
      0.117629,
      0.055178,
      0.045135,
      -0.089452,
      -0.06545,
      -0.146318,
      0.177949,
      0.084209,
      -0.100845,
      0.006717,
      0.200931,
      0.028203,
      -0.10566,
      -0.023472,
      0.044261,
      -0.020874,
      0.119722,
      -9.6e-05,
      -0.045042,
      0.009743,
      -0.024885,
      -0.105887,
      0.045926,
      -0.010867,
      0.067938,
      -0.028266,
      0.096997,
      -0.034832,
      0.066501,
      0.100287,
      -0.073903,
      -0.097906,
      -0.030943,
      -0.03192,
      0.101927,
      0.056653,
      0.164794,
      0.050366,
      -0.041806,
      0.076565,
      -0.01415,
      0.104408,
      -0.086698,
      -0.035292,
      0.011926,
      0.086686,
      0.019093,
      -0.054322,
      0.116255,
      -0.174552,
      -0.007549,
      0.008443,
      0.048618,
      0.047286,
      0.043993,
      -0.061155,
      0.083624,
      0.131641,
      -0.020479,
      -0.056703,
      0.07443,
      0.09398,
      -0.006015,
      0.045529,
      -0.193789,
      0.029321,
      0.11701,
      0.0471,
      0.062508,
      0.031737,
      0.058138,
      -0.003319,
      0.083867,
      0.028936,
      0.086014,
      0.078277,
      -0.046296,
      -0.068231,
      -0.080741,
      0.054377,
      0.063973,
      -0.071045,
      -0.028981,
      0.036594,
      -0.006233,
      -0.057114,
      0.040332,
      -0.148713,
      -0.112178,
      0.03737,
      -0.023929,
      -0.106339,
      0.002713,
      -0.01616,
      -0.072723,
      -0.020311,
      0.054742,
      -0.003423,
      0.05334,
      -0.07123,
      0.123321,
      0.142945,
      0.038766,
      -0.202483,
      0.080516,
      -0.088823,
      0.04112,
      0.082599,
      -0.010986,
      0.102966,
      0.015551,
      -0.005067,
      0.175473,
      -0.185193,
      0.059737,
      -0.145327,
      -0.001474,
      -0.19226,
      0.118994,
      0.073339,
      -0.119556,
      -0.082179,
      -0.056265,
      -0.14621,
      -0.113774,
      -0.063036,
      -0.040546,
      -0.028197,
      -0.160418,
      -0.042898,
      0.02653,
      0.047632,
      -0.074195,
      -0.056446,
      0.109162,
      -0.003319,
      -0.065793,
      0.085811,
      0.098065,
      -0.02887,
      -0.071227,
      -0.033105,
      -0.117823,
      -0.022071,
      -0.135079,
      0.037557,
      -0.070601,
      0.06007,
      0.032082,
      -0.018431,
      -0.002607,
      0.030294,
      -0.04214,
      0.071472,
      0.049677,
      -0.09583,
      -0.045654,
      -0.135012,
      -0.058813,
      -0.065984,
      -0.044274,
      0.110218,
      0.082989,
      0.039891,
      -0.049654,
      -0.056231,
      0.118942,
      0.191932,
      0.038795,
      0.139873,
      -0.088428,
      0.07342,
      -0.053363,
      -0.103139,
      0.040544,
      0.14627,
      -0.081667,
      -0.120061,
      0.036098,
      0.051029,
      -0.094789,
      0.037441,
      0.010045,
      0.078702,
      0.040085,
      -0.011959,
      0.143693,
      0.039994,
      0.050354,
      0.080172,
      -0.165554,
      -0.067323,
      0.00169,
      0.037867,
      0.035076,
      0.136223,
      0.007575,
      0.015928,
      0.093466,
      0.097435,
      0.063285,
      0.015844,
      0.090659,
      -0.021213,
      -0.025781,
      -0.091104,
      -0.102476,
      0.034997,
      0.092878,
      -0.004444,
      0.007563,
      0.007956,
      0.099185,
      0.024121,
      -0.132494,
      -0.110891,
      0.009012,
      0.067526,
      -0.044811,
      -0.084005,
      0.024305,
      -0.050572,
      0.046439,
      0.169862,
      0.033258,
      -0.028021,
      -0.044536,
      0.097572,
      -0.026722,
      -0.052662,
      0.102051,
      -0.08368,
      0.006817,
      -0.132964,
      0.038734,
      -0.040966,
      -0.024042,
      0.000237,
      -0.030623,
      -0.081164,
      -0.040083,
      0.060108,
      0.117786,
      -0.037433,
      -0.039621,
      -0.028129,
      0.008485,
      -0.133066,
      -0.055338,
      0.084317,
      -0.001363,
      0.05059,
      0.0234,
      -0.019,
      -0.077542,
      -0.11805,
      0.001085,
      0.125258,
      0.032263,
      -0.072872,
      0.00907,
      0.01038,
      -0.065925,
      -0.021415,
      0.085064,
      0.040114,
      -0.096068,
      0.14604,
      0.056593,
      0.090156,
      -0.046708,
      0.052078,
      -0.0586,
      0.030267,
      0.021193,
      -0.025976,
      -0.042326,
      0.019167,
      -0.076045,
      -0.049427,
      0.005747,
      -0.082524,
      -0.012879,
      -0.035947,
      -0.118273,
      -0.01599,
      0.032178,
      -0.143698,
      -0.164044,
      -0.154744,
      -0.141205,
      0.055407,
      -0.183933,
      0.015315,
      -0.024709,
      0.153409,
      0.062375,
      0.112455,
      -0.19252,
      0.013568,
      0.047613,
      -0.100574,
      0.036059,
      -0.116833,
      0.056823,
      -0.054237,
      0.080743,
      0.06824,
      -0.045971,
      -0.058107,
      -0.013066,
      0.009407,
      0.043415,
      -0.050129,
      -0.100523,
      0.065164,
      0.135549,
      0.147937,
      -0.090118,
      0.056354,
      0.007601,
      0.044336,
      -0.046403,
      -0.049318,
      -0.050363,
      0.09917,
      -0.073707,
      0.118461,
      0.059994,
      -0.146485,
      0.040484,
      0.057597,
      -3.5e-05,
      -0.059573,
      -0.056531,
      0.072533,
      0.016317,
      -0.045229,
      0.064523,
      0.079554,
      0.001876,
      -0.129286,
      -0.01063,
      0.040677,
      0.006958,
      0.022856,
      -0.18295,
      -0.096127,
      0.122982,
      -0.070944,
      0.049422,
      0.03761,
      -0.174823,
      0.071843,
      -0.11874,
      -0.054109,
      -0.053404,
      0.028967,
      -0.051251,
      -0.058862,
      -0.111249,
      0.043046,
      0.153851,
      0.00707,
      -0.062037,
      -0.061071,
      -0.048969,
      -0.020631,
      0.03893,
      -0.097159,
      -0.022465,
      -0.073532,
      -0.117668,
      -0.022504,
      0.004034,
      0.090866,
      -0.04608,
      -0.022437,
      0.037108,
      -0.029936,
      0.129196,
      0.055249,
      -0.090861,
      -0.037969,
      0.069716,
      -0.027903,
      0.002567,
      0.153625,
      0.080154,
      0.051968,
      0.094952,
      0.088689,
      0.090481,
      -0.025606,
      0.090068,
      -0.071328,
      -0.165309,
      0.006599,
      -0.060615,
      0.076767,
      -0.057304,
      -0.060023,
      -0.13995,
      0.009941,
      0.026677,
      0.007718,
      -0.012625,
      -0.071949,
      -0.168048,
      0.068352,
      0.013577,
      -0.093637,
      0.121813,
      -0.049967,
      -0.118026,
      -0.105261,
      0.037401,
      0.151897,
      0.067671,
      -0.045979,
      0.13132,
      0.029719,
      -0.141308,
      0.072998,
      -0.067895,
      0.0514,
      0.031686,
      0.013961,
      0.15565,
      -0.037947,
      -0.043,
      0.030758,
      0.014572,
      0.09213,
      0.018913,
      -0.005383,
      0.130915,
      -0.014421,
      0.082367,
      -0.01295,
      0.009384,
      0.097717,
      0.040177,
      -0.033932,
      0.0785,
      -6e-05,
      -0.072674,
      0.019052,
      0.038161,
      0.078271,
      -0.081428,
      0.008898,
      -0.004954,
      -0.041199,
      -0.069929,
      0.020269,
      -0.00078,
      0.111161,
      0.054814,
      -0.015354,
      -0.052098,
      0.109329,
      -0.008638,
      -0.053943,
      0.014943,
      -0.042142,
      -0.117379,
      -0.150882,
      0.119506,
      -0.064728,
      0.095956,
      -0.002233,
      0.05106,
      -0.046557,
      0.104394,
      -0.004046,
      -0.008663,
      0.075798,
      0.0877,
      -0.126722,
      0.029725,
      -0.033375,
      0.046289,
      0.036902,
      -0.037359,
      0.130444,
      -0.117424,
      -0.045868,
      0.000997,
      0.004819,
      -0.015085,
      -0.0389,
      0.227091,
      0.009486,
      -0.03043,
      0.050116,
      -0.140392,
      0.031861,
      0.019252,
      -0.020827,
      -0.057021,
      -0.027174,
      -0.004614,
      0.118857,
      -0.127262,
      -0.057888,
      -0.104104,
      -0.125142,
      0.042508,
      0.075596,
      0.047076,
      -0.179565,
      0.02916,
      -0.039668,
      0.010152,
      -0.017349,
      -0.067269,
      0.043277,
      -0.051073,
      -0.115304,
      -0.010544,
      -0.004343,
      -0.086843,
      0.034692,
      0.136349,
      0.025074,
      0.159865,
      -0.126134,
      0.059686,
      -0.170892,
      -0.069617,
      -0.097522,
      0.196977,
      -0.110655,
      0.024704,
      0.010888,
      -0.055019,
      -0.077396,
      0.009843,
      0.043159,
      0.031368,
      -0.108542,
      0.090743,
      -0.118333,
      0.085198,
      0.108417,
      -0.039692,
      -0.033169,
      0.049977,
      -0.008721,
      -0.076,
      -0.184405,
      0.071231,
      0.027868,
      -0.090832,
      -0.10828,
      -0.037037,
      0.100211,
      0.07861,
      -0.016691,
      0.031654,
      -0.158727,
      0.05958,
      -0.153562,
      -0.019196,
      -0.013798,
      0.070617,
      -0.08007,
      -0.071768,
      -0.013942,
      0.089838,
      -0.105913,
      0.00854,
      0.079515,
      -0.01088,
      -0.036925,
      -0.015108,
      -0.113336,
      0.060809,
      0.033088,
      -0.130592,
      0.094483,
      0.088838,
      0.067305,
      0.139211,
      0.064816,
      0.144438,
      -0.030051,
      -0.037189,
      0.027183,
      -0.113727,
      0.08087,
      -0.06826,
      0.106906,
      -0.017182,
      0.0066,
      0.010197,
      -0.113885,
      0.020502,
      -0.132033,
      -0.043453,
      -0.004218,
      0.013935,
      -0.016972,
      0.126436,
      0.166153,
      0.0189,
      -0.093068,
      0.027093,
      -0.126969,
      -0.067625,
      -0.01779,
      -0.017332,
      0.061714,
      0.002413,
      0.055608,
      -0.112349,
      0.045422,
      -0.180579,
      -0.045086,
      0.028518,
      -0.038443,
      -0.076473,
      0.006687,
      0.043325,
      0.035908,
      -0.086592,
      0.019762,
      0.003064,
      -0.106605,
      -0.063695,
      0.016396,
      0.07568,
      -0.151945,
      0.214152,
      0.095552,
      0.021603,
      -0.052976,
      0.015762,
      -0.044652,
      -0.143646,
      0.036434,
      0.010751,
      -0.019825,
      0.159264,
      0.089558,
      0.014448,
      0.065981,
      0.090533,
      0.019954,
      0.161186,
      -0.074412,
      -0.153669,
      -0.046702,
      -0.072952,
      -0.02329,
      -0.029789,
      -0.045401,
      0.030327,
      -0.085634,
      -0.033255,
      -0.003464,
      -0.030198,
      0.016237,
      -0.099461,
      0.027812,
      0.024699,
      0.02119,
      -0.14968,
      -0.192173,
      -0.17441,
      -0.028938,
      0.0403,
      -0.225133,
      0.137607,
      -0.006308,
      -0.178153,
      -0.037181,
      -0.028792,
      0.130803,
      -0.078738,
      0.02658,
      0.105779,
      0.028249,
      -0.155409,
      0.01971,
      0.086276,
      0.10571,
      0.155042,
      0.030905,
      -0.147664,
      0.209528,
      0.138398,
      -0.032162,
      -0.144236,
      -0.008639,
      -0.007572,
      -0.015672,
      -0.072102,
      0.070436,
      0.187845,
      0.105259,
      0.020702,
      0.070272,
      0.116138,
      -0.044791,
      0.024264,
      0.052371,
      0.069164,
      -0.031867,
      -0.031974,
      -0.114186,
      -0.002074,
      -0.057312,
      0.02843,
      -0.016666,
      0.028732,
      -0.095758,
      -0.01799,
      -0.098498,
      -0.093247,
      -0.058865,
      0.116629,
      0.099669,
      0.115942,
      -0.017228,
      0.048853,
      0.144306,
      -0.131377,
      -0.0443,
      0.00615,
      -0.121046,
      -0.045026,
      0.002822,
      0.096653,
      -0.077263,
      0.067803,
      0.080846,
      0.015175,
      -0.215542,
      -0.005587,
      -0.048898,
      -0.061254,
      0.020679,
      0.201991,
      0.18025,
      0.01521,
      0.030442,
      -0.026866,
      0.035993,
      0.011092,
      -0.021448,
      0.006538,
      -0.041652,
      -0.04605,
      -0.006192,
      -0.064437,
      -0.089585,
      -0.027367,
      0.187165,
      0.042496,
      0.037397,
      0.018465,
      0.009393,
      0.012389,
      0.074338,
      0.032925,
      0.013738,
      0.064594,
      0.095795,
      -0.051198,
      0.147218,
      -0.05572,
      -0.125955,
      0.039874,
      -0.124925,
      0.022322,
      0.016034,
      0.132131,
      -0.027261,
      0.027382,
      0.057687,
      0.131771,
      -0.011332,
      -0.126499,
      0.008257,
      0.018934,
      0.006123,
      -0.006635,
      0.0581,
      0.001357,
      0.019052,
      -0.011503,
      0.113553,
      -0.05577,
      0.002744,
      -0.007289,
      -0.005573,
      -0.039345,
      0.068263,
      -0.029493,
      0.011124,
      -0.099652,
      -0.102607,
      0.160711,
      -0.07123,
      0.119994,
      -0.105454,
      0.09001,
      0.180592,
      -0.159224,
      -0.033677,
      -0.075383,
      0.034357,
      0.000142,
      0.033311,
      0.166531,
      -0.01959,
      -0.097588,
      0.089989,
      -0.11611,
      -0.036649,
      -0.185113,
      -0.032601,
      -0.143305,
      0.010711,
      0.156998,
      -0.010526,
      -0.103411,
      0.115823,
      0.044452,
      0.047618,
      -0.140865,
      0.023631,
      -0.086313,
      -0.069765,
      -0.09442,
      0.027686,
      -0.013259,
      -0.100088,
      0.039282,
      0.085908,
      -0.02156,
      -0.093315,
      0.081055,
      0.089444,
      0.107408,
      0.047484,
      -0.001658,
      0.088354,
      0.061125,
      -0.148975,
      -0.137996,
      0.095081,
      0.054786,
      -0.113286,
      -0.052616,
      -0.056883,
      -0.000338,
      -0.042994,
      -0.119739,
      -0.119721,
      0.081691,
      -0.000443,
      -0.108644,
      -0.053067,
      -0.036102,
      -0.083759,
      0.118994,
      -0.101183,
      0.046966,
      -0.00842,
      0.082666,
      0.109291,
      -0.015078,
      0.02302,
      -0.188045,
      -0.035697,
      0.000539,
      0.00925,
      -0.015153,
      -0.031284,
      -0.107096,
      -0.073664,
      0.088055,
      -0.040962,
      0.042943,
      0.070434,
      0.112693,
      0.032155,
      -0.11604,
      0.077571,
      -0.06639,
      0.111768,
      0.052919,
      0.003012,
      -0.054286,
      -0.01648,
      -0.102299,
      -0.12309,
      0.012456,
      -0.041107,
      0.117991,
      -0.037165,
      -0.005411,
      -0.088421,
      -0.083795,
      -0.121297,
      0.172015,
      -0.162989,
      0.065326,
      -0.049316,
      0.043429,
      0.085405,
      0.022504,
      -0.030774,
      -0.18168,
      0.140584,
      0.075612,
      0.006588,
      -0.008409,
      0.077166,
      -0.11078,
      0.083632,
      0.032012,
      0.051381,
      -0.052728,
      0.139784,
      0.019229,
      0.151475,
      0.100409,
      0.098884,
      0.018796,
      -0.163718,
      0.003248,
      -0.051736,
      -0.035198,
      -0.112729,
      -0.061845,
      0.03932,
      0.060247,
      0.075025,
      -0.007901,
      -0.121845,
      0.03656,
      0.08407,
      0.055705,
      -0.030282,
      0.045035,
      -0.113842,
      -0.066881,
      -0.065874,
      0.094372,
      0.077521,
      0.084881,
      0.146745,
      -0.016098,
      -0.12977,
      0.087035,
      -0.040922,
      -0.079523,
      0.144234,
      0.004631,
      -0.012076,
      0.078915,
      0.023628,
      -0.002041,
      -0.004768,
      0.092812,
      -0.032655,
      -0.087822,
      0.069977,
      0.08718,
      0.14123,
      0.019733,
      0.07192,
      -0.130119,
      -0.094248,
      -0.128514,
      -0.10252,
      0.027528,
      -0.013891,
      0.041317,
      0.02387,
      -0.044021,
      -0.017273,
      -0.051222,
      0.051827,
      -0.003835,
      -0.106823,
      -0.039152,
      0.037839,
      -0.09162,
      0.015883,
      -0.011455,
      -0.034563,
      0.000977,
      -0.020844,
      0.154061,
      0.07641,
      0.064917,
      0.171982,
      -0.031903,
      0.103477,
      -0.100387,
      0.008864,
      0.011383,
      0.118897,
      -0.118284,
      -0.016056,
      -0.039649,
      0.040164,
      -0.127819,
      0.01398,
      0.075159,
      0.044323,
      0.19584,
      -0.01666,
      0.064335,
      0.016039,
      0.035355,
      0.083571,
      0.123381,
      0.140965,
      0.030886,
      0.154954,
      0.069394,
      0.001534,
      -0.107929,
      0.100204,
      0.11526,
      0.027118,
      0.061894,
      -0.01034,
      -0.095859,
      0.049205,
      0.159777,
      -0.141305,
      0.026247,
      -0.167582,
      -0.031329,
      -0.029956,
      0.151109,
      0.023815,
      0.05263,
      0.061643,
      0.004761,
      -0.047969,
      -0.0379,
      0.013994,
      -0.074172,
      0.019907,
      0.139509,
      -0.006572,
      0.140268,
      -0.142121,
      0.054989,
      0.074945,
      -0.12379,
      0.030635,
      0.004402,
      0.135984,
      -0.087185,
      0.009143,
      -0.050087,
      0.068139,
      0.022645,
      0.1471,
      0.072472,
      -0.004395,
      -0.053009,
      0.0831,
      0.011926,
      -0.009995,
      -0.021573,
      0.031148,
      0.075614,
      0.088158,
      -0.058122,
      -0.062665,
      -0.061091,
      0.008165,
      0.055256,
      -0.056673,
      -0.07275,
      0.112794,
      0.134236,
      -0.123729,
      -0.145115,
      -0.122884,
      0.082246,
      -0.017664,
      -0.05093,
      -0.038066,
      -0.042573,
      0.200033,
      0.009438,
      0.028049,
      0.038851,
      -0.002082,
      0.054295,
      -0.0175,
      0.029465,
      0.041343,
      0.051987,
      -0.095841,
      -0.086095,
      0.077057,
      0.115418,
      -0.000147,
      0.031677,
      -0.097746,
      0.121372,
      0.149679,
      -0.065364,
      0.157256,
      -0.098328,
      -0.132777,
      0.065757,
      0.0266,
      0.01772,
      0.021814,
      -0.046724,
      -0.132023,
      0.117609,
      -0.191618,
      0.198612,
      -0.014261,
      -0.080866,
      -0.069451,
      -