# Chunk number: 24 of 37

 0.31671,
          0.087503,
          0.216614,
          0.06863,
          0.277536,
          -0.227311,
          -0.284305,
          0.072301,
          0.269727,
          -0.28883,
          0.064794,
          -0.184577,
          0.261936,
          0.134408,
          -0.030292,
          -0.119093,
          0.073757,
          0.225374,
          -0.011399,
          0.255803,
          -0.232862,
          -0.09892,
          -0.15834,
          0.152609,
          -0.013824,
          0.17453,
          0.087596,
          -0.230082,
          0.187688,
          0.226256,
          0.058331,
          0.217862,
          -0.243357,
          -0.219672,
          -0.075322,
          0.112012,
          -0.164732,
          -0.030887,
          -0.2829,
          0.284986,
          0.047295,
          0.13299,
          -0.160123,
          -0.334234,
          0.229512,
          0.008281,
          -0.196295,
          -0.298363,
          -0.226363,
          0.21877,
          0.101061,
          -0.026988,
          -0.035252,
          -0.088084,
          -0.036164,
          0.082173,
          -0.181053,
          0.000171,
          -0.204537,
          -0.251775,
          -0.186656,
          -0.146597,
          -0.165364,
          -0.040007,
          0.183752,
          -0.199432,
          -0.100949,
          -0.107996,
          -0.136394,
          0.314918,
          -0.250873,
          0.208687,
          -0.208978,
          -0.037083,
          -0.122605,
          -0.109341,
          0.038535,
          -0.025833,
          0.222683,
          0.07691,
          0.223982,
          -0.243278,
          -0.157008,
          0.174693,
          0.103889,
          0.105959,
          -0.145701,
          0.113686,
          0.220725,
          -0.035727,
          0.199892,
          -0.14754,
          -0.169202,
          0.143231,
          0.047109,
          -0.270595,
          -0.092846,
          0.206607,
          0.152043,
          -0.129964,
          0.04423,
          0.295378,
          -0.100434,
          -0.003658,
          0.010653,
          0.010861,
          0.239443,
          0.2201,
          0.152848,
          -0.226512,
          -0.256264,
          0.147155,
          0.154328,
          0.325963,
          0.051874,
          -0.191293,
          -0.197117,
          0.173456,
          -0.044878,
          0.124059,
          -0.240302,
          -0.049891,
          -0.035944,
          -0.284639,
          -0.246166,
          0.132682,
          -0.064371,
          0.109624,
          -0.261714,
          0.079572,
          -0.103498,
          0.033184,
          -0.230766,
          0.017934,
          -0.180304,
          0.219583,
          0.022847,
          -0.236243,
          0.116481,
          -0.09215,
          -0.037975,
          0.209272,
          -0.261984,
          -0.071837,
          0.056602,
          -0.295689,
          0.280894,
          0.110281,
          -0.08453,
          -0.183288,
          0.26442,
          -0.234893,
          -0.158772,
          -0.093671,
          -0.266272,
          0.106284,
          -0.164687,
          0.126609,
          -0.036804,
          0.048858,
          -0.203409,
          0.243146,
          0.119001,
          0.196749,
          0.263137,
          0.273579,
          -0.167365,
          -0.099048,
          0.012933,
          0.025844,
          -0.169965,
          -0.235429,
          -0.010493,
          0.188543,
          0.077084,
          0.327761,
          -0.230155,
          0.179227,
          0.05814,
          -0.225654,
          -0.109228,
          -0.118731,
          -0.142058,
          0.041573,
          0.057821,
          -0.156798,
          0.259198,
          -0.096409,
          -0.092578,
          -0.266477,
          0.133593,
          0.246809,
          -0.147418,
          -0.117025,
          0.13938,
          -0.280638,
          0.243508,
          -0.173794,
          -0.113619,
          -0.278059,
          0.06518,
          0.187118,
          -0.108991,
          0.269976,
          -0.169264,
          0.055767,
          0.217439,
          0.104005,
          -0.107634,
          0.171171,
          0.058542,
          0.270008,
          0.271202,
          0.144862,
          -0.13111,
          -0.161393,
          0.223693,
          -0.118096,
          -0.057232,
          -0.279374,
          0.273351,
          -0.175845,
          -0.091034,
          -0.217453,
          -0.086656,
          -0.142548,
          0.139173,
          0.099361,
          -0.081781,
          0.052306,
          0.046157,
          0.211713,
          0.128564,
          0.171104,
          -0.320502,
          0.165628,
          0.024716,
          -0.161773,
          0.181718,
          0.170884,
          0.094139,
          -0.302563,
          -0.167556,
          0.131823,
          -0.077164,
          0.084299,
          0.286748,
          0.010188,
          0.007426,
          0.207355,
          -0.031879,
          -0.044941,
          -0.015077,
          -0.149867,
          0.220204,
          -0.240722,
          -0.236813,
          -0.012087,
          0.195125,
          -0.167579,
          0.085915,
          0.19165,
          -0.268529,
          -0.006419,
          0.270325,
          -0.282132,
          -0.135327,
          -0.176023,
          -0.169921,
          0.127688,
          0.251388,
          0.200398,
          0.004426,
          0.184348,
          -0.298621,
          -0.257136,
          -0.085078,
          -0.18061,
          0.214683,
          0.115024,
          -0.27941,
          -0.002095,
          0.006226,
          -0.187232,
          -0.174578,
          -0.197587,
          0.179059,
          -0.029518,
          -0.066567,
          0.280036,
          -0.311084,
          -0.215551,
          0.052425,
          -0.192498,
          0.198446,
          0.206627,
          0.192906,
          -0.278989,
          -0.281167,
          0.120384,
          0.213044,
          0.270996,
          -0.219636,
          -0.087622,
          0.110324,
          -0.23827,
          -0.077593,
          -0.28979,
          -0.024385,
          -0.192656,
          0.070914,
          -0.231634,
          0.201335,
          -0.209826,
          -0.122635,
          0.312997,
          0.047614,
          0.053383,
          -0.190249,
          0.101839,
          0.176569,
          -0.184785,
          -0.195212,
          0.101361,
          -0.119043,
          0.186385,
          0.204637,
          -0.130369,
          -0.100267,
          0.193544,
          -0.146066,
          0.289721,
          0.253556,
          -0.114693,
          0.341486,
          0.181112,
          -0.139913,
          -0.106457,
          -0.168831,
          -0.207025,
          -0.318402,
          -0.207412,
          0.315688,
          -0.206342,
          -0.108085,
          0.209582,
          0.142211,
          0.245228,
          0.061812,
          -0.225732,
          0.06961,
          0.082475,
          0.2228,
          0.062555,
          -0.077391,
          0.071253,
          -0.253736,
          0.037312,
          -0.202658,
          -0.102078,
          0.142338,
          -0.049764,
          -0.227522,
          0.198342,
          -0.139085,
          0.264954,
          -0.278696,
          0.039969,
          -0.245439,
          -0.311278,
          -0.25676,
          0.198534,
          -0.098353,
          -0.284742,
          0.310025,
          0.145815,
          0.072415,
          0.082903,
          0.19143,
          -0.159201,
          -0.298296,
          -0.173283,
          0.077867,
          0.172426,
          0.294486,
          0.258633,
          -0.1139,
          -0.18561,
          0.107958,
          0.035956,
          0.118582,
          -0.00023,
          0.161535,
          0.29826,
          -0.284751,
          -0.200452,
          0.069959,
          0.304532,
          -0.056165,
          -0.231718,
          0.160991,
          -0.219733,
          -0.312253,
          -0.219015,
          -0.274779,
          0.060026,
          -0.204267,
          -0.1484,
          0.010934,
          0.163627,
          0.021281,
          0.11382,
          -0.031863,
          0.152893,
          0.251816,
          -0.097462,
          0.151207,
          0.037847,
          -0.044641,
          0.090749,
          0.104429,
          -0.262469,
          0.20058,
          -0.133686,
          0.154464,
          0.294329,
          -0.044271,
          -0.013773,
          0.212236,
          0.266848,
          -0.071541,
          -0.081843,
          0.098303,
          -0.022157,
          -0.099625,
          0.168696,
          0.111046,
          -0.095576,
          0.239529,
          0.072616,
          0.140432,
          0.103359,
          0.042644,
          -0.278987,
          -0.084544,
          -0.102481,
          -0.278554,
          0.130318,
          -0.128285,
          0.319159,
          -0.038561,
          -0.210458,
          0.125875,
          0.215157,
          0.278198,
          -0.13731,
          -0.142317,
          0.217254,
          -0.079795,
          0.101346,
          -0.157964,
          0.26967,
          0.281612,
          -0.055047,
          0.082788,
          0.201143,
          -0.154068,
          0.025947,
          0.074423,
          0.220678,
          -0.282915,
          -0.271644,
          0.098121,
          -0.065234,
          0.076805,
          -0.075837,
          -0.149093,
          0.126603,
          -0.264267,
          -0.20041,
          -0.114661,
          -0.002837,
          0.259717,
          -0.296824,
          0.183295,
          -0.149652,
          -0.167819,
          -0.044586,
          0.07532,
          0.058044,
          0.180995,
          -0.332281,
          0.225612,
          -0.119505,
          -0.285326,
          -0.15756,
          0.196125,
          -0.161769,
          0.208358,
          -0.136097,
          -0.024725,
          0.277077,
          0.108919,
          0.280464,
          0.012287,
          -0.045077,
          0.217891,
          0.079457,
          0.242106,
          -0.247798,
          -0.272725,
          -0.303352,
          -0.000774,
          0.116189,
          -0.053198,
          0.323302,
          0.269882,
          -0.331402,
          0.02559,
          -0.273168,
          -0.105261,
          -0.059425,
          -0.288167,
          -0.033664,
          0.005412,
          0.196347,
          0.060915,
          -0.096707,
          -0.096082,
          0.232746,
          0.154344,
          0.138172,
          0.165912,
          0.174732,
          0.066932,
          0.010199,
          -0.163509,
          0.197409,
          0.170031,
          -0.040203,
          0.151026,
          0.192844,
          0.066033,
          0.203663,
          0.096607,
          -0.044394,
          -0.101381,
          -0.155146,
          0.170598,
          0.085906,
          0.072864,
          -0.0528,
          0.147624,
          -0.081108,
          -0.027244,
          -0.034586,
          -0.201194,
          -0.024503,
          -0.027593,
          -0.219346,
          -0.238274,
          0.230877,
          0.017633,
          -0.040584,
          0.103528,
          -0.332226,
          0.128664,
          -0.117228,
          0.18541,
          0.147824,
          0.250413,
          0.084523,
          0.240533,
          0.131317,
          -0.175608,
          0.023037,
          -0.074239,
          -0.146056,
          -0.003344,
          0.011705,
          0.231682,
          0.273591,
          -0.303083,
          -0.104846,
          -0.104293,
          0.197942,
          0.162807,
          -0.332037,
          0.107958,
          0.031061,
          0.128675,
          -0.019438,
          0.235072,
          -0.138541,
          0.239389,
          -0.222148,
          0.092536,
          0.007313,
          -0.034704,
          -0.038521,
          0.011298,
          -0.112841,
          0.178085,
          -0.198065,
          -0.110302,
          0.186647,
          -0.261828,
          -0.206178,
          0.097997,
          -0.163813,
          -0.030175,
          -0.038323,
          -0.210143,
          -0.241488,
          -0.280753,
          0.170847,
          0.160123,
          0.265789,
          -0.195593,
          0.034672,
          0.223005,
          0.288404,
          0.039984,
          0.285402,
          0.23156,
          0.235875,
          -0.019937,
          0.220873,
          -0.209192,
          0.073998,
          0.289264,
          -0.047634,
          0.31177,
          0.125647,
          -0.2942,
          -0.15911,
          0.103382,
          0.25841,
          0.24379,
          -0.227486,
          -0.014241,
          0.232511,
          -0.245817,
          0.132825,
          0.277957,
          0.006924,
          -0.276023,
          0.147899,
          -0.148942,
          0.112603,
          0.309874,
          0.135935,
          -0.084947,
          -0.045438,
          -0.068886,
          -0.219881,
          0.044635,
          0.032831,
          0.042929,
          -0.105428,
          -0.177759,
          -0.227111,
          0.064304,
          -0.018829,
          0.246998,
          -0.020903,
          -0.151424,
          0.224773,
          0.281655,
          -0.195561,
          -0.183305,
          -0.008081,
          0.143313,
          -0.026945,
          0.061566,
          -0.150893,
          -0.032156,
          -0.122681,
          -0.117757,
          0.164736,
          0.292234,
          -0.208027,
          0.14167,
          -0.047556,
          0.048168,
          0.047718,
          0.048231,
          -0.169167,
          -0.140695,
          0.175996,
          0.045649,
          0.277244,
          0.230897,
          -0.043956,
          -0.00847,
          0.142369,
          0.279006,
          0.060567,
          -0.027663,
          -0.072033,
          -0.080117,
          -0.069067,
          -0.029125,
          -0.010884,
          -0.083711,
          -0.095378,
          -0.081343,
          0.201925,
          -0.198657,
          -0.147435,
          -0.240894,
          -0.20765,
          -0.249072,
          0.267165,
          -0.181685,
          0.244472,
          0.305032,
          0.117194,
          0.270411,
          -0.100555,
          -0.076324,
          -0.047451,
          -0.249937,
          0.14127,
          -0.076187,
          0.19081,
          -0.30839,
          -0.186795,
          -0.004895,
          -0.117208,
          0.129456,
          0.235234,
          0.087826,
          0.019522,
          0.097867,
          -0.080118,
          0.297072,
          -0.185423,
          -0.024866,
          -0.298232,
          -0.319147,
          0.270648,
          0.281395,
          -0.051917,
          0.264473,
          -0.170971,
          0.197833,
          0.249438,
          -0.252994,
          0.089404,
          0.335843,
          -0.266086,
          0.068552,
          0.147475,
          0.051395,
          0.215019,
          0.022823,
          -0.04718,
          -0.055014,
          0.117759,
          -0.11962,
          0.198823,
          -0.312074,
          0.23136,
          -0.1058,
          -0.068147,
          -0.118504,
          0.145312,
          -0.135548,
          0.198967,
          -0.134367,
          -0.039675,
          0.014355,
          0.005291,
          -0.172172,
          -0.090285,
          -0.206208,
          -0.272236,
          -0.21173,
          -0.263558,
          -0.232871,
          0.127428,
          0.179723,
          0.060661,
          -0.022422,
          0.216299,
          0.146072,
          -0.17586,
          0.017029,
          -0.10894,
          -0.200629,
          -0.002034,
          0.085848,
          -0.064599,
          0.128509,
          -0.293051,
          0.056574,
          -0.179774,
          -0.242089,
          0.229473,
          0.246976,
          -0.129883,
          0.148373,
          0.010062,
          -0.274768,
          0.258996,
          -0.181279,
          -0.02143,
          0.098555,
          0.150627,
          -0.054541,
          0.050531,
          0.142866,
          -0.105865,
          -0.123782,
          0.085909,
          0.162693,
          0.092043,
          -0.087856,
          0.062593,
          0.035886,
          -0.125702,
          -0.078539,
          -0.056103,
          0.246852,
          0.037962,
          -0.037552,
          -0.274672,
          0.16246,
          -0.071289,
          -0.274598,
          0.17652,
          0.216697,
          -0.145492,
          -0.339648,
          0.094191,
          -0.308437,
          -0.216405,
          0.325303,
          0.296175,
          -0.062928,
          0.238309,
          -0.117779,
          -0.218019,
          -0.191232,
          -0.180639,
          -0.064791,
          0.004202,
          0.209531,
          0.163037,
          -0.084832,
          -0.237612,
          0.293188,
          -0.012084,
          -0.25697,
          0.281285,
          -0.091482,
          -0.315815,
          0.082516,
          0.220303,
          0.053469,
          0.228679
        ],
        "bV": [
          0.021557,
          0.003543,
          0.019946,
          -0.022051,
          -0.015847,
          0.008007,
          -0.009657,
          0.015237,
          -0.019275,
          -0.005628,
          -0.021673,
          -0.019808,
          0.021343,
          0.019505,
          -0.004735,
          0.020159,
          0.019812,
          0.015532,
          -0.01607,
          0.020717,
          -0.007783,
          -0.015632,
          -0.02093,
          0.006019,
          -0.00976,
          -0.004022,
          0.012198,
          0.014866,
          -0.018445,
          -0.023909,
          0.020557,
          0.010788
        ],
        "wO": [
          0.196911,
          0.086474,
          0.124802,
          -0.059715,
          -0.313089,
          0.165617,
          -0.075312,
          0.147029,
          -0.288815,
          0.092199,
          -0.161155,
          -0.234341,
          0.018208,
          -0.131699,
          0.009318,
          0.175074,
          -0.05459,
          -0.205182,
          0.294308,
          0.149818,
          0.149106,
          0.056267,
          -0.061417,
          -0.243089,
          -0.003553,
          0.091957,
          0.212192,
          -0.222933,
          0.002316,
          0.227761,
          0.138143,
          0.213616,
          0.152232,
          0.234512,
          0.181633,
          -0.2366,
          -0.008041,
          -0.065988,
          -0.157035,
          0.280542,
          -0.215669,
          0.015959,
          0.268458,
          -0.128064,
          0.005402,
          0.103123,
          0.094554,
          -0.279324,
          -0.074744,
          0.264272,
          -0.026736,
          -0.215482,
          -0.035839,
          -0.049544,
          -0.227582,
          0.211611,
          0.044433,
          0.075841,
          0.111373,
          -0.14264,
          -0.065986,
          0.220644,
          -0.202302,
          0.112603,
          -0.035187,
          -0.017693,
          -0.041031,
          -0.112493,
          -0.209468,
          0.118015,
          0.008233,
          0.069327,
          0.019854,
          -0.00763,
          -0.22271,
          0.269874,
          -0.243109,
          -0.232422,
          -0.076171,
          0.226978,
          0.312606,
          0.087993,
          0.027692,
          -0.161597,
          0.120014,
          -0.025729,
          0.043309,
          0.190755,
          -0.120719,
          -0.110319,
          -0.187455,
          0.091649,
          0.090773,
          0.011597,
          -0.030869,
          -0.084728,
          -0.010326,
          -0.25341,
          0.041258,
          0.036397,
          -0.305447,
          -0.158921,
          -0.12387,
          -0.006128,
          -0.319425,
          -0.070054,
          0.081179,
          -0.03333,
          0.08998,
          -0.223392,
          -0.038811,
          -0.284829,
          0.220832,
          0.009438,
          0.310991,
          0.288222,
          -0.049313,
          0.138231,
          0.229387,
          0.097421,
          -0.196315,
          0.270574,
          0.054225,
          -0.138496,
          0.160852,
          -0.000743,
          0.154301,
          -0.259878,
          -0.106919,
          0.143048,
          -0.349456,
          -0.08564,
          -0.162208,
          0.238369,
          -0.178582,
          -0.027594,
          -0.266977,
          0.15627,
          0.232552,
          0.268184,
          -0.113168,
          0.188336,
          0.068482,
          0.336077,
          0.197773,
          -0.110804,
          -0.10203,
          0.001819,
          -0.102611,
          -0.277143,
          0.138684,
          -0.127439,
          0.000552,
          0.173256,
          0.275422,
          -0.141712,
          0.165154,
          -0.086826,
          -0.118392,
          0.044806,
          0.050415,
          -0.298275,
          0.034325,
          -0.05361,
          0.283008,
          0.079265,
          -0.215892,
          0.043661,
          0.242159,
          -0.015092,
          0.29276,
          0.04298,
          -0.184781,
          -0.182462,
          0.077579,
          0.110431,
          -0.256322,
          -0.195557,
          -0.221161,
          0.260825,
          -0.153875,
          0.196938,
          0.123539,
          -0.152981,
          -0.033442,
          -0.222561,
          -0.14426,
          0.01994,
          -0.159653,
          -0.203949,
          0.058488,
          0.252553,
          0.172757,
          -0.131301,
          -0.273303,
          0.150775,
          -0.031731,
          0.065789,
          -0.012741,
          0.10561,
          0.266783,
          0.047118,
          0.173516,
          0.030371,
          0.065365,
          0.167723,
          -0.260484,
          0.062817,
          0.19581,
          -0.139681,
          0.008122,
          -0.215893,
          0.137031,
          -0.027306,
          -0.227175,
          0.000601,
          -0.155307,
          -0.169764,
          0.245344,
          0.120732,
          -0.262122,
          0.279386,
          -0.088722,
          0.162235,
          0.12017,
          0.028124,
          0.249631,
          0.292225,
          0.034361,
          -0.187718,
          -0.116049,
          0.130184,
          0.120778,
          -0.060846,
          -0.294503,
          0.193174,
          -0.14438,
          -0.295342,
          -0.209652,
          -0.105323,
          0.15884,
          -0.148973,
          0.279304,
          0.280121,
          0.114744,
          0.234641,
          -0.18664,
          -0.204397,
          -0.278011,
          0.128466,
          0.275443,
          0.179216,
          -0.239063,
          0.199856,
          0.21902,
          -0.323438,
          -0.111835,
          -0.046323,
          0.068479,
          -0.079085,
          -0.036315,
          0.226384,
          0.002703,
          0.146853,
          -0.260799,
          -0.082876,
          -0.11898,
          -0.306334,
          -0.289249,
          0.069071,
          -0.302348,
          -0.233436,
          -0.167034,
          0.099911,
          0.241752,
          0.247341,
          0.207726,
          -0.056165,
          0.176165,
          -0.098695,
          0.294442,
          0.065161,
          0.03458,
          0.030175,
          0.064494,
          0.228856,
          -0.10587,
          0.236551,
          0.00824,
          0.183321,
          0.248309,
          -0.282833,
          -0.289976,
          0.263552,
          0.114349,
          0.087545,
          0.054624,
          0.203302,
          -0.312649,
          -0.213559,
          0.103373,
          0.034902,
          0.007118,
          -0.1553,
          -0.132903,
          -0.077603,
          0.132125,
          0.092594,
          -0.17703,
          0.048934,
          0.12728,
          0.214913,
          0.119005,
          -0.080968,
          -0.241361,
          -0.251088,
          -0.209988,
          -0.216901,
          -0.1751,
          -0.165922,
          0.033186,
          -0.078938,
          0.311153,
          0.070874,
          0.211411,
          0.079955,
          -0.021721,
          0.024095,
          0.253623,
          -0.198132,
          -0.030152,
          0.017636,
          0.229161,
          0.17507,
          -0.07298,
          0.004515,
          0.031028,
          -0.192275,
          0.167948,
          -0.078504,
          -0.233479,
          -0.227179,
          -0.085471,
          0.232536,
          -0.279176,
          -0.07628,
          0.05901,
          0.028789,
          0.050982,
          0.143125,
          0.039381,
          0.219281,
          0.111193,
          -0.118854,
          0.226383,
          0.284534,
          -0.217758,
          -0.109539,
          -0.176256,
          0.023569,
          -0.10725,
          0.235812,
          -0.086848,
          -0.116069,
          -0.080626,
          0.235515,
          -0.15183,
          -0.035381,
          -0.177691,
          0.007128,
          0.153943,
          -0.242736,
          -0.167792,
          -0.26466,
          -0.212764,
          0.188699,
          -0.156203,
          0.114448,
          -0.271933,
          0.049811,
          0.006205,
          -0.124986,
          -0.124665,
          0.219845,
          -0.158848,
          -0.11576,
          0.092072,
          0.060339,
          0.176949,
          0.258224,
          -0.310925,
          -0.122689,
          -0.233372,
          0.106208,
          0.204389,
          0.207178,
          -0.158783,
          0.019506,
          0.245931,
          0.114436,
          0.274128,
          -0.142601,
          -0.049948,
          -0.111791,
          -0.261531,
          0.07142,
          0.09374,
          -0.142139,
          -0.3204,
          -0.196371,
          0.170793,
          -0.064896,
          0.017769,
          -0.088523,
          -0.264002,
          -0.2328,
          0.057365,
          -0.126815,
          0.166934,
          0.289485,
          0.292917,
          0.147911,
          -0.177208,
          -0.144799,
          -0.035478,
          -0.1915,
          0.211642,
          0.02666,
          0.103829,
          -0.077045,
          0.135695,
          0.09817,
          0.041296,
          0.222624,
          0.198704,
          0.118699,
          -0.236836,
          0.159377,
          0.204729,
          -0.121801,
          -0.204769,
          -0.007815,
          0.114196,
          0.233374,
          0.285143,
          0.223347,
          0.308639,
          -0.115571,
          0.069796,
          0.036746,
          -0.300629,
          0.285435,
          -0.248212,
          0.290417,
          0.006078,
          -0.178077,
          -0.096499,
          0.205577,
          -0.183475,
          0.218481,
          -0.013704,
          0.259417,
          0.013468,
          -0.214431,
          0.111044,
          0.217849,
          -0.096765,
          -0.293169,
          -0.250332,
          0.131362,
          0.090833,
          -0.187875,
          -0.100448,
          0.098235,
          -0.118551,
          0.245518,
          0.182289,
          -0.135097,
          -0.083261,
          -0.228039,
          -0.047317,
          0.06896,
          -0.03769,
          0.014926,
          0.025229,
          -0.053814,
          0.159477,
          -0.237255,
          -0.101523,
          0.045395,
          0.069795,
          0.262626,
          0.219551,
          -0.032687,
          0.160765,
          0.120193,
          -0.028052,
          0.317791,
          -0.041485,
          0.06179,
          -0.273976,
          0.21944,
          -0.218155,
          -0.027883,
          0.255253,
          0.154419,
          -0.017058,
          0.28099,
          0.168566,
          -0.165503,
          -0.152343,
          -0.1604,
          -0.053037,
          -0.062967,
          -0.03181,
          0.193268,
          0.122323,
          0.012143,
          0.165434,
          0.189047,
          -0.024053,
          0.100767,
          -0.240018,
          0.131947,
          0.288015,
          -0.269086,
          0.167408,
          0.284611,
          0.144999,
          0.119396,
          0.067639,
          -0.251079,
          0.050173,
          -0.190908,
          0.115048,
          0.240287,
          0.067725,
          -0.058907,
          -0.003332,
          0.261875,
          -0.118165,
          -0.140936,
          0.076992,
          0.029464,
          0.062172,
          -0.185451,
          -0.18683,
          -0.169759,
          -0.07523,
          -0.032061,
          0.306736,
          0.038422,
          -0.157047,
          0.048225,
          -0.141248,
          0.029438,
          0.148328,
          0.260934,
          0.261835,
          0.270157,
          -0.23604,
          -0.209736,
          0.045259,
          0.032306,
          0.003949,
          -0.154562,
          0.010572,
          -0.06927,
          -0.188134,
          0.270109,
          -0.167155,
          -0.014646,
          -0.321108,
          0.182713,
          -0.228812,
          0.07139,
          -0.193839,
          0.308045,
          -0.203836,
          -0.168569,
          0.179604,
          0.005103,
          -0.029431,
          -0.227312,
          0.066422,
          -0.037847,
          -0.237619,
          0.272872,
          0.338754,
          0.277669,
          -0.235253,
          0.165963,
          0.268858,
          -0.126429,
          0.24002,
          -0.057921,
          -0.10632,
          0.284342,
          -0.221681,
          -0.129592,
          -0.236919,
          -0.058442,
          0.104434,
          -0.163387,
          0.273506,
          0.230047,
          -0.142597,
          0.275614,
          -0.1054,
          -0.005785,
          -0.166926,
          -0.034185,
          -0.009699,
          0.18391,
          0.049093,
          0.048338,
          0.334961,
          0.222781,
          -0.018997,
          0.022347,
          0.196831,
          0.104981,
          0.169088,
          -0.105102,
          0.124508,
          0.190199,
          -0.004389,
          0.262439,
          0.058281,
          0.203117,
          -0.113086,
          -0.169818,
          0.059516,
          0.003533,
          -0.243093,
          0.126326,
          0.053142,
          -0.232858,
          -0.1231,
          0.09745,
          0.053129,
          -0.028823,
          -0.209135,
          0.239052,
          0.19251,
          -0.214314,
          0.061531,
          -0.140325,
          -0.188763,
          -0.203721,
          0.092813,
          -0.052492,
          -0.245043,
          -0.00522,
          -0.006136,
          0.020854,
          0.049966,
          0.285904,
          -0.194652,
          -0.141597,
          -0.124831,
          -0.071467,
          -0.032001,
          -0.070553,
          -0.193069,
          0.087499,
          0.01353,
          -0.038441,
          0.154784,
          -0.023573,
          -0.214751,
          -0.216095,
          0.192711,
          0.159018,
          0.098108,
          -0.242059,
          0.211344,
          2.3e-05,
          0.221805,
          -0.289825,
          0.03619,
          0.272401,
          0.022945,
          -0.128779,
          -0.066509,
          -0.245717,
          -0.278879,
          0.263744,
          0.196204,
          -0.291333,
          -0.131984,
          0.051031,
          -0.254381,
          -0.078457,
          -0.121322,
          0.201114,
          -0.037586,
          -0.034916,
          -0.086723,
          -0.02814,
          0.037808,
          -0.198914,
          -0.03927,
          -0.042455,
          -0.251899,
          0.035759,
          0.1531,
          0.023793,
          0.301832,
          -0.045924,
          -0.087743,
          -0.017431,
          -0.233176,
          -0.130419,
          -0.259802,
          -0.170853,
          0.253409,
          -0.117329,
          -0.308676,
          -0.280506,
          -0.074949,
          -0.163307,
          0.217876,
          -0.102788,
          -0.16342,
          -0.271851,
          -0.114068,
          0.116777,
          0.196723,
          -0.251748,
          -0.128594,
          0.16411,
          0.312588,
          -0.264152,
          -0.113274,
          0.135336,
          0.074136,
          -0.186879,
          -0.199812,
          -0.233821,
          0.050784,
          -0.014951,
          0.196857,
          0.074786,
          -0.009566,
          -0.059386,
          0.279433,
          -0.07133,
          -0.223727,
          0.045027,
          0.067523,
          -0.036548,
          -0.045409,
          0.02369,
          -0.239507,
          0.166445,
          0.196589,
          0.208247,
          0.163579,
          -0.131316,
          -0.020484,
          -0.047469,
          0.067426,
          -0.190437,
          -0.245589,
          -0.320549,
          0.288023,
          -0.148989,
          -0.271877,
          0.140021,
          -0.190567,
          0.214629,
          0.114578,
          -0.199663,
          -0.223096,
          -0.199746,
          -0.094558,
          0.152359,
          0.251781,
          0.2593,
          0.091388,
          -0.068088,
          0.140978,
          -0.149265,
          0.125916,
          -0.039704,
          -0.01253,
          0.11423,
          -0.138314,
          -0.226054,
          0.088321,
          0.092492,
          0.038647,
          0.087003,
          -0.026006,
          -0.280147,
          -0.230281,
          -0.015501,
          -0.123186,
          0.1726,
          0.236886,
          0.027292,
          -0.159108,
          -0.010852,
          0.272358,
          -0.018351,
          0.214811,
          -0.186914,
          0.260234,
          0.100345,
          0.333498,
          0.226847,
          0.080421,
          -0.167425,
          -0.196022,
          0.280257,
          0.029652,
          -0.237983,
          -0.082435,
          0.03501,
          -0.023202,
          0.053945,
          -0.13299,
          -0.162998,
          -0.115982,
          -0.278739,
          -0.242758,
          -0.054712,
          -0.131285,
          0.179349,
          0.207288,
          0.069422,
          0.040599,
          -0.027061,
          -0.10634,
          -0.168192,
          -0.045442,
          -0.224486,
          0.259892,
          0.175628,
          -0.000467,
          0.01019,
          -0.292941,
          -0.150967,
          -0.149873,
          -0.265562,
          -0.069932,
          0.179932,
          0.097528,
          -0.31313,
          -0.189843,
          0.135961,
          -0.197439,
          -0.03081,
          -0.21701,
          -0.246862,
          0.025545,
          0.209494,
          0.001838,
          0.006914,
          0.158879,
          -0.209529,
          0.033325,
          -0.292735,
          0.142614,
          0.144969,
          0.144653,
          0.10219,
          0.218684,
          -0.087909,
          -0.159619,
          0.219194,
          0.065191,
          0.003467,
          0.108594,
          -0.059056,
          -0.319549,
          0.325586,
          0.09267,
          0.222679,
          0.084304,
          0.182174,
          0.26188,
          -0.255714,
          -0.13664,
          0.253075,
          -0.093217,
          0.077152,
          0.259157,
          0.107178,
          0.295173,
          0.006392,
          -0.090731,
          0.251858,
          0.01828,
          0.01281,
          0.146879,
          -0.009429,
          -0.201938,
          0.250633,
          -0.158391,
          0.134481,
          -0.16897,
          -0.25126,
          -0.180455,
          -0.176423,
          0.147611,
          -0.076973,
          0.189449,
          0.206706,
          -0.073475,
          -0.238416,
          0.012189,
          0.070402,
          0.05647,
          -0.113524,
          0.082413,
          -0.094274,
          0.166879,
          -0.212719,
          -0.163699,
          -0.100435,
          0.275007,
          0.178649,
          0.041073,
          -0.172949,
          0.173744,
          0.173945,
          0.183914,
          -0.082925,
          0.007738,
          0.181172,
          0.18062,
          0.035034,
          -0.070232,
          -0.229719,
          -0.304226,
          -0.015978,
          0.191308,
          -0.098102,
          -0.289172,
          0.30367,
          0.284651,
          -0.036024,
          0.288349,
          -0.216633,
          0.215097,
          -0.273621,
          -0.336552,
          -0.01217,
          0.21895,
          -0.120675,
          0.276394,
          0.063878,
          0.05923,
          0.29056,
          0.080477,
          0.041571,
          -0.223572,
          -0.063298,
          -0.008487,
          0.158125,
          -0.19614,
          0.0887,
          -0.294615,
          0.218563,
          -0.01849,
          -0.034441,
          -0.203098,
          -0.026907,
          -0.025452,
          -0.328128,
          0.250144,
          -0.23824,
          0.124141,
          0.038101,
          0.256803,
          -0.246037,
          0.296117,
          -0.235062,
          0.155529,
          -0.081739,
          -0.041213,
          -0.117811,
          -0.292108,
          0.164393,
          0.133422,
          0.257136,
          -0.01353,
          -0.261183,
          0.061204,
          -0.17682,
          -0.162921,
          -0.013549,
          -0.292261,
          -0.038292,
          0.261877,
          -0.243815,
          -0.160732,
          0.281155,
          -0.171175,
          -0.317703,
          -0.085762,
          0.055968,
          0.118921,
          0.188445,
          0.046829,
          -0.205002,
          0.231466,
          0.261126,
          0.320628,
          -0.00447,
          -0.131343,
          0.115653,
          0.271142,
          0.244744,
          -0.070603,
          0.205674,
          0.22741,
          -0.1228,
          -0.256826,
          0.315699,
          0.046328,
          -0.265307
        ],
        "bO": [
          -0.018895,
          0.013532,
          -0.024172,
          -0.009739,
          -0.015538,
          0.025334,
          -0.020397,
          0.013976,
          0.018393,
          -0.016426,
          -0.01881,
          0.015458,
          0.027054,
          -0.021321,
          0.017623,
          0.023941,
          0.017409,
          0.020885,
          0.009217,
          -0.021662,
          0.027332,
          0.021371,
          -0.020938,
          -0.018089,
          -0.01671,
          0.030493,
          0.00894,
          0.006451,
          -0.020223,
          0.0199,
          -0.019402,
          -0.0192
        ],
        "ln2Gamma": [
          1.020948,
          1.025478,
          1.05344,
          1.030054,
          1.02656,
          1.013922,
          0.983862,
          1.022051,
          1.004401,
          0.987577,
          1.029928,
          0.982051,
          1.049464,
          1.021657,
          0.99079,
          1.022521,
          1.020816,
          0.981472,
          1.040504,
          1.021511,
          1.020382,
          1.02062,
          1.003405,
          0.966486,
          1.028948,
          1.029244,
          1.025674,
          0.998083,
          1.020712,
          1.001318,
          0.967115,
          1.014845
        ],
        "ln2Beta": [
          -0.023942,
          -0.024202,
          0.010445,
          -0.024597,
          -0.022173,
          0.02531,
          0.017584,
          0.022741,
          0.016735,
          -0.017647,
          0.010262,
          -0.023561,
          0.022102,
          0.009046,
          0.011947,
          0.022397,
          0.020159,
          0.019854,
          -0.032647,
          -0.020167,
          -0.022398,
          0.022064,
          -0.012493,
          0.015315,
          -0.02523,
          0.023751,
          0.023032,
          -0.025381,
          -0.020938,
          0.02546,
          0.007968,
          -0.012266
        ],
        "ff1W": [
          0.130224,
          -0.205941,
          -0.115761,
          -0.039837,
          -0.099307,
          -0.063196,
          0.139402,
          -0.092651,
          0.117408,
          0.07078,
          0.059134,
          -0.13038,
          0.004183,
          0.143352,
          0.154551,
          0.038162,
          -0.06921,
          -0.056479,
          0.16271,
          -0.065975,
          -0.155818,
          0.080249,
          -0.08918,
          -0.084468,
          0.230591,
          0.033769,
          0.160701,
          0.110835,
          0.136093,
          -0.15633,
          -0.158593,
          -0.143831,
          0.09475,
          0.143052,
          -0.064791,
          -0.187274,
          0.153284,
          -0.092488,
          -0.091732,
          -0.00868,
          0.068406,
          -0.10971,
          0.061937,
          0.084675,
          0.099908,
          -0.006877,
          -0.098126,
          0.115142,
          -0.214863,
          -0.179816,
          0.141763,
          -0.006605,
          -0.045151,
          0.129408,
          0.110387,
          -0.009138,
          0.053273,
          -0.031894,
          -0.126915,
          -0.155975,
          0.172561,
          -0.166084,
          -0.151301,
          0.18178,
          -0.087427,
          -0.132914,
          -0.122972,
          0.113793,
          -0.139154,
          -0.037036,
          -0.126025,
          0.121647,
          0.159872,
          0.047383,
          0.129176,
          0.087001,
          -0.049409,
          0.141399,
          0.106261,
          -0.117941,
          -0.046962,
          0.051237,
          0.156352,
          -0.021211,
          -0.083335,
          -0.166767,
          -0.007871,
          0.112521,
          0.059469,
          -0.026949,
          0.008198,
          -0.018411,
          -0.051807,
          0.016391,
          -0.055755,
          0.158833,
          -0.127029,
          -0.111667,
          -0.091098,
          0.158799,
          0.158941,
          0.048178,
          0.130929,
          -0.096319,
          0.060417,
          -0.163519,
          -0.053895,
          -0.002711,
          -0.101151,
          -0.051211,
          0.09025,
          -0.192692,
          0.128137,
          -0.032165,
          -0.04926,
          0.1338,
          0.171697,
          0.090427,
          0.018773,
          -0.080608,
          -0.168238,
          -0.075703,
          -0.11108,
          0.002216,
          -0.077967,
          0.075488,
          0.173849,
          -0.189129,
          0.17371,
          0.192056,
          -0.079086,
          -0.030153,
          -0.018672,
          -0.084933,
          0.165491,
          0.21881,
          0.034843,
          -0.159419,
          -0.099303,
          0.210648,
          -0.027362,
          0.143131,
          0.103416,
          -0.138403,
          0.073859,
          -0.075051,
          -0.076456,
          0.018157,
          -0.186939,
          -0.141488,
          0.176986,
          0.093054,
          0.032353,
          0.160564,
          0.202761,
          -0.104817,
          0.090525,
          0.099662,
          0.170079,
          -0.081206,
          -0.062768,
          0.039936,
          -0.079761,
          -0.058278,
          -0.014911,
          -0.132917,
          0.01157,
          -0.007901,
          -0.022698,
          -0.058493,
          0.085329,
          -0.00432,
          0.054291,
          -0.083462,
          0.069797,
          0.117159,
          0.180052,
          -0.020107,
          0.16281,
          -0.055379,
          -0.058285,
          0.030412,
          -0.190046,
          0.107042,
          0.038265,
          -0.184619,
          -0.049739,
          -0.048339,
          0.072491,
          -0.032782,
          0.107803,
          0.050251,
          -0.108577,
          0.159924,
          -0.142905,
          0.010661,
          0.10669,
          -0.095838,
          -0.109982,
          0.106215,
          -0.125556,
          -0.125767,
          -0.019601,
          -0.077956,
          -0.074905,
          0.106864,
          -0.119466,
          0.134184,
          -0.020508,
          -0.130204,
          0.094801,
          -0.177646,
          0.07451,
          -0.019677,
          -0.122694,
          0.011134,
          -0.076873,
          0.00671,
          0.051846,
          -0.033475,
          -0.139514,
          0.049298,
          0.060513,
          0.128828,
          -0.15541,
          -0.19289,
          0.125122,
          0.172486,
          0.099305,
          0.090464,
          0.054845,
          -0.029988,
          0.078439,
          -0.182612,
          -0.090901,
          0.147384,
          -0.159856,
          -0.150098,
          -0.020244,
          0.174597,
          -0.047827,
          0.04892,
          -0.208849,
          -0.172267,
          0.095345,
          -0.094536,
          0.176228,
          -0.226617,
          -0.122902,
          -0.076484,
          0.206782,
          -0.159644,
          0.131875,
          0.033198,
          -0.002247,
          0.173274,
          -0.052091,
          -0.071869,
          0.121491,
          -0.199289,
          0.115743,
          0.086164,
          0.084991,
          -0.007832,
          -0.172041,
          -0.196499,
          -0.174746,
          0.051678,
          -0.196111,
          0.115086,
          0.066465,
          0.032918,
          0.032949,
          0.148071,
          -0.089067,
          0.091164,
          0.208193,
          0.002254,
          -0.017733,
          0.193001,
          0.195548,
          -0.139736,
          -0.120127,
          -0.112848,
          0.087319,
          -0.102862,
          0.067468,
          0.168381,
          -0.014185,
          -0.05179,
          -0.039849,
          -0.168033,
          -0.148629,
          -0.137071,
          0.150152,
          0.077008,
          0.062149,
          0.086201,
          -0.166514,
          0.204022,
          -0.090945,
          -0.048352,
          0.222538,
          -0.038008,
          -0.106972,
          0.203346,
          0.148893,
          -0.207382,
          0.142083,
          0.084169,
          0.108416,
          0.141193,
          -0.130669,
          -0.056909,
          0.227537,
          0.052583,
          0.172171,
          -0.154383,
          0.037762,
          -0.127675,
          0.063888,
          -0.186024,
          0.124684,
          0.176213,
          0.175492,
          0.096212,
          -0.079334,
          -0.141053,
          -0.05373,
          0.088758,
          -0.021407,
          -0.156558,
          0.108645,
          0.211298,
          0.186101,
          0.218806,
          -0.108123,
          -0.021889,
          -0.138447,
          -0.144289,
          -0.166942,
          0.008409,
          -0.129642,
          0.035779,
          -0.007192,
          0.018224,
          -0.003395,
          0.067695,
          0.147604,
          0.130685,
          0.176999,
          -0.133707,
          -0.154283,
          0.107068,
          -0.062878,
          0.02705,
          -0.021801,
          0.135104,
          -0.084634,
          0.173348,
          -0.083575,
          -0.122763,
          0.138479,
          -0.156086,
          0.050027,
          -0.161113,
          -0.121564,
          0.177437,
          -0.1791,
          -0.106067,
          -0.127845,
          0.003402,
          -0.047924,
          0.029713,
          0.166233,
          -0.035285,
          -0.026375,
          -0.1317,
          -0.136915,
          -0.171824,
          0.086573,
          0.134415,
          -0.15435,
          -0.181855,
          -0.123814,
          0.131232,
          -0.006565,
          -0.172474,
          0.038759,
          0.136703,
          0.049063,
          0.19079,
          0.110376,
          -0.020839,
          0.004448,
          -0.122853,
          0.028382,
          -0.069787,
          -0.083965,
          -0.196974,
          -0.005417,
          -0.166619,
          0.15588,
          0.071806,
          -0.027374,
          -0.142143,
          -0.02237,
          0.051608,
          0.146132,
          0.157693,
          -0.228201,
          0.176625,
          0.035395,
          -0.156509,
          -0.003163,
          0.053406,
          -0.016677,
          0.048288,
          -0.185918,
          0.011088,
          -0.204363,
          -0.137243,
          0.010088,
          0.090137,
          -0.021588,
          -0.048636,
          0.116504,
          0.084717,
          0.162355,
          0.079318,
          0.006384,
          -0.169458,
          -0.198448,
          0.05548,
          0.00826,
          0.066525,
          0.09691,
          0.078126,
          0.125584,
          0.052463,
          0.055519,
          0.073037,
          -0.225175,
          0.01435,
          -0.015601,
          -0.004825,
          -0.17382,
          0.205826,
          0.188807,
          0.088637,
          -0.04804,
          0.110997,
          -0.153033,
          0.045279,
          0.14381,
          0.027879,
          -0.137695,
          0.077107,
          -0.053897,
          -0.162958,
          -0.056126,
          -0.189696,
          -0.188571,
          0.10988,
          -0.151872,
          -0.225481,
          0.020306,
          -0.206013,
          -0.16621,
          -0.084478,
          -0.180735,
          -0.192075,
          0.2069,
          0.085454,
          -0.102752,
          -0.032544,
          -0.022699,
          -0.062312,
          0.178305,
          -0.131331,
          -0.068448,
          0.183915,
          0.006711,
          0.165444,
          0.013113,
          0.128817,
          -0.165625,
          0.045916,
          0.064026,
          -0.21943,
          0.026573,
          -0.106123,
          -0.092668,
          0.040793,
          -0.020919,
          -0.128655,
          -0.079167,
          0.002464,
          -0.07435,
          -0.060428,
          0.015302,
          0.038548,
          -0.210191,
          0.030591,
          -0.077985,
          -0.139387,
          0.09188,
          -0.028239,
          0.100243,
          -0.201122,
          -0.179571,
          0.02249,
          0.188828,
          -0.188835,
          -0.177919,
          -0.200286,
          0.085095,
          0.050526,
          0.095607,
          -0.124547,
          -0.156208,
          -0.176669,
          0.133413,
          -0.066995,
          0.104822,
          -0.136496,
          -0.121544,
          0.153145,
          -0.049319,
          0.181168,
          0.059702,
          0.101231,
          0.148643,
          -0.029577,
          0.051564,
          -0.088268,
          0.045568,
          0.062525,
          0.098182,
          0.147531,
          -0.085808,
          0.135363,
          0.088934,
          -0.138508,
          0.06269,
          -0.181555,
          -0.151879,
          -0.050446,
          -0.129355,
          -0.134986,
          -0.029636,
          -0.103524,
          -0.192043,
          -0.078987,
          0.050857,
          -0.002572,
          -0.149314,
          0.047172,
          -0.111397,
          0.078347,
          -0.090135,
          -0.076604,
          0.129642,
          0.002654,
          -0.146361,
          -0.066504,
          -0.126319,
          0.202453,
          -0.19035,
          0.192738,
          -0.051603,
          0.086664,
          0.139274,
          -0.165492,
          -0.055145,
          -0.077105,
          0.180104,
          0.152218,
          -0.037653,
          -0.094723,
          0.206681,
          -0.080984,
          -0.191379,
          0.164771,
          -0.146804,
          -0.023107,
          0.159309,
          0.047153,
          -0.202444,
          -0.101233,
          0.082761,
          0.172838,
          -0.125297,
          -0.081254,
          -0.161941,
          -0.148846,
          0.026077,
          -0.089046,
          0.103342,
          0.044902,
          -0.15291,
          0.116481,
          -0.129541,
          0.076436,
          -0.069441,
          -0.021252,
          -0.071462,
          -0.020331,
          0.074081,
          0.115151,
          0.083519,
          0.026903,
          -0.003634,
          0.103305,
          -0.001556,
          -0.170584,
          -0.143182,
          -0.207976,
          -0.012002,
          0.162635,
          0.034897,
          0.141576,
          0.1609,
          0.046134,
          -0.032349,
          0.169028,
          0.050892,
          -0.056362,
          -0.148174,
          -0.003628,
          0.073354,
          -0.170091,
          -0.078604,
          0.124638,
          -0.221766,
          -0.016412,
          -0.019274,
          -0.085985,
          -0.083685,
          -0.057075,
          0.005614,
          -0.223252,
          0.150553,
          0.172023,
          0.030559,
          -0.12698,
          0.174482,
          -0.118454,
          0.06128,
          0.199857,
          -0.146818,
          -0.025159,
          0.184106,
          0.048235,
          0.092857,
          0.08667,
          0.094255,
          -0.110718,
          -0.054148,
          0.09483,
          -0.018736,
          0.195921,
          -0.002654,
          0.051955,
          0.135569,
          0.030586,
          -0.056403,
          -0.110901,
          -0.135742,
          -0.048825,
          0.177313,
          0.144127,
          0.108015,
          0.009516,
          0.160129,
          0.096459,
          -0.084856,
          0.172945,
          0.184622,
          -0.115307,
          0.173854,
          0.056111,
          -0.189111,
          -0.062812,
          -0.195045,
          0.047361,
          0.031531,
          -0.107081,
          -0.052666,
          0.20297,
          0.061499,
          -0.152935,
          -0.091913,
          -0.09556,
          -0.115145,
          0.08579,
          0.153248,
          0.038387,
          0.093425,
          0.110224,
          0.144132,
          0.169443,
          0.01545,
          0.076353,
          0.085596,
          0.190111,
          0.119104,
          0.063244,
          0.177197,
          -0.050545,
          0.051508,
          0.19302,
          0.096594,
          -0.104269,
          0.165947,
          -0.093337,
          -0.15358,
          0.161933,
          0.127458,
          -0.138291,
          0.079931,
          0.023647,
          -0.14543,
          0.01554,
          0.159579,
          -0.153115,
          -0.009581,
          0.108815,
          0.112619,
          0.067214,
          -0.00309,
          0.202471,
          0.125729,
          0.030752,
          0.191457,
          0.140859,
          0.220183,
          -0.147933,
          0.097493,
          -0.115568,
          -0.095788,
          0.096284,
          -0.169515,
          0.088903,
          0.045577,
          -0.068248,
          0.079955,
          0.048087,
          0.139199,
          0.108654,
          0.221464,
          0.03883,
          -0.196822,
          0.214512,
          0.205234,
          -0.153575,
          -0.112937,
          -0.172853,
          -0.074012,
          0.023989,
          0.063292,
          -0.170583,
          0.084784,
          0.088859,
          -0.095521,
          0.024378,
          -0.116731,
          -0.131273,
          -0.0842,
          -0.019199,
          -0.044657,
          0.065161,
          0.126201,
          -0.146249,
          0.156642,
          0.12474,
          0.082489,
          -0.08214,
          0.051152,
          -0.085323,
          0.116333,
          -0.012282,
          0.203863,
          0.142132,
          0.153253,
          -0.180406,
          0.176018,
          0.090568,
          -0.191516,
          0.094598,
          -0.028479,
          0.069016,
          -0.187397,
          -0.036396,
          0.134514,
          -0.161704,
          -0.090436,
          0.021263,
          0.003941,
          0.13622,
          0.089193,
          0.0066,
          0.016292,
          0.136454,
          -0.084605,
          0.022214,
          0.048773,
          -0.091148,
          -0.096119,
          -0.234478,
          -0.134414,
          -0.153304,
          0.075334,
          0.091433,
          0.036725,
          0.233581,
          0.004429,
          0.036468,
          -0.085448,
          0.095491,
          -0.158128,
          0.124055,
          0.137373,
          -0.124693,
          0.06377,
          0.177685,
          0.147617,
          0.038772,
          -0.1788,
          -0.133046,
          -0.095703,
          -0.16009,
          -0.092768,
          -0.064419,
          0.144772,
          -0.173809,
          -0.174402,
          0.076062,
          -0.151099,
          -0.040408,
          -0.107275,
          0.15698,
          -0.076161,
          0.158119,
          -0.077622,
          -0.019617,
          -0.07343,
          -0.137414,
          0.116269,
          0.054235,
          0.056836,
          0.061085,
          -0.046472,
          0.202927,
          -0.172274,
          0.041462,
          -0.158399,
          -0.07515,
          0.164408,
          0.084169,
          0.086134,
          -0.156596,
          0.176357,
          -0.053945,
          -0.217295,
          0.054142,
          0.094718,
          -0.066604,
          0.193631,
          0.109966,
          0.118421,
          -0.133007,
          -0.186122,
          0.055674,
          0.066909,
          -0.172394,
          -0.081384,
          0.076927,
          0.086904,
          0.05759,
          0.06782,
          0.127172,
          0.050191,
          -0.097653,
          -0.097286,
          0.164082,
          -0.211616,
          -0.090931,
          -0.014024,
          -0.096081,
          0.011568,
          0.070325,
          -0.023744,
          0.004993,
          0.150722,
          0.101482,
          0.002592,
          0.043306,
          0.17701,
          -0.108232,
          -0.147397,
          -0.156872,
          0.137809,
          0.075427,
          -0.17143,
          0.114636,
          -0.076921,
          0.014739,
          -0.152795,
          0.143615,
          -0.114404,
          -0.089584,
          0.004993,
          0.003668,
          0.052299,
          -0.117749,
          -0.140118,
          -0.072788,
          0.209239,
          0.009728,
          -0.064492,
          -0.077862,
          -0.093591,
          -0.168818,
          -0.166737,
          0.075992,
          0.142967,
          0.102512,
          0.119068,
          0.034549,
          -0.163281,
          -0.119999,
          0.151014,
          0.094246,
          0.170527,
          0.154872,
          -0.0604,
          -0.142888,
          0.00406,
          -0.156451,
          0.022645,
          0.183104,
          -0.087176,
          0.023778,
          -0.01092,
          0.069088,
          0.022455,
          -0.020852,
          -0.051872,
          0.061855,
          0.138367,
          -0.090383,
          -0.170701,
          -0.094095,
          0.051267,
          0.086591,
          -0.157823,
          0.069739,
          -0.046731,
          -0.153145,
          0.021598,
          0.173442,
          -0.061387,
          0.105536,
          0.023573,
          -0.14912,
          0.214722,
          0.174382,
          0.018515,
          0.133907,
          0.062381,
          -0.195098,
          0.041184,
          -0.033302,
          0.081443,
          -0.054305,
          0.207004,
          -0.091465,
          0.232516,
          -0.051406,
          0.186884,
          0.095665,
          0.192524,
          0.130329,
          -0.037935,
          -0.155615,
          0.105916,
          0.158156,
          -0.195687,
          0.009308,
          0.224532,
          0.094033,
          0.049149,
          0.147861,
          -0.049952,
          -0.173149,
          0.037341,
          0.09849,
          0.099611,
          0.14383,
          0.120142,
          -0.034599,
          -0.010644,
          -0.148659,
          -0.067729,
          -0.058214,
          0.050463,
          0.043881,
          0.176817,
          0.063207,
          -0.056104,
          0.056501,
          -0.037615,
          0.131032,
          0.022015,
          -0.116024,
          0.079389,
          0.135673,
          0.094338,
          -0.081401,
          0.033305,
          -0.190365,
          0.162049,
          0.079391,
          0.017724,
          -0.158693,
          0.149007,
          -0.052611,
          0.144932,
          -0.153663,
          -0.066821,
          -0.172152,
          -0.065238,
          -0.068061,
          0.129638,
          0.010022,
          -0.113078,
          -0.090338,
          -0.036637,
          0.039222,
          -0.043022,
          -0.059181,
          0.139573,
          -0.100591,
          -0.005707,
          -0.041637,
          0.09103,
          0.069864,
          0.142049,
          -0.012091,
          -0.134413,
          0.000816,
          -0.123323,
          0.006404,
          0.022264,
          -0.017662,
          0.135685,
          0.032795,
          0.009036,
          0.194504,
          -0.031557,
          0.128837,
          -0.122988,
          -0.021285,
          0.114353,
          0.039099,
          0.156616,
          0.065349,
          -0.06275,
          0.084534,
          0.055384,
          -0.101184,
          0.076284,
          -0.232443,
          -0.004599,
          -0.09409,
          -0.152669,
          -0.162545,
          -0.182756,
          0.179925,
          0.147951,
          0.104126,
          0.07923,
          0.014039,
          -0.028377,
          -0.055255,
          0.14366,
          -0.030741,
          -0.174579,
          0.044113,
          -0.011674,
          0.043019,
          -0.06756,
          -0.069062,
          -0.179056,
          0.099906,
          0.065683,
          0.176436,
          -0.116548,
          -0.194565,
          -0.140554,
          -0.004334,
          0.154212,
          0.054192,
          0.170623,
          -0.016976,
          -0.084933,
          0.190569,
          -0.03887,
          0.16189,
          0.175154,
          -0.195766,
          0.004055,
          -0.041944,
          0.090971,
          0.173992,
          0.088988,
          -0.081897,
          0.174475,
          -0.101926,
          0.071294,
          -0.10555,
          -0.103463,
          0.03648,
          0.039971,
          -0.072447,
          0.125069,
          0.062507,
          -0.051484,
          0.041684,
          -0.145783,
          0.171734,
          -0.189931,
          -0.011629,
          -0.006392,
          -0.120424,
          -0.002763,
          0.140934,
          0.10513,
          0.001597,
          -0.120889,
          -0.042856,
          -0.187758,
          0.032274,
          0.104839,
          0.104203,
          0.195382,
          -0.152527,
          0.04407,
          -0.087472,
          0.220358,
          0.114172,
          0.055326,
          0.038786,
          -0.168261,
          -0.156683,
          -0.059077,
          0.178274,
          -0.078791,
          -0.079818,
          0.0599,
          0.072882,
          0.01394,
          -0.059517,
          0.051803,
          0.078466,
          0.129422,
          0.02297,
          0.170518,
          0.135445,
          -0.08716,
          0.142663,
          0.00513,
          0.102296,
          -0.051725,
          0.06011,
          0.15011,
          -0.049461,
          0.15079,
          0.122013,
          0.024044,
          -0.04391,
          -0.020763,
          -0.115296,
          -0.200397,
          -0.033173,
          -0.035056,
          -0.076598,
          -0.060091,
          0.106179,
          -0.16566,
          -0.09749,
          0.003761,
          0.103354,
          0.039415,
          0.058038,
          0.090023,
          -0.132501,
          -0.09738,
          0.027998,
          -0.018312,
          -0.183901,
          0.030882,
          0.032859,
          -0.025705,
          -0.020126,
          0.040728,
          -0.003706,
          0.184687,
          -0.17561,
          -0.095538,
          -0.17118,
          -0.000664,
          -0.195541,
          0.043015,
          -0.118316,
          -0.034339,
          -0.009982,
          0.138144,
          -0.184666,
          0.079053,
          -0.207611,
          -0.126999,
          -0.024765,
          0.082235,
          -0.086622,
          -0.1491,
          -0.14603,
          -0.124434,
          0.011251,
          0.049711,
          -0.127731,
          -0.084555,
          -0.042105,
          0.170436,
          0.036953,
          0.08372,
          -0.010757,
          0.129069,
          -0.027052,
          0.136745,
          -0.014791,
          0.095825,
          0.09445,
          -0.004813,
          0.031148,
          -0.134839,
          0.001401,
          -0.16097,
          -0.052002,
          0.030454,
          -0.022446,
          -0.093384,
          0.172585,
          -0.047465,
          -0.001869,
          -0.201245,
          0.130303,
          -0.221423,
          0.067479,
          -0.166881,
          -0.107107,
          0.090025,
          0.100727,
          0.136468,
          0.170424,
          0.135235,
          -0.090412,
          0.134253,
          0.157064,
          -0.067109,
          -0.036121,
          -0.01838,
          -0.062029,
          0.049356,
          -0.167495,
          -0.06261,
          -0.091494,
          -0.075606,
          0.06496,
          -0.128821,
          0.157442,
          -0.056997,
          -0.032199,
          -0.024217,
          0.046727,
          0.08292,
          0.15355,
          0.070174,
          0.135308,
          0.019162,
          -0.19635,
          0.178852,
          0.209347,
          -0.003938,
          0.109625,
          0.12557,
          -0.013414,
          0.132641,
          -0.154519,
          -0.212878,
          0.181494,
          -0.169135,
          -0.079664,
          -0.111704,
          0.152476,
          -0.07989,
          0.036804,
          0.098587,
          0.164427,
          0.056819,
          0.030844,
          -0.181033,
          0.106458,
          0.035727,
          0.108428,
          0.11217,
          0.092842,
          0.045306,
          0.065521,
          0.105247,
          -0.183581,
          -0.129563,
          -0.075232,
          -0.00156,
          -0.10177,
          0.142077,
          0.049692,
          -0.180481,
          0.126159,
          0.039641,
          -0.053575,
          -0.099546,
          0.166409,
          0.143571,
          -0.142352,
          0.135264,
          -0.015892,
          -0.141658,
          -0.183035,
          0.086963,
          -0.071564,
          -0.113732,
          0.010584,
          0.204003,
          -0.174085,
          0.004938,
          0.096277,
          0.051774,
          0.135613,
          -0.005219,
          -0.161436,
          0.041227,
          0.20318,
          0.041412,
          0.146502,
          -0.162722,
          0.013604,
          0.178928,
          -0.099942,
          0.040027,
          -0.101748,
          -0.002436,
          0.109407,
          0.012664,
          0.165027,
          -0.091054,
          0.070878,
          -0.120483,
          -0.130509,
          0.130732,
          0.065446,
          -0.154302,
          0.147258,
          0.077816,
          0.166279,
          0.160227,
          0.093163,
          0.12448,
          -0.048333,
          0.077616,
          -0.020157,
          0.104881,
          0.158547,
          -0.014806,
          0.130036,
          -0.081217,
          0.034316,
          -0.04424,
          -0.037513,
          -0.143682,
          -0.052084,
          0.08564,
          -0.098192,
          0.070077,
          0.16452,
          -0.186003,
          0.045815,
          0.131453,
          -0.076813,
          0.031115,
          -0.195919,
          -0.143727,
          -0.167142,
          -0.049484,
          -0.087049,
          -0.06873,
          0.01188,
          -0.157782,
          0.141343,
          -0.001463,
          0.012007,
          0.070241,
          -0.097129,
          -0.189493,
          -0.116488,
          -0.104611,
          0.053858,
          -0.111661,
          0.107188,
          0.181132,
          -0.003201,
          -0.108455,
          -0.043676,
          -0.207321,
          0.093149,
          0.127814,
          -0.161865,
          -0.059198,
          0.064417,
          0.165805,
          -0.141316,
          -0.121168,
          0.167093,
          -0.077349,
          0.090674,
          -0.09133,
          0.174826,
          0.005697,
          0.101269,
          -0.082329,
          -0.081801,
          0.172487,
          0.066647,
          -0.055876,
          -0.100977,
          0.10433,
          0.002465,
          0.0524,
          -0.166938,
          -0.167073,
          0.051613,
          -0.103505,
          -0.09356,
          -0.141887,
          0.099345,
          -0.108791,
          0.094741,
          0.106105,
          0.029334,
          0.048459,
          -0.074042,
          -0.083581,
          -0.130798,
          -0.086381,
          0.170672,
          0.015568,
          0.157977,
          -0.153729,
          0.094316,
          -0.038096,
          0.092914,
          0.100368,
          -0.149683,
          -0.066255,
          0.058689,
          0.104703,
          -0.089117,
          0.07178,
          -0.10636,
          -0.113828,
          -0.171139,
          -0.151509,
          -0.039337,
          0.114854,
          -0.071207,
          -0.115282,
          0.136126,
          -0.079426,
          -0.090779,
          0.044628,
          -0.016625,
          0.091433,
          -0.053637,
          0.163808,
          -0.220586,
          0.035092,
          -0.149774,
          -0.134654,
          0.080198,
          -0.163817,
          -0.04563,
          0.003002,
          -0.133209,
          -0.070096,
          0.161624,
          0.150053,
          -0.11126,
          0.120395,
          -0.139908,
          0.108396,
          -0.020682,
          0.076831,
          0.038539,
          0.024204,
          -0.096939,
          0.006303,
          -0.036254,
          0.094649,
          -0.080269,
          -0.111718,
          0.045443,
          0.017599,
          0.10446,
          -0.175273,
          -0.119317,
          -0.013932,
          0.22791,
          -0.143056,
          0.194419,
          -0.132956,
          -0.035003,
          -0.041608,
          -0.011128,
          0.023917,
          0.186726,
          0.091924,
          0.076764,
          -0.128198,
          0.169607,
          -0.16325,
          0.101271,
          -0.149489,
          -0.0886,
          -0.005081,
          0.157084,
          -0.044794,
          0.058409,
          0.119888,
          -0.086815,
          -0.111334,
          -0.245986,
          0.142991,
          -0.079149,
          -0.054727,
          0.023959,
          -0.041648,
          0.208075,
          -0.076228,
          0.175791,
          -0.029153,
          0.024411,
          0.180985,
          -0.241372,
          -0.148882,
          0.091193,
          0.035661,
          0.071176,
          -0.208841,
          0.191,
          0.141415,
          -0.00426,
          0.035539,
          -0.169631,
          -0.009347,
          -0.057352,
          0.135214,
          0.119751,
          -0.046681,
          0.008824,
          -0.184008,
          0.005336,
          -0.025003,
          0.213861,
          -0.057384,
          -0.046362,
          0.164613,
          0.062887,
          0.027645,
          0.059528,
          0.025578,
          -0.13126,
          0.198341,
          -0.106461,
          -0.146078,
          -0.184226,
          -0.166661,
          0.081083,
          0.090453,
          0.10084,
          -0.066278,
          0.105582,
          0.003988,
          -0.009536,
          0.035803,
          0.128333,
          -0.045489,
          0.151155,
          -0.039265,
          0.059124,
          0.027555,
          -0.116305,
          0.069464,
          -0.039981,
          -0.163603,
          -0.174516,
          -0.096897,
          0.192968,
          0.035257,
          0.143239,
          0.180292,
          0.115729,
          0.158404,
          -0.097326,
          -0.124323,
          -0.208992,
          0.195724,
          -0.160816,
          -0.074317,
          -0.037278,
          0.136061,
          -0.010392,
          0.03358,
          -0.14828,
          -0.089425,
          -0.102538,
          -0.116444,
          0.010685,
          -0.014183,
          -0.095182,
          -0.127464,
          0.128669,
          -0.157233,
          0.075503,
          -0.164571,
          0.149865,
          0.189483,
          -0.149697,
          -0.07929,
          -0.008645,
          0.186384,
          0.062698,
          0.064957,
          0.146843,
          0.080963,
          -0.122595,
          -0.014201,
          -0.110089,
          -0.008777,
          -0.145727,
          0.072795,
          0.212859,
          -0.22099,
          0.021233,
          0.136258,
          0.194486,
          0.136602,
          0.031666,
          -0.001111,
          0.068875,
          -0.106518,
          -0.054042,
          -0.213253,
          0.087357,
          -0.153538,
          0.065,
          -0.122116,
          0.153007,
          0.182778,
          -8.1e-05,
          -0.104854,
          -0.044819,
          -0.067574,
          -0.079845,
          -0.046628,
          0.036886,
          0.173902,
          -0.124345,
          0.072099,
          -0.074302,
          0.102789,
          -0.059194,
          -0.015885,
          0.199407,
          -0.159144,
          0.142428,
          -0.15388,
          -0.145809,
          -0.151685,
          -0.061465,
          0.107401,
          0.047499,
          -0.139548,
          -0.082016,
          -0.037938,
          -0.127808,
          0.167187,
          0.0317,
          -0.084428,
          -0.217091,
          0.063764,
          0.086771,
          -0.028808,
          -0.040645,
          -0.131072,
          0.093925,
          -0.00896,
          -0.193869,
          -0.16671,
          -0.151734,
          -0.145666,
          -0.14831,
          0.152364,
          -0.087699,
          0.203734,
          -0.008867,
          0.065723,
          -0.03396,
          0.075269,
          -0.120943,
          0.050582,
          0.158368,
          -0.10328,
          -0.012588,
          0.072929,
          -0.072873,
          0.091124,
          -0.08451,
          0.153451,
          0.010142,
          0.075059,
          -0.166102,
          0.090799,
          -0.175271,
          0.009966,
          -0.073674,
          -0.130796,
          -0.01783,
          -0.06057,
          0.030344,
          -0.022878,
          0.069875,
          -0.167133,
          0.019151,
          -0.061956,
          0.13608,
          -0.167759,
          0.136259,
          -0.017388,
          -0.04827,
          -0.121712,
          -0.162739,
          0.021757,
          -0.041609,
          0.14949,
          0.008464,
          0.188266,
          -0.003946,
          0.13998,
          0.155311,
          -0.048971,
          0.221246,
          -0.006422,
          -0.026851,
          0.102954,
          0.026781,
          0.080303,
          -0.050486,
          0.002849,
          0.03018,
          0.036902,
          0.007393,
          -0.171242,
          -0.015759,
          0.109984,
          -0.073637,
          -0.064656,
          0.080874,
          0.043472,
          -0.131451,
          -0.007004,
          -0.068935,
          -0.199465,
          -0.02712,
          0.123257,
          0.063459,
          -0.09072,
          0.029532,
          0.0957,
          -0.173446,
          0.050733,
          0.177082,
          -0.196723,
          -0.149368,
          0.046302,
          0.125256,
          -0.044036,
          -0.084873,
          0.032275,
          -0.033271,
          0.16432,
          0.153994,
          -0.055426,
          -0.184267,
          0.059243,
          -0.025297,
          0.100219,
          -0.069637,
          -0.06763,
          0.078183,
          -0.195286,
          0.019062,
          -0.176385,
          0.210579,
          0.132213,
          0.013729,
          0.164565,
          -0.122938,
          0.162274,
          -0.151531,
          0.05003,
          0.066243,
          0.149568,
          -0.087319,
          -0.055904,
          -0.038897,
          0.205818,
          0.034026,
          -0.051952,
          -0.032117,
          -0.060893,
          -0.168092,
          0.019873,
          0.112066,
          0.095761,
          0.036029,
          0.019945,
          0.14709,
          -0.161402,
          0.087799,
          9.4e-05,
          0.189709,
          -0.159667,
          0.046492,
          -0.080576,
          -0.165412,
          0.063301,
          0.091431,
          0.070966,
          -0.021947,
          -0.015605,
          -0.076172,
          -0.045921,
          0.133162,
          0.209738,
          -0.162256,
          -0.007464,
          0.092001,
          0.006243,
          0.019847,
          0.049606,
          0.137253,
          -0.082522,
          0.054023,
          0.01372,
          -0.0618,
          -0.166565,
          0.140042,
          -0.052544,
          -0.058751,
          0.05287,
          0.08895,
          -0.063974,
          -0.171841,
          0.037469,
          -0.120368,
          0.04112,
          0.006913,
          -0.103151,
          0.180958,
          -0.152169,
          -0.096674,
          -0.052697,
          0.092333,
          -0.069287,
          0.077731,
          0.077911,
          -0.058813,
          0.133843,
          0.0722,
          0.068279,
          -0.016103,
          0.012017,
          -0.090187,
          -0.08993,
          0.139518,
          0.217275,
          0.036971,
          -0.130247,
          -0.157278,
          0.063366,
          -0.107192,
          0.153556,
          -0.128546,
          -0.006452,
          -0.014614,
          -0.003467,
          -0.129351,
          -0.065913,
          -0.10846,
          0.028202,
          0.018994,
          -0.027585,
          -0.195829,
          0.13389,
          -0.095783,
          -0.153374,
          -0.0116,
          0.142509,
          0.21941,
          0.096958,
          0.071614,
          0.083551,
          -0.007944,
          -0.059115,
          0.159251,
          -0.094775,
          -0.103654,
          -0.04666,
          -0.174514,
          -0.16138,
          0.189551,
          0.095723,
          0.140556,
          0.039526,
          0.117436,
          0.181735,
          0.124262,
          0.064252,
          0.014867,
          0.153271,
          0.166385,
          -0.160177,
          -0.071241,
          0.013189,
          0.061367,
          0.065091,
          0.128071,
          -0.072989,
          -0.070484,
          0.064933,
          0.091976,
          0.158126,
          0.090584,
          -0.076577,
          -0.142031,
          -0.015756,
          -0.012092,
          0.011415,
          -0.07641,
          -0.186382,
          -0.127626,
          -0.150462,
          0.065717,
          0.106147,
          0.035178,
          0.030032,
          0.036819,
          -0.011886,
          0.095098,
          0.004121,
          0.097022,
          0.07312,
          -0.039751,
          -0.086916,
          0.181666,
          0.216168,
          -0.022933,
          -0.015455,
          -0.120415,
          -0.060586,
          0.204735,
          -0.050192,
          -0.147164,
          0.060429,
          -0.105123,
          0.099581,
          -0.173255,
          -0.091281,
          0.080312,
          0.213148,
          -0.077883,
          -0.021361,
          0.015074,
          0.103944,
          -0.20528,
          0.218451,
          0.108416,
          -0.104891,
          0.074818,
          0.13917,
          0.132061,
          -0.071446,
          0.117947,
          -0.15417,
          -0.190357,
          -0.067921,
          0.018585,
          -0.141104,
          0.165881,
          -0.117714,
          -0.026031,
          0.045454,
          -0.11585,
          -0.179161,
          -0.148419,
          -0.193305,
          0.060262,
          0.053264,
          -0.178368,
          -0.020392,
          0.125696,
          0.155713,
          0.21981,
          -0.028568,
          -0.037033,
          -0.091289,
          -0.004819,
          0.003228,
          0.221664,
          0.032383,
          0.011189,
          -0.183012,
          -0.017988,
          0.097096,
          -0.14682,
          -0.095865,
          -0.051702,
          -0.138376,
          0.099239,
          -0.071387,
          -0.122367,
          0.102056,
          -0.171478,
          -0.039264,
          0.015505,
          0.175249,
          0.129827,
          -0.040787,
          0.079061,
          0.107238,
          0.005966,
          -0.062326,
          0.182807,
          0.140938,
          -0.186988,
          0.10801,
          0.109238,
          0.081395,
          0.042953,
          0.057609,
          0.170019,
          -0.055411,
          -0.205732,
          0.011774,
          -0.132181,
          0.04879,
          0.089873,
          0.007367,
          -0.040163,
          -0.066398,
          0.095161,
          -0.056878,
          0.15514,
          -0.141068,
          -0.015587,
          -0.044447,
          -0.11901,
          0.206954,
          -0.003466,
          -0.100222,
          -0.131607,
          -0.039226,
          -0.109671,
          0.082473,
          0.028476,
          -0.024008,
          0.115466,
          -0.011855,
          -0.096194,
          0.162283,
          -0.184397,
          0.11222,
          -0.145432,
          0.036164,
          0.14062,
          -0.010417,
          0.002153,
          0.04788,
          -0.039004,
          -0.183916,
          -0.134616,
          -0.03301,
          0.006661,
          -0.146185,
          0.014585,
          -0.069395,
          0.178258,
          -0.035682,
          -0.139565,
          0.114581,
          -0.018672,
          0.105657,
          -0.012753,
          -0.13259,
          0.193567,
          -0.184177,
          -0.132329,
          0.01117,
          0.130105,
          0.027207,
          0.037014,
          0.021447,
          0.117563,
          -0.030309,
          0.123324,
          -0.026518,
          -0.076397,
          -0.11486,
          -0.142158,
          -0.105852,
          -0.183839,
          0.047578,
          -0.131363,
          0.010293,
          -0.162566,
          0.16674,
          -0.168983,
          0.166132,
          -0.021822,
          0.09137,
          0.058473,
          -0.113584,
          -0.100087,
          -0.062872,
          -0.111001,
          -0.139949,
          0.074509,
          -0.118062,
          0.069823,
          0.039086,
          -0.054472,
          -0.169214,
          -0.020622,
          0.15463,
          0.178392,
          0.164363,
          -0.08009,
          0.139729,
          -0.075735,
          -0.125644,
          -0.056849,
          0.039195,
          -0.177205,
          0.166693,
          -0.098349,
          0.04343,
          0.021595,
          0.043577,
          0.151511,
          -0.148211,
          -0.032787,
          -0.088918,
          0.063998,
          0.018965,
          0.011632,
          0.178184,
          0.089371,
          0.062832,
          0.032513,
          0.15192,
          -0.083336,
          -0.16678,
          -0.140661,
          -0.012137,
          -0.172688,
          0.081445,
          -0.096499,
          -0.184671,
          -0.051271,
          0.019705,
          0.104734,
          0.112394,
          -0.063639,
          -0.021704,
          0.103986,
          -0.163513,
          -0.075104,
          -0.122991,
          -0.011847,
          -0.153172,
          0.016373,
          -0.153868,
          -0.178627,
          0.06893,
          -0.154705,
          -0.032954,
          -0.012162,
          0.049373,
          0.088703,
          0.064842,
          0.174209,
          0.106731,
          0.144079,
          0.028164,
          -7.3e-05,
          0.121901,
          -0.008784,
          0.178278,
          0.090517,
          0.15577,
          0.044855,
          0.119183,
          0.017186,
          0.08475,
          0.134162,
          0.14945,
          0.02933,
          0.102794,
          0.095224,
          -0.003818,
          0.148885,
          0.199978,
          0.066206,
          0.14123,
          -0.045275,
          0.096651,
          -0.103716,
          -0.186151,
          -0.152359,
          -0.06832,
          0.130537,
          -0.144632,
          -0.174843,
          0.096143,
          -0.153736,
          0.1341,
          -0.08249,
          0.144238,
          -0.127963,
          0.072555,
          -0.054863,
          0.065059,
          -0.113406,
          0.094264,
          -0.029803,
          -0.02617,
          0.134479,
          -0.05762,
          0.149942,
          0.199029,
          0.17218,
          -0.080814,
          0.143126,
          0.011697,
          0.027893,
          -0.007927,
          0.126536,
          -0.045253,
          -0.025612,
          -0.089419,
          -0.070498,
          -0.114062,
          -0.069434,
          0.091606,
          -0.110986,
          0.071841,
          0.110186,
          0.047255,
          -0.031209,
          0.139547,
          -0.058321,
          0.157887,
          0.201131,
          -0.002267,
          -0.016714,
          0.092575,
          0.084768,
          0.074115,
          0.104348,
          0.028851,
          -0.159709,
          0.125908,
          -0.004758,
          -0.112946,
          -0.123698,
          0.163596,
          -0.016535,
          0.035508,
          -0.035299,
          -0.084303,
          0.108719,
          -0.059757,
          -0.136592,
          -0.196236,
          -0.170529,
          -0.11877,
          0.176551,
          -0.117655,
          0.046796,
          -0.08016,
          -0.018629,
          -0.028484,
          0.185177,
          -0.071095,
          -0.027794,
          -0.226555,
          0.185762,
          0.003971,
          0.069461,
          0.119876,
          0.207203,
          -0.096369,
          -0.164337,
          -0.208655,
          0.211765,
          -0.140517,
          -0.082255,
          -0.205166,
          -0.082542,
          -0.043964,
          -0.121992,
          0.213313,
          0.12011,
          -0.096911,
          -0.100771,
          -0.068599,
          0.073616,
          0.041324,
          -0.039198,
          0.102684,
          -0.096039,
          -0.02647,
          -0.094791,
          0.12953,
          0.165147,
          0.187191,
          0.049873,
          0.054713,
          -0.040781,
          0.049957,
          -0.071293,
          -0.056161,
          0.203825,
          0.120933,
          0.016438,
          0.120512,
          0.05888,
          0.167672,
          0.176675,
          0.171476,
          0.0393,
          -0.079931,
          0.11193,
          -0.036542,
          0.100979,
          0.123623,
          0.061129,
          -0.010587,
          -0.06487,
          -0.051968,
          -0.047653,
          -0.02721,
          -0.142192,
          0.055854,
          0.057581,
          -0.004334,
          0.012724,
          0.057268,
          -0.014897,
          -0.079326,
          0.103115,
          -0.01652,
          -0.0747,
          -0.052216,
          0.1849,
          -0.064736,
          0.088815,
          0.058869,
          -0.002873,
          -0.078097,
          0.091353,
          -0.041767,
          -0.058319,
          0.065513,
          -0.100028,
          0.026882,
          0.017178,
          -0.090394,
          -0.139599,
          0.157025,
          0.082583,
          -0.036717,
          0.013768,
          0.051391,
          0.042481,
          0.076385,
          -0.180367,
          -0.004826,
          0.037914,
          -0.038176,
          -0.137339,
          0.121212,
          0.067368,
          0.167296,
          -0.152237,
          -0.186729,
          0.100537,
          -0.085631,
          -0.156864,
          -0.073128,
          -0.174709,
          -0.045449,
          0.050693,
          -0.087799,
          -0.035351,
          -0.025179,
          0.079928,
          -0.053331,
          -0.013315,
          0.014447,
          -0.042373,
          0.159454,
          -0.023129,
          0.034696,
          -0.13015,
          0.058219,
          0.141785,
          -0.118303,
          -0.14964,
          0.173028,
          0.028364,
          -0.168038,
          0.03472,
          0.094912,
          -0.112645,
          -0.150587,
          -0.087436,
          -0.044394,
          -0.131257,
          -0.066556,
          -0.104711,
          -0.07415,
          -0.069393,
          -0.146723,
          -0.16787,
          0.054505,
          -0.195317,
          0.083666,
          -0.211038,
          -0.075702,
          0.145861,
          -0.145631,
          0.174845,
          0.175074,
          0.124023,
          -0.198573,
          -0.153531,
          -0.115002,
          -0.037929,
          0.199715,
          0.032292,
          0.048895,
          -0.105795,
          0.031698,
          -0.045991,
          0.059996,
          0.06412,
          0.085915,
          0.007121,
          0.184031,
          -0.116608,
          0.079633,
          -0.000743,
          0.040996,
          0.129078,
          -0.176462,
          -0.039389,
          -0.176319,
          0.025333,
          -0.210498,
          0.184586,
          0.155987,
          -0.124686,
          0.197614,
          -0.108492,
          0.011917,
          0.171986,
          0.009281,
          0.212721,
          -0.145698,
          0.086956,
          0.082592,
          0.194557,
          0.105129,
          -0.169569,
          0.167133,
          -0.015027,
          -0.063019,
          0.034803,
          0.085107,
          0.093569,
          -0.008495,
          0.017186,
          0.015098,
          -0.007719,
          0.028424,
          -0.148397,
          -0.193464,
          -0.163921,
          0.021878,
          0.078434,
          -0.169939,
          0.051081,
          -0.02545,
          0.18477,
          0.133979,
          -0.1917,
          0.079016,
          0.137297,
          -0.180733,
          -0.201162,
          -0.185508,
          -0.024918,
          0.146287,
          -0.058792,
          -0.152428,
          -0.00622,
          0.009014,
          0