# Chunk number: 12 of 37

,
      -0.004059,
      -0.269907,
      -0.025941,
      0.220273,
      -0.096683,
      0.150494,
      0.054027,
      0.313847,
      0.009364,
      -0.093372,
      0.038759,
      0.065196,
      -0.122984,
      -0.153477,
      0.039241,
      0.025991,
      -0.101153,
      -0.246141,
      0.00036,
      -0.038685,
      0.001806,
      -0.212594,
      -0.015464,
      0.046085,
      0.240018,
      -0.118964,
      0.314698,
      0.095223,
      0.067234,
      -0.265213,
      0.215367,
      0.089501,
      0.075465,
      -0.013948,
      -0.2356,
      0.140334,
      -0.180585,
      0.089435,
      0.132782,
      -0.025963,
      0.011864,
      -0.093636,
      -0.08586,
      -0.187974,
      -0.019847,
      0.146137,
      -0.078883,
      -0.395035,
      0.10292,
      -0.093068,
      -0.101017,
      -0.127697,
      0.001658,
      -0.0739,
      0.164929,
      0.134704,
      0.1356,
      0.115511,
      -0.019895,
      -0.389603,
      0.13052,
      -0.013279,
      0.178485,
      0.110237,
      0.184293,
      0.033991,
      -0.07601,
      0.042024,
      0.096763,
      -0.012039,
      0.060365,
      -0.004467,
      0.053923,
      -0.086973,
      0.102788,
      -0.051858,
      -0.041285,
      0.139361,
      0.076343,
      0.135717,
      -0.112997,
      -0.060181,
      -0.058391,
      0.149497,
      0.147001,
      0.147391,
      0.192198,
      0.017709,
      -0.090316,
      -0.198156,
      0.010976,
      0.035165,
      0.078544,
      -0.088613,
      0.268535,
      -0.124517,
      0.094545,
      -0.259459,
      0.030367,
      0.104986,
      0.035044,
      0.01637,
      -0.02146,
      0.041486,
      -0.023737,
      0.161782,
      -0.10674,
      -0.158589,
      0.073464,
      -0.126157,
      -0.13535,
      -0.052116,
      0.053464,
      0.008453,
      0.261317,
      0.027221,
      -0.189107,
      -0.041818,
      0.125229,
      -0.079262,
      0.065568,
      0.008289,
      0.211941,
      -0.13489,
      0.191021,
      -0.214112,
      -0.283729,
      -0.305503,
      0.028812,
      0.123304,
      -0.093749,
      -0.142036,
      0.08004,
      0.012835,
      0.03032,
      -0.039645,
      -0.051449,
      0.235036,
      0.012227,
      0.11103,
      0.078141,
      -0.081807,
      -0.116459,
      0.186166,
      0.013029,
      -0.064689,
      -0.083525,
      -0.091857,
      0.200243,
      0.048203,
      -0.265078,
      -0.016641,
      0.006387,
      -0.042127,
      0.1565,
      0.078066,
      0.161148,
      -0.040815,
      -0.117074,
      -0.171382,
      -0.106922,
      -0.249972,
      0.098241,
      0.014609,
      0.176982,
      0.075447,
      -0.298561,
      -0.053194,
      -0.108313,
      -0.00539,
      0.151838,
      0.049163,
      -0.096657,
      -0.174647,
      0.007499,
      0.052755,
      0.459489,
      -0.012942,
      0.014477,
      -0.177724,
      -0.062804,
      -0.008569,
      -0.348709,
      0.024062,
      -0.048595,
      -0.026115,
      -0.112461,
      -0.023783,
      -0.043713,
      0.030436,
      -0.386603,
      0.008636,
      0.071059,
      0.026044,
      0.081273,
      -0.014979,
      0.13989,
      0.115393,
      -0.265455,
      0.118477,
      -0.132354,
      -0.167014,
      0.020071,
      -0.16193,
      0.031124,
      -0.062527,
      0.134912,
      -0.117794,
      0.034896,
      -0.294721,
      0.036123,
      0.151679,
      -0.015726,
      -0.175879,
      -0.141891,
      0.119942,
      0.236383,
      0.037528,
      0.039351,
      -0.14474,
      0.134327,
      -0.04151,
      -0.089755,
      -0.174257,
      0.031054,
      0.019994,
      -0.246079,
      0.080723,
      -0.20128,
      -0.167603,
      0.06843,
      0.00826,
      0.080613,
      0.151993,
      -0.024344,
      -0.068987,
      0.008563,
      -0.008372,
      -0.10931,
      -0.086955,
      0.063287,
      0.216951,
      -0.139992,
      -0.020441,
      -0.099579,
      -0.011182,
      -0.121952,
      0.108374,
      -0.045798,
      -0.070376,
      0.086364,
      0.211219,
      0.017761,
      0.019559,
      -0.039335,
      -0.130834,
      -0.057836,
      0.128945,
      0.128212,
      0.140004,
      -0.04402,
      -0.008363,
      0.049413,
      0.345617,
      0.040358,
      -0.043576,
      -0.099655,
      -0.236707,
      -0.148012,
      0.020521,
      0.019167,
      0.054914,
      -0.006931,
      -0.033534,
      0.008574,
      0.130672,
      -0.034655,
      -0.140078,
      0.114355,
      0.14599,
      -0.131331,
      0.12588,
      0.096535,
      -0.372386,
      0.246269,
      -0.329209,
      0.070626,
      0.013594,
      -0.108729,
      -0.093395,
      -0.005054,
      -0.114844,
      0.009534,
      -0.009943,
      -0.051059,
      -0.08033,
      -0.201644,
      0.06939,
      0.255504,
      0.004182,
      -0.094962,
      0.022731,
      -0.002489,
      -0.10415,
      0.048068,
      0.124953,
      0.086489,
      -0.007036,
      0.258973,
      -0.129169,
      0.115502,
      0.101035,
      0.215286,
      0.197907,
      0.166816,
      -0.076715,
      0.025819,
      -0.085075,
      -0.234233,
      0.040256,
      -0.024995,
      -0.121248,
      -0.148127,
      0.007103,
      0.008989,
      0.089752,
      -0.181199,
      -0.025281,
      0.098468,
      -0.113563,
      -0.018209,
      0.182516,
      -0.049229,
      0.080586,
      0.072161,
      -0.099756,
      0.015202,
      -0.064844,
      0.014926,
      0.046851,
      0.011122,
      0.230332,
      0.167509,
      0.177952,
      0.037051,
      0.072739,
      0.12244,
      -0.010287,
      0.21151,
      -0.031487,
      0.063328,
      -0.252963,
      -0.049751,
      -0.077678,
      0.136309,
      0.035798,
      0.05836,
      0.024081,
      -0.032121,
      -0.279887,
      -0.094159,
      -0.064916,
      -0.059092,
      0.008756,
      -0.068815,
      0.135445,
      0.016678,
      0.120316,
      0.247718,
      -0.040958,
      0.053157,
      -0.220337,
      -0.096122,
      0.048561,
      0.025596,
      0.128204,
      -0.0582,
      -0.037558,
      0.091258,
      -0.038746,
      0.159543,
      -0.053571,
      -0.141974,
      0.012048,
      0.198976,
      0.206932,
      0.138043,
      0.124947,
      -0.142138,
      -0.10372,
      0.004686,
      0.131005,
      0.074393,
      -0.078604,
      -0.101637,
      0.129598,
      -0.129995,
      -0.193381,
      -0.130278,
      0.062268,
      0.116955,
      0.155749,
      -0.120743,
      -0.386899,
      0.006271,
      -0.009833,
      0.233417,
      -0.005194,
      -0.160911,
      0.061948,
      -0.040726,
      0.093351,
      0.024708,
      -0.039476,
      0.105769,
      -0.054379,
      -0.202898,
      0.002563,
      -0.115915,
      0.253237,
      0.173464,
      0.145909,
      -0.241382,
      0.110935,
      -0.252653,
      -0.184439,
      0.118101,
      -0.096266,
      0.191849,
      -0.048846,
      -0.003593,
      0.019441,
      -0.036444,
      -0.243648,
      -0.05672,
      0.082685,
      -0.075637,
      0.389892,
      -0.227919,
      0.146501,
      0.14916,
      0.075959,
      -0.037859,
      0.344411,
      -0.111083,
      -0.079034,
      0.045809,
      -0.12663,
      -0.043759,
      -0.02119,
      -0.103602,
      -0.037864,
      -0.060327,
      0.103403,
      0.010124,
      0.101254,
      -0.241994,
      -0.010293,
      0.157498,
      -0.271451,
      0.058834,
      0.08257,
      -0.068537,
      -0.103279,
      -0.137203,
      -0.012228,
      -0.029126,
      0.004649,
      -0.024392,
      0.156732,
      0.2708,
      -0.043987,
      -0.023315,
      0.043618,
      0.271207,
      0.102494,
      -0.039241,
      -0.071634,
      0.158114,
      -0.252071,
      -0.1526,
      -0.174918,
      -0.018806,
      0.032265,
      0.012959,
      -0.171072,
      -0.007763,
      -0.059212,
      0.196695,
      0.050787,
      -0.007261,
      0.152297,
      -0.273671,
      0.071203,
      -0.139209,
      0.011533,
      0.18809,
      -0.066947,
      -0.072693,
      0.052705,
      0.110952,
      0.202598,
      0.034437,
      -0.076151,
      -0.066729,
      0.293946,
      0.033109,
      0.159579,
      0.107047,
      -0.134566,
      -0.038666,
      -0.129978,
      0.062054,
      -0.09327,
      0.215002,
      -0.180516,
      0.024668,
      0.009221,
      0.013292,
      -0.015615,
      -0.006618,
      -0.153674,
      0.045656,
      0.132491,
      -0.184891,
      0.090224,
      0.078343,
      0.03681,
      0.231641,
      -0.206263,
      -0.045197,
      -0.041836,
      -0.046906,
      0.176155,
      0.069981,
      0.00063,
      -0.154594,
      0.024608,
      0.15049,
      -0.013856,
      -0.046632,
      -0.089316,
      0.153137,
      0.022007,
      -0.061382,
      -0.29665,
      -0.048579,
      0.102413,
      -0.05163,
      -0.010093,
      -0.136437,
      0.177849,
      0.051503,
      -0.143944,
      0.045603,
      0.086005,
      -0.056476,
      0.205744,
      0.005506,
      -0.041284,
      0.143623,
      0.079454,
      0.03427,
      -0.135621,
      -0.04571,
      -0.15208,
      0.153556,
      -0.032376,
      0.008154,
      0.009889,
      -0.024224,
      -0.037378,
      0.11439,
      0.211418,
      -0.073498,
      -0.00489,
      0.468836,
      -0.033281,
      -0.101202,
      -0.029259,
      0.167304,
      0.084274,
      -0.20453,
      0.077074,
      0.014715,
      -0.285519,
      -0.158229,
      -0.011685,
      -0.052829,
      0.055599,
      0.004231,
      0.092606,
      0.041012,
      -0.076769,
      -0.168192,
      0.013896,
      0.205634,
      -0.059993,
      0.010447,
      -0.021664,
      -0.003848,
      0.301406,
      0.11073,
      0.110206,
      -0.056964,
      -0.055245,
      0.002632,
      0.154273,
      -0.02063,
      -0.056122,
      0.040608,
      -0.124421,
      -0.091136,
      0.160975,
      -0.028534,
      -0.051908,
      0.027001,
      -0.135057,
      -0.016909,
      0.030036,
      -0.143923,
      -0.128656,
      0.206818,
      0.096125,
      0.056569,
      0.027154,
      -0.225664,
      -0.065566,
      -0.114888,
      -0.083325,
      0.062305,
      -0.200201,
      0.022917,
      0.038919,
      0.147357,
      0.227159,
      -0.187647,
      -0.221004,
      -0.021078,
      -0.042828,
      -0.154372,
      0.076113,
      -0.212934,
      0.002919,
      -0.115305,
      -0.076309,
      0.06789,
      -0.125319,
      -0.010624,
      -0.158358,
      0.159976,
      0.049734,
      0.07075,
      0.108618,
      -0.07955,
      0.497192,
      -0.109396,
      0.096327,
      -0.082256,
      -0.029153,
      -0.217482,
      0.097719,
      -0.074162,
      -0.191322,
      -0.169329,
      0.07654,
      0.072591,
      0.225295,
      -0.046649,
      -0.039642,
      0.205309,
      -0.037125,
      0.144139,
      -0.053915,
      -0.129088,
      -0.129128,
      0.001387,
      0.057504,
      0.119843,
      -0.01757,
      -0.160255,
      0.127484,
      -0.044357,
      0.062407,
      0.166838,
      -0.352347,
      -0.118551,
      0.143996,
      -0.04134,
      0.107799,
      0.086297,
      -0.182472,
      -0.174539,
      -0.249963,
      -0.024181,
      0.05629,
      -0.047176,
      -0.18955,
      -0.0547,
      -0.210996,
      0.009732,
      -0.03081,
      0.060211,
      0.025864,
      -0.147362,
      0.010101,
      -0.169317,
      0.271053,
      -0.157409,
      -0.220898,
      0.032505,
      0.036861,
      0.183146,
      -0.034751,
      0.013154,
      0.000134,
      0.033967,
      0.255014,
      0.001919,
      0.218729,
      0.040368,
      0.017784,
      0.053748,
      0.101509,
      -0.163722,
      0.079313,
      0.236296,
      -0.132881,
      -0.052007,
      0.122054,
      0.111971,
      0.219552,
      -0.09541,
      0.013698,
      0.11839,
      -0.034502,
      0.162846,
      -0.005364,
      -0.049911,
      -0.215909,
      0.026169,
      -0.137539,
      -0.106419,
      0.124475,
      -0.289282,
      -0.019391,
      0.119839,
      -0.251939,
      0.000674,
      -0.098846,
      0.169092,
      0.062923,
      0.166086,
      0.045081,
      0.048139,
      0.204352,
      -0.192109,
      -0.091095,
      0.175647,
      0.148722,
      -0.173941,
      -0.043586,
      0.173381,
      -0.189416,
      -0.019751,
      -0.11331,
      -0.007386,
      -0.034022,
      0.088773,
      0.000534,
      -0.027989,
      0.21279,
      0.12691,
      0.03136,
      -0.151748,
      0.14809,
      0.134125,
      0.039159,
      0.023124,
      0.11013,
      0.027696,
      0.01448,
      -0.004628,
      0.170769,
      0.265197,
      -0.054227,
      -0.219225,
      0.13421,
      0.133559,
      0.061839,
      0.081992,
      -0.039118,
      -0.043467,
      -0.045189,
      0.180606,
      0.059773,
      0.102147,
      0.057867,
      0.180845,
      0.008781,
      0.107001,
      -0.160551,
      -0.085451,
      -0.083737,
      -0.091163,
      -0.412483,
      -0.000683,
      0.007808,
      0.199086,
      0.063424,
      0.134686,
      0.050617,
      -0.11458,
      -0.024643,
      -0.197887,
      0.132144,
      0.071181,
      -0.096317,
      0.016794,
      0.120843,
      -0.008437,
      -0.101271,
      0.167203,
      0.120886,
      0.025182,
      -0.109911,
      0.031081,
      0.014273,
      -0.012373,
      -0.059685,
      -0.153962,
      -0.00293,
      -0.138839,
      -0.021164,
      0.099742,
      -0.176002,
      0.057083,
      0.179316,
      -0.196242,
      -0.011747,
      -0.153497,
      0.057064,
      -0.066125,
      -0.10912,
      -0.177649,
      -0.111034,
      -0.044521,
      0.019852,
      0.10247,
      -0.007867,
      0.05805,
      0.054682,
      -0.058243,
      0.01039,
      -0.071779,
      0.098151,
      0.018632,
      -0.145466,
      0.115951,
      -0.183752,
      0.053459,
      0.096887,
      -0.002635,
      0.090801,
      0.115254,
      -0.024898,
      -0.208391,
      -0.054359,
      -0.258725,
      -0.149858,
      -0.144215,
      0.2468,
      -0.183247,
      0.02737,
      0.180028,
      -0.182007,
      -0.159376,
      -0.027733,
      -0.07243,
      0.002166,
      0.140081,
      -0.106397,
      -0.273331,
      0.137575,
      0.017236,
      0.036804,
      -0.044137,
      0.050421,
      0.074369,
      -0.070071,
      -0.015111,
      0.179617,
      0.067573,
      -0.252384,
      -0.065686,
      -0.005614,
      0.088948,
      -0.145469,
      -0.057693,
      -0.055047,
      -0.289206,
      -0.078698,
      -0.106787,
      0.065701,
      0.1177,
      -0.108654,
      0.193096,
      -0.173796,
      -0.000877,
      -0.092107,
      -0.067633,
      0.118747,
      -0.092646,
      -0.01279,
      0.138638,
      0.028851,
      0.10634,
      0.280334,
      0.168794,
      -0.241348,
      0.197571,
      0.089986,
      0.13213,
      -0.033918,
      0.049247,
      -0.0096,
      0.156966,
      -0.097161,
      0.001052,
      -0.01555,
      0.006962,
      -0.003625,
      -0.044528,
      -0.0958,
      -0.028492,
      -0.019908,
      -0.228559,
      0.012682,
      -0.077138,
      -0.07157,
      -0.037471,
      -0.024786,
      0.01172,
      -0.038783,
      0.23077,
      0.008521,
      -0.113573,
      0.085814,
      -0.028475,
      -0.010743,
      0.057496,
      0.191347,
      0.114573,
      0.117865,
      0.122053,
      0.033915,
      0.028854,
      -0.251243,
      0.020067,
      -0.173043,
      -0.059539,
      -0.086339,
      -0.049064,
      0.087766,
      0.121673,
      -0.09472,
      0.059445,
      -0.095445,
      -0.0774,
      -0.153407,
      -0.137728,
      0.104251,
      -0.186019,
      0.074397,
      0.057435,
      -0.052706,
      -0.214905,
      -0.16749,
      0.018701,
      -0.203343,
      -0.142408,
      -0.028061,
      -0.039309,
      0.270243,
      0.192445,
      0.004551,
      0.12153,
      0.084776,
      -0.156573,
      -0.006267,
      -0.003607,
      0.019998,
      0.023968,
      0.005074,
      0.045945,
      0.159888,
      -0.109815,
      0.109014,
      -0.026923,
      0.103524,
      -0.101596,
      -0.171412,
      0.069793,
      0.088973,
      0.112703,
      -0.09587,
      0.082891,
      -0.063566,
      0.083487,
      -0.18335,
      -0.005089,
      -0.174427,
      -0.137734,
      0.187994,
      0.006002,
      -0.195665,
      -0.134009,
      0.083309,
      0.128229,
      0.08761,
      0.007423,
      -0.147025,
      -0.087487,
      -0.297417,
      0.039284,
      0.042577,
      0.080762,
      -0.047198,
      0.172405,
      -0.05099,
      0.103229,
      0.068327,
      0.072724,
      0.045826,
      -0.171769,
      0.160473,
      -0.173922,
      -0.112808,
      -0.027635,
      0.060897,
      0.114832,
      -0.031017,
      -0.005054,
      -0.009579,
      0.172153,
      0.004158,
      -0.135052,
      0.125394,
      0.018948,
      0.155082,
      -0.265985,
      -0.178182,
      0.06311,
      0.042893,
      -0.121591,
      0.106529,
      -0.21429,
      -0.042212,
      0.193614,
      0.081668,
      -0.020546,
      0.08737,
      0.006471,
      0.109723,
      -0.373881,
      -0.292224,
      0.194125,
      -0.108902,
      -0.039099,
      0.102908,
      -0.010884,
      0.103546,
      0.006701,
      -0.15696,
      0.079351,
      -0.059461,
      0.137136,
      0.069352,
      -0.034876,
      -0.162891,
      -0.008546,
      0.144452,
      0.100197,
      0.009497,
      0.120043,
      0.052852,
      0.024258,
      -0.021318,
      -0.039802,
      0.164331,
      0.032377,
      -0.094293,
      -0.182286,
      0.084241,
      0.025961,
      0.004508,
      -0.120075,
      -0.2388,
      0.093101,
      0.151863,
      -0.013969,
      -0.114392,
      -0.003957,
      -0.076305,
      0.213974,
      0.166458,
      0.012343,
      0.002797,
      -0.009843,
      -0.019974,
      0.409914,
      -0.142588,
      -0.292359,
      -0.034433,
      -0.239368,
      -0.214603,
      0.035759,
      0.22822,
      0.068304,
      0.147842,
      0.119648,
      0.073559,
      -0.27789,
      0.009917,
      -0.019018,
      0.040309,
      -0.02371,
      0.210906,
      0.051303,
      0.089202,
      0.156104,
      -0.145995,
      0.239613,
      0.225158,
      -0.097327,
      0.08207,
      0.223501,
      -0.06491,
      0.071913,
      -0.429514,
      -0.062944,
      0.123146,
      0.039325,
      -0.030615,
      -0.149119,
      -0.008386,
      -0.054683,
      0.115611,
      0.267676,
      -0.252015,
      -0.022925,
      -0.132569,
      0.18023,
      0.145667,
      -0.023183,
      0.051792,
      0.144903,
      -0.115369,
      0.066907,
      -0.077049,
      -0.10137,
      -0.12495,
      -0.072902,
      -0.064799,
      0.01171,
      0.170513,
      0.054899,
      -0.125423,
      0.096228,
      0.13748,
      -0.087325,
      0.005136,
      -0.06639,
      -0.064697,
      0.015773,
      -0.069293,
      -0.153243,
      -0.118161,
      -0.2063,
      -0.292669,
      0.115625,
      0.167859,
      0.054785,
      -0.05633,
      0.188315,
      -0.063567,
      -0.096606,
      0.016423,
      -0.007812,
      -0.040044,
      -0.017924,
      0.078159,
      0.337976,
      0.195398,
      -0.097257,
      -0.184228,
      0.056165,
      0.08738,
      -0.067774,
      -0.05042,
      -0.354326,
      0.03143,
      0.104741,
      -0.038557,
      0.179341,
      0.174008,
      -0.06154,
      -0.03161,
      -0.109427,
      0.032227,
      0.29953,
      0.190248,
      -0.136135,
      0.053057,
      0.083301,
      -0.147876,
      -0.0465,
      0.089035,
      0.200258,
      -0.107416,
      -0.20884,
      -0.02441,
      -0.106999,
      0.108489,
      -0.095665,
      -0.097082,
      -0.194758,
      0.045665,
      -0.209894,
      -0.251208,
      0.224943,
      -0.0755,
      -0.059776,
      0.206978,
      -0.049453,
      0.108221,
      -0.185916,
      0.13289,
      -0.065942,
      -0.002387,
      0.016764,
      -0.000232,
      0.051692,
      -0.134248,
      -0.192956,
      0.019715,
      -0.156823,
      0.029175,
      -0.011946,
      0.271218,
      -0.184858,
      -0.11022,
      -0.205843,
      -0.005492,
      0.231888,
      -0.086051,
      0.148531,
      0.14528,
      0.208027,
      0.083178,
      -0.075252,
      -0.283416,
      -0.044602,
      0.060658,
      0.180878,
      0.022004,
      0.103504,
      -0.042109,
      0.078294,
      0.011523,
      0.076481,
      0.103767,
      0.031304,
      0.20221,
      -0.064763,
      -0.236948,
      -0.004347,
      0.159595,
      -0.154997,
      0.14657,
      0.073376,
      -0.094339,
      -0.229733,
      -0.020621,
      0.043479,
      0.176295,
      0.01497,
      0.028514,
      -0.323378,
      -0.103568,
      -0.08329,
      0.284236,
      0.120944,
      0.064079,
      0.130004,
      -0.04592,
      0.22186,
      0.107303,
      -0.411818,
      0.065465,
      -0.066889,
      -0.122955,
      0.324567,
      0.289898,
      0.058942,
      0.015488,
      -0.100941,
      -0.001974,
      -0.218897,
      0.125071,
      0.231829,
      0.073477,
      0.029677,
      0.03437,
      0.075345,
      0.10243,
      0.006161,
      -0.276878,
      -0.353095,
      -0.026609,
      0.100629,
      0.04222,
      -0.141237,
      -0.100221,
      -0.082404,
      -0.082733,
      0.239034,
      0.147313,
      -0.20417,
      -0.110882,
      0.149892,
      -0.147722,
      -0.079344,
      0.062258,
      0.2373,
      0.036027,
      -0.035967,
      0.094682,
      0.125646,
      0.239877,
      0.005739,
      -0.000938,
      0.003756,
      -0.247508,
      -0.04819,
      0.045654,
      -0.072064,
      0.033843,
      -0.069285,
      -0.013633,
      -0.00795,
      -0.16812,
      -0.020306,
      -0.015258,
      0.056037,
      0.261384,
      -0.013323,
      0.166994,
      0.142281,
      -0.069186,
      0.041092,
      0.129757,
      -0.183972,
      -0.05046,
      0.142445,
      0.048975,
      0.189126,
      -0.052413,
      -0.139662,
      0.165875,
      -0.041565,
      0.062146,
      0.112419,
      -0.125154,
      0.05545,
      0.091403,
      -0.138633,
      -0.122521,
      -0.016358,
      0.214026,
      0.0953,
      0.416195,
      0.003317,
      0.180751,
      0.280422,
      -0.240988,
      -0.057215,
      0.109382,
      0.012326,
      0.01918,
      -0.153908,
      0.268411,
      -0.141577,
      0.115908,
      -0.058389,
      0.185508,
      0.140819,
      -0.176011,
      0.007404,
      -0.008686,
      0.05777,
      -0.164565,
      0.196643,
      0.067855,
      0.130352,
      0.023359,
      0.090661,
      0.06688,
      -0.111917,
      0.023385,
      0.155625,
      0.021281,
      -0.042923,
      -0.024654,
      -0.009254,
      -0.093613,
      0.096219,
      -0.168056,
      0.040745,
      -0.068533,
      -0.117981,
      -0.029434,
      -0.018528,
      -0.089745,
      0.243517,
      0.284557,
      -0.179776,
      -0.206793,
      -0.026386,
      0.164064,
      0.235576,
      -0.058027,
      -0.2886,
      0.031616,
      -0.033796,
      0.099042,
      -0.00398,
      0.022175,
      -0.047344,
      -0.047902,
      -0.122366,
      -0.155218,
      -0.098189,
      0.164268,
      0.085842,
      0.119674,
      0.264177,
      0.224748,
      0.134862,
      -0.130255,
      0.05336,
      0.30873,
      0.092993,
      -0.108831,
      -0.179406,
      -0.109934,
      -0.010133,
      -0.040279,
      -0.025582,
      -0.323311,
      0.103314,
      0.192377,
      -0.214353,
      0.018129,
      -0.070318,
      0.220111,
      0.198037,
      -0.054804,
      -0.105259,
      -0.19709,
      0.013427,
      -0.048236,
      -0.068765,
      -0.051916,
      0.087397,
      0.002792,
      0.050312,
      -0.013472,
      0.011096,
      -0.018782,
      -0.115991,
      -0.104974,
      -0.201768,
      0.198261,
      -0.157244,
      0.224057,
      0.293391,
      0.038403,
      0.17734,
      0.247847,
      0.092434,
      -0.280353,
      0.025132,
      0.14809,
      -0.138101,
      0.121761,
      -0.14333,
      0.116927,
      -0.046237,
      0.093972,
      -0.074646,
      -0.089509,
      0.104294,
      -0.204622,
      0.072212,
      -0.120547,
      -0.013763,
      0.150678,
      0.010567,
      -0.244836,
      -0.041066,
      0.199999,
      -0.196395,
      -0.054856,
      -0.145856,
      -0.058275,
      -0.034697,
      -0.090033,
      0.014322,
      -0.029495,
      0.098123,
      0.176962,
      0.170565,
      -0.104142,
      -0.002171,
      -0.029581,
      -0.031948,
      -0.008948,
      -0.000553,
      -0.015872,
      0.158878,
      -0.159807,
      -0.105055,
      -0.033002,
      -0.084444,
      0.112227,
      0.075345,
      0.057337,
      -0.082715,
      -0.043782,
      -0.090404,
      0.170885,
      0.291746,
      -0.017783,
      0.029273,
      -0.028328,
      -0.131793,
      0.014112,
      0.067366,
      -0.075965,
      -0.098182,
      0.176276,
      0.096429,
      -0.025086,
      -0.038489,
      -0.044556,
      0.11743,
      -0.071705,
      -0.175002,
      0.009801,
      0.16477,
      -0.010206,
      -0.250685,
      -0.025274,
      0.096558,
      -0.113056,
      -0.04663,
      0.102698,
      -0.173851,
      0.144906,
      0.010154,
      0.047721,
      -0.215477,
      -0.037099,
      0.289567,
      0.023118,
      -0.09857,
      -0.176087,
      -0.017351,
      -0.042687,
      0.195657,
      -0.049537,
      -0.098595,
      0.410276,
      0.034216,
      0.130755,
      -0.106013,
      -0.138087,
      0.010956,
      0.034495,
      0.12421,
      0.126278,
      -0.05205,
      -0.040058,
      0.09154,
      0.220364,
      0.22898,
      -0.072979,
      0.185892,
      0.070987,
      0.115713,
      0.134012,
      0.079262,
      -0.109229,
      0.260345,
      -0.001111,
      -0.113454,
      -0.041934,
      -0.189201,
      0.043766,
      -0.290313,
      -0.090326,
      -0.105615,
      -0.058915,
      -0.067404,
      0.003282,
      0.18811,
      0.113063,
      -0.022744,
      0.002058,
      0.310864,
      -0.176509,
      -0.141163,
      -0.017198,
      0.040407,
      0.017774,
      -0.020764,
      -0.030881,
      0.081585,
      -0.085967,
      0.009467,
      -0.047814,
      -0.087013,
      0.198618,
      0.102677,
      0.188581,
      0.01449,
      0.123846,
      0.169713,
      0.010557,
      -0.138264,
      -0.088164,
      0.110691,
      -0.051569,
      -0.079594,
      0.141569,
      0.14076,
      0.136135,
      -0.28004,
      -0.100135,
      0.069116,
      0.096126,
      -0.201902,
      0.298019,
      -0.017364,
      -0.025581,
      0.140451,
      0.076916,
      0.358738,
      0.122593,
      -0.114383,
      -0.119214,
      0.059701,
      -0.082832,
      0.146544,
      -0.104778,
      -0.129273,
      0.065726,
      -0.151919,
      -0.017209,
      -0.078093,
      -0.013854,
      -0.066902,
      -0.107005,
      0.044403,
      0.183752,
      -0.11011,
      0.012185,
      0.132517,
      0.020019,
      -0.037094,
      -0.276015,
      0.126514,
      -0.055902,
      -0.050595,
      0.145817,
      0.179408,
      -0.021114,
      0.081365,
      -0.065278,
      0.07806,
      -0.128908,
      0.094579,
      -0.170382,
      0.240989,
      -0.112375,
      0.037777,
      -0.020939,
      -0.030963,
      0.132597,
      0.05323,
      -0.230139,
      -0.22136,
      0.087918,
      -0.371046,
      -0.225758,
      0.064126,
      -0.098664,
      0.098437,
      0.157153,
      -0.213412,
      -0.093884,
      0.101408,
      -0.012219,
      -0.000882,
      0.174239,
      0.096493,
      0.093507,
      0.086813,
      0.037605,
      0.100634,
      0.064561,
      -0.000172,
      -0.193838,
      0.001215,
      0.022892,
      0.317254,
      0.086372,
      0.138303,
      -0.240866,
      0.160563,
      -0.090442,
      -0.034968,
      -0.238167,
      -0.025109,
      0.153971,
      0.065826,
      -0.257658,
      -0.151084,
      -0.043529,
      0.045759,
      -0.280232,
      -0.271014,
      -0.054931,
      -0.08848,
      0.199205,
      -0.121785,
      0.010189,
      -0.163383,
      0.076318,
      0.215292,
      0.236394,
      -0.085108,
      -0.121981,
      -0.215253,
      0.115468,
      -0.066294,
      0.150418,
      0.092835,
      -0.077794,
      -0.052231,
      0.053418,
      0.162705,
      -0.080112,
      0.246213,
      0.19178,
      0.119997,
      0.04137,
      -0.1114,
      -0.023625,
      -0.012267,
      0.008525,
      -0.181522,
      -0.351684,
      -0.100757,
      0.086648,
      -0.223165,
      -0.04164,
      -0.00061,
      -0.149117,
      -0.029969,
      0.090288,
      0.040632,
      0.014996,
      0.055784,
      0.109442,
      0.04085,
      0.014558,
      -0.104554,
      -0.149837,
      -0.033369,
      -0.084149,
      -0.149561,
      -0.063069,
      -0.029145,
      0.204129,
      -0.076635,
      0.024181,
      0.009203,
      -0.127334,
      -0.18102,
      -0.137844,
      -0.002312,
      0.004064,
      -0.046362,
      0.147108,
      0.168152,
      0.230582,
      0.134058,
      -0.028742,
      -0.101749,
      -0.071527,
      0.011707,
      -0.186284,
      0.029132,
      0.229357,
      -0.09245,
      -0.017901,
      -0.059991,
      -0.057247,
      -0.106437,
      0.150749,
      0.257066,
      -0.135615,
      0.033023,
      -0.034154,
      0.131683,
      0.119229,
      -0.00295,
      -0.306693,
      -0.042805,
      0.11186,
      -0.101253,
      0.306352,
      -0.218229,
      -0.045854,
      0.207102,
      -0.151183,
      -0.107013,
      -0.072024,
      0.064963,
      0.083063,
      -0.069507,
      0.199338,
      -0.012751,
      0.030521,
      -0.116779,
      0.214508,
      0.315066,
      -0.040627,
      0.209017,
      0.092204,
      -0.045386,
      -0.084061,
      -0.034001,
      -0.076766,
      0.187569,
      -0.085158,
      -0.058315,
      -0.071632,
      -0.105887,
      0.047319,
      -0.235268,
      0.215167,
      -0.294746,
      0.044601,
      -0.0085,
      -0.102766,
      -0.117398,
      -0.094716,
      -0.001993,
      0.000747,
      -0.200351,
      -0.021237,
      0.064145,
      0.007968,
      -0.279022,
      -0.025503,
      0.171369,
      0.004905,
      -0.111623,
      0.087287,
      0.101188,
      0.036937,
      -0.113568,
      -0.150149,
      0.265937,
      -0.13367,
      -0.027377,
      0.029321,
      -0.186824,
      0.012684,
      -0.009473,
      -0.250949,
      0.184136,
      0.086157,
      -0.219595,
      -0.044519,
      0.010104,
      -0.000518,
      -0.005014,
      0.092907,
      0.154028,
      0.318526,
      -0.154906,
      -0.103738,
      -0.110177,
      0.191041,
      0.035715,
      0.007946,
      -0.133895,
      0.132244,
      0.196126,
      -0.096347,
      -0.103417,
      0.197874,
      0.029735,
      -0.11562,
      0.038209,
      -0.09438,
      0.101047,
      0.095331,
      0.081587,
      0.113074,
      -0.0078,
      -0.052468,
      -0.134618,
      0.055694,
      0.03467,
      0.14604,
      0.044978,
      -0.12025,
      0.001109,
      -0.299492,
      0.116542,
      -0.19902,
      -0.140899,
      0.192663,
      0.085215,
      -0.068421,
      0.030316,
      -0.016382,
      0.111065,
      0.061778,
      0.163628,
      -0.010333,
      0.078732,
      -0.139475,
      0.108444,
      -0.210906,
      -0.022194,
      -0.124517,
      -0.109119,
      -0.023706,
      -0.159453,
      0.14082,
      -0.101096,
      -0.092685,
      0.060832,
      -0.08318,
      -0.118862,
      -0.003282,
      0.164377,
      0.008952,
      0.183958,
      0.229302,
      0.018794,
      -0.084381,
      0.076941,
      0.01485,
      0.041855,
      0.01517,
      0.074353,
      -0.027623,
      -0.025432,
      -0.049926,
      0.098707,
      0.027132,
      0.101671,
      -0.183233,
      0.188864,
      -0.2143,
      -0.073312,
      -0.087009,
      -0.105085,
      -0.158556,
      -0.089015,
      0.008333,
      -0.02227,
      -0.24039,
      -0.141355,
      -0.023678,
      0.083497,
      0.189115,
      0.235072,
      -0.200114,
      -0.058826,
      0.166513,
      -0.030073,
      0.041974,
      -0.164163,
      -0.124784,
      0.007058,
      0.148244,
      0.173106,
      -0.091547,
      -0.059578,
      0.00479,
      0.148925,
      0.143402,
      -0.001124,
      0.381118,
      -0.25958,
      -0.327958,
      -0.082378,
      -0.291505,
      -0.230502,
      -0.02363,
      0.194678,
      0.093647,
      -0.035919,
      -0.119252,
      0.228961,
      0.220971,
      0.109097,
      0.067619,
      0.003558,
      -0.028712,
      0.196571,
      0.007532,
      -0.105421,
      -0.376433,
      -0.111476,
      0.212922,
      0.260226,
      -0.136246,
      0.129361,
      -0.039394,
      0.180755,
      0.241851,
      0.082885,
      0.150361,
      0.355153,
      -0.085425,
      0.121403,
      0.030695,
      -0.147366,
      0.030391,
      -0.189331,
      0.151801,
      -0.009082,
      -0.010228,
      -0.442186,
      -0.158545,
      0.131908,
      -0.044181,
      0.133995,
      0.17374,
      0.000346,
      -0.218568,
      -0.127605,
      -0.105935,
      -0.025049,
      0.364334,
      -0.148068,
      0.07481,
      -0.025732,
      0.17019,
      -0.169657,
      -0.20287,
      -0.082302,
      -0.129987,
      -0.03977,
      -0.092199,
      -0.227444,
      0.077758,
      -0.052658,
      0.074958,
      -0.060881,
      0.061199,
      -0.16315,
      0.250698,
      0.16734,
      -0.059826,
      -0.050998,
      0.215421,
      0.230525,
      0.148383,
      -0.049894,
      0.02411,
      -0.113864,
      -0.082331,
      -0.125209,
      0.003151,
      0.049363,
      -0.150835,
      0.101628,
      0.095007,
      -0.209883,
      -0.01071,
      0.052702,
      0.031341,
      -0.199734,
      0.118546,
      0.02283,
      0.043387,
      0.076668,
      -0.308667,
      0.02741,
      -0.028901,
      0.215141,
      -0.089994,
      0.095481,
      -0.113661,
      -0.12038,
      0.124695,
      0.049077,
      -0.130513,
      0.006159,
      -0.035204,
      -0.014377,
      0.013091,
      -0.099211,
      0.268634,
      0.020896,
      0.140834,
      0.166437,
      -0.12005,
      -0.251692,
      -0.008285,
      0.146161,
      -0.188744,
      -0.118544,
      -0.026699,
      0.146923,
      0.264643,
      0.172164,
      0.041329,
      0.055652,
      0.162192,
      0.005418,
      -0.041122,
      0.026373,
      -0.044022,
      0.008413,
      -0.200399,
      -0.059431,
      0.088809,
      -0.117057,
      -0.034188,
      -0.315047,
      0.263083,
      -0.133229,
      -0.193417,
      -0.113328,
      -0.202331,
      0.128274,
      0.025402,
      0.016202,
      0.181145,
      -0.223083,
      -0.069702,
      0.184742,
      -0.008738,
      -0.061199,
      0.027831,
      0.088831,
      -0.097703,
      0.114627,
      -0.1237,
      0.37327,
      0.036906,
      0.093402,
      -0.03424,
      0.143664,
      -0.110973,
      -0.016198,
      -0.120312,
      -0.042096,
      -0.058072,
      -0.146928,
      -0.161046,
      -0.017742,
      -0.235557,
      0.190396,
      0.170808,
      0.064191,
      0.086703,
      -0.007154,
      0.166846,
      0.045205,
      -0.026329,
      0.095848,
      0.023579,
      0.096928,
      0.253242,
      0.272317,
      0.239479,
      0.035337,
      -0.044275,
      0.051854,
      0.057883,
      0.066589,
      -0.337258,
      0.184468,
      -0.112668,
      0.180718,
      0.133226,
      0.018142,
      -0.061876,
      0.151476,
      0.034313,
      -0.101203,
      -0.016978,
      -0.008667,
      0.034589,
      -0.174897,
      -0.326363,
      -0.124257,
      0.128544,
      -0.026428,
      0.10619,
      0.123672,
      0.100172,
      -0.294613,
      -0.032883,
      0.085947,
      -0.030626,
      -0.1052,
      -0.199315,
      0.039849,
      0.061023,
      -0.090623,
      -0.15304,
      -0.014195,
      -0.187098,
      -0.036658,
      -0.154789,
      0.016766,
      -0.107863,
      0.050193,
      -0.241304,
      -0.148325,
      0.259149,
      0.019227,
      0.280113,
      -0.157617,
      0.070529,
      0.007282,
      0.008774,
      -0.221971,
      0.27208,
      0.073652,
      0.145819,
      0.057057,
      0.255886,
      -0.023503,
      0.08443,
      0.126314,
      0.037197,
      -0.216689,
      -0.014952,
      -0.163846,
      0.097513,
      -0.024294,
      -0.111099,
      0.181844,
      -0.167679,
      -0.057766,
      -0.007078,
      -0.030074,
      -0.186199,
      0.098244,
      -0.104037,
      -0.041384,
      0.185762,
      -0.016396,
      -0.364935,
      0.039026,
      0.028744,
      -0.21,
      -0.015174,
      -0.130386,
      0.182664,
      0.092252,
      0.152067,
      0.170678,
      0.186174,
      -0.023508,
      0.024464,
      -0.212634,
      0.128198,
      0.04285,
      0.131377,
      0.223182,
      -0.118489,
      -0.31155,
      -0.076567,
      0.149981,
      0.194111,
      0.125558,
      -0.050339,
      -0.125269,
      0.028258,
      -0.277785,
      0.174605,
      -0.087867,
      0.048752,
      0.395426,
      0.046538,
      -0.148916,
      0.139134,
      0.189762,
      -0.229842,
      0.067843,
      0.040452,
      -0.177816,
      0.032905,
      -0.349046,
      -0.157509,
      -0.090043,
      -0.2387,
      -0.191991,
      0.013031,
      -0.084941,
      0.082434,
      0.254782,
      0.275149,
      -0.203442,
      0.106348,
      -0.228434,
      0.012227,
      -0.084799,
      -0.177309,
      0.192166,
      -0.125436,
      -0.055788,
      0.097338,
      0.164341,
      -0.081363,
      -0.032174,
      0.250755,
      -0.267888,
      -0.02616,
      -0.260278,
      0.044938,
      0.047361,
      0.002438,
      0.12422,
      -0.050886,
      0.01306,
      -0.236853,
      -0.098309,
      0.079003,
      -0.063394,
      -0.012148,
      0.113076,
      -0.154821,
      0.08069,
      0.116501,
      0.060195,
      -0.118428,
      0.181957,
      -0.043825,
      0.075458,
      -0.148274,
      0.047391,
      -0.097576,
      0.154163,
      -0.011471,
      -0.074914,
      0.115766,
      -0.051397,
      0.055033,
      -0.035399,
      -0.141263,
      -0.07469,
      -0.059149,
      -0.110884,
      -0.140459,
      0.350647,
      0.116697,
      0.225872,
      -0.120875,
      0.009391,
      0.207831,
      0.089357,
      -0.123114,
      0.080662,
      -0.055632,
      0.455363,
      0.040951,
      -0.037538,
      -0.090012,
      0.137053,
      0.052392,
      -0.020029,
      0.10978,
      -0.238017,
      -0.012488,
      -0.148164,
      0.090963,
      0.054512,
      0.008948,
      0.15903,
      0.150079,
      -0.143602,
      -0.009694,
      -0.001939,
      -0.121437,
      -0.214142,
      -0.129145,
      -0.059532,
      -0.053311,
      -0.015865,
      0.028183,
      0.039696,
      0.184384,
      0.091875,
      -0.20404,
      -0.167528,
      -0.425714,
      0.064779,
      0.175025,
      0.157274,
      -0.005792,
      0.040543,
      -0.129731,
      0.13922,
      0.09848,
      -0.119381,
      0.106298,
      0.091057,
      0.176568,
      -0.129062,
      0.097553,
      -0.043557,
      -0.270582,
      -0.022737,
      -0.117271,
      0.019665,
      -0.191749,
      -0.166081,
      -0.177859,
      -0.100965,
      0.259296,
      0.1963,
      0.145335,
      0.06685,
      -0.28009,
      -0.116522,
      -0.118277,
      0.181197,
      -0.125608,
      -0.031437,
      0.116308,
      0.070756,
      0.072629,
      -0.025136,
      -0.088983,
      0.160198,
      0.117992,
      0.243263,
      0.19489,
      0.165652,
      -0.046227,
      0.088148,
      -0.005778,
      -0.043334,
      -0.047485,
      -0.237011,
      0.10295,
      -0.094502,
      -0.181343,
      -0.044292,
      -0.093354,
      0.085829,
      -0.031307,
      -0.020448,
      0.168455,
      -0.067633,
      0.164546,
      -0.042646,
      -0.149399,
      -0.029046,
      0.008708,
      -0.222398,
      0.224423,
      -0.235725,
      0.044881,
      0.064416,
      0.076781,
      0.006449,
      -0.195574,
      -0.18515,
      -0.136479,
      -0.216621,
      0.034079,
      0.06005,
      0.143685,
      0.005147,
      0.169725,
      -0.162491,
      0.048199,
      -0.102759,
      0.041165,
      -0.12408,
      -0.024707,
      -0.129063,
      0.169945,
      -0.107869,
      0.073933,
      -0.080421,
      -0.058674,
      0.002032,
      0.143805,
      -0.209993,
      -0.18514,
      -0.249855,
      0.17481,
      0.079242,
      0.168624,
      0.131022,
      -0.074257,
      0.149289,
      -0.135629,
      -0.215401,
      -0.152741,
      0.197979,
      -0.280346,
      -0.247997,
      0.049348,
      0.178745,
      -0.010341,
      -0.06094,
      -0.000402,
      -0.052797,
      -0.117053,
      0.200611,
      0.352746,
      -0.000487,
      0.02551,
      0.200932,
      0.144634,
      -0.079518,
      0.276835,
      0.037547,
      0.260976,
      0.073081,
      -0.641366,
      0.188769,
      0.130097,
      -0.140276,
      -0.251966,
      -0.165935,
      -0.011472,
      0.04288,
      0.107979,
      -0.105811,
      -0.016383,
      0.103767,
      0.01269,
      -0.17164,
      -0.020368,
      -0.064987,
      -0.099905,
      0.176469,
      -0.151918,
      0.11681,
      -0.07883,
      -0.332275,
      -0.07758,
      0.220996,
      -0.05904,
      0.048892,
      0.083452,
      -0.064005,
      0.389496,
      -0.109375,
      0.152519,
      -0.216359,
      -0.251806,
      0.081161,
      -0.080425,
      -0.000666,
      0.04778,
      0.006371,
      -0.069268,
      -0.040513,
      0.112229,
      -0.022829,
      0.20062,
      -0.019909,
      0.036718,
      -0.106885,
      0.00258,
      -0.037156,
      0.174703,
      0.128829,
      0.227642,
      0.160406,
      0.186808,
      0.092139,
      -0.257891,
      -0.046756,
      -0.155971,
      0.041275,
      0.081761,
      0.00084,
      0.003546,
      0.003704,
      0.163532,
      0.117904,
      0.179419,
      -0.010809,
      -0.288856,
      0.013101,
      -0.050867,
      0.11637,
      -0.12525,
      -0.271392,
      0.087964,
      0.217564,
      0.110553,
      -0.065621,
      -0.030218,
      -0.30912,
      0.360263,
      0.094274,
      0.150405,
      -0.298501,
      0.113773,
      0.122939,
      -0.266962,
      -0.159073,
      -0.013838,
      -0.04443,
      -0.069576,
      -0.038127,
      0.013025,
      -0.058815,
      -0.084849,
      0.068141,
      0.03301,
      0.123284,
      0.008558,
      0.054445,
      -0.025514,
      -0.157882,
      0.118623,
      -0.11141,
      -0.172834,
      0.074083,
      0.111231,
      0.032683,
      0.011298,
      -0.160756,
      0.076113,
      -0.1452,
      -0.146564,
      0.03527,
      0.09672,
      0.090157,
      -0.231453,
      -0.163499,
      0.004158,
      0.128707,
      -0.022131,
      0.121881,
      0.228307,
      -0.087855,
      -0.062347,
      0.05455,
      -0.204016,
      -0.170431,
      -0.257148,
      0.052408,
      0.171178,
      0.048847,
      0.205711,
      -0.215915,
      -0.022322,
      0.22525,
      0.195354,
      -0.020137,
      0.12192,
      0.212524,
      -0.156662,
      0.087686,
      -0.236936,
      -0.174562,
      0.052544,
      -0.052805,
      -0.14762,
      0.15105,
      0.001675,
      -0.001797,
      0.232633,
      -0.118343,
      0.23186,
      -0.010875,
      -0.196792,
      -0.100844,
      -0.079776,
      -0.214578,
      0.076761,
      -0.137127,
      0.198089,
      0.19156,
      -0.156638,
      -0.013735,
      0.231739,
      -0.137087,
      0.067087,
      0.081865,
      0.041019,
      -0.165791,
      0.230449,
      -0.143347,
      0.107421,
      -0.275956,
      -0.249697,
      0.104244,
      0.038123,
      -0.011589,
      0.227651,
      -0.098958,
      0.065811,
      0.123149,
      0.022614,
      -0.017486,
      -0.156006,
      -0.115401,
      -0.035686,
      0.15059,
      -0.008915,
      -0.027488,
      0.160078,
      0.070718,
      -0.144987,
      0.009924,
      0.082243,
      0.067203,
      0.051991,
      -0.252206,
      0.082559,
      0.116618,
      -0.155652,
      -0.04514,
      0.001869,
      0.09476,
      0.11947,
      -0.124477,
      -0.139394,
      0.001076,
      0.092906,
      -0.051428,
      -0.009196,
      0.312133,
      0.213764,
      -0.085706,
      -0.126204,
      -0.017013,
      0.047091,
      0.029268,
      -0.064115,
      0.03797,
      0.287093,
      0.178136,
      0.081081,
      0.043651,
      -0.194316,
      0.147482,
      -0.054558,
      -0.090985,
      -0.053505,
      -0.139573,
      0.056721,
      0.031156,
      0.106556,
      -0.105108,
      0.154067,
      0.134699,
      0.115091,
      0.12028,
      0.023704,
      0.113467,
      -0.076985,
      -0.167181,
      -0.1475,
      -0.151784,
      0.06663,
      -0.185962,
      -0.245681,
      -0.256069,
      -0.147288,
      -0.003713,
      -0.001839,
      -0.06364,
      0.126131,
      0.154306,
      0.044125,
      -0.079757,
      -0.194966,
      0.157953,
      -0.176236,
      0.058956,
      -0.090744,
      -0.338831,
      0.066953,
      -0.282101,
      -0.212021,
      0.06763,
      0.115528,
      0.284999,
      0.097191,
      -0.070416,
      0.062637,
      -0.09164,
      -0.151976,
      0.143127,
      0.007865,
      0.13693,
      -0.107764,
      -0.070351,
      0.047957,
      -0.150455,
      0.074411,
      0.184498,
      -0.072289,
      -0.145549,
      -0.032699,
      0.086597,
      0.238315,
      0.177093,
      0.051106,
      -0.2017,
      -0.039703,
      0.118777,
      -0.048051,
      -0.127937,
      -0.169933,
      0.003939,
      -0.196471,
      -0.009174,
      0.053664,
      0.012828,
      0.018528,
      0.003257,
      0.059715,
      -0.17587,
      -0.020519,
      -0.118537,
      -0.221578,
      0.015098,
      -0.023049,
      0.164971,
      0.076187,
      0.1367,
      -0.070879,
      -0.016868,
      0.169961,
      0.109301,
      0.13493,
      0.243391,
      -0.113726,
      -0.10601,
      -0.103809,
      -0.089127,
      0.104675,
      0.049323,
      0.22916,
      -0.029038,
      0.155751,
      0.130842,
      0.075282,
      0.032375,
      -0.073708,
      -0.001206,
      0.034548,
      -0.033536,
      0.25867,
      0.042881,
      0.066819,
      -0.156987,
      0.139831,
      -0.137136,
      -0.107166,
      -0.050835,
      0.133423,
      -0.056758,
      -0.001221,
      -0.011333,
      -0.192956,
      -0.133305,
      -0.222441,
      0.052483,
      -0.090935,
      -0.045562,
      0.131858,
      -0.025144,
      -0.016229,
      -0.025232,
      0.178193,
      0.173247,
      -0.013651,
      -0.18917,
      -0.054474,
      0.141322,
      -0.080819,
      -0.064252,
      -0.208285,
      -0.259185,
      -0.061493,
      0.016925,
      0.09019,
      0.08853,
      -0.007954,
      0.105337,
      0.043331,
      0.075351,
      0.101268,
      0.148911,
      -0.154043,
      -0.056164,
      0.19426,
      0.146577,
      0.09358,
      0.20612,
      0.206613,
      0.139096,
      0.16537,
      -0.160887,
      0.161169,
      0.091593,
      -0.071237,
      -0.366771,
      -0.129862,
      0.073755,
      0.061224,
      -0.05812,
      -0.076165,
      -0.095592,
      -0.110282,
      -0.019272,
      -0.16905,
      0.040307,
      0.136376,
      0.007396,
      -0.011863,
      0.070741,
      0.235948,
      0.099439,
      -0.280922,
      -0.143223,
      0.121444,
      -0.020532,
      -0.021897,
      0.087617,
      0.016411,
      0.005888,
      -0.30745,
      0.288462,
      -0.141421,
      0.29188,
      -0.113044,
      -0.33684,
      -0.026519,
      0.147672,
      0.071602,
      -0.120625,
      -0.205842,
      0.062099,
      -0.033084,
      -0.179013,
      0.066089,
      -0.035028,
      -0.149002,
      0.088259,
      0.230766,
      0.168416,
      0.478279,
      -0.100076,
      0.328663,
      0.063607,
      -0.220717,
      -0.288925,
      0.035131,
      0.058854,
      0.371112,
      -0.141984,
      0.222929,
      0.034128,
      0.080905,
      0.12572,
      -0.076747,
      0.32172,
      0.047631,
      0.200649,
      -0.127624,
      -0.011127,
      0.137588,
      -0.00217,
      0.018896,
      -0.146587,
      0.134755,
      0.257581,
      -0.022295,
      0.141469,
      0.077775,
      0.220461,
      -0.093527,
      -0.182393,
      -0.410533,
      0.067563,
      0.112368,
      -0.245329,
      0.159097,
      -0.33891,
      -0.138802,
      0.023201,
      -0.043819,
      -0.054861,
      0.002602,
      -0.038527,
      0.193187,
      -0.001713,
      0.08607,
      0.075184,
      -0.318248,
      -0.095539,
      0.136332,
      0.174386,
      0.03633,
      0.263069,
      -0.024507,
      0.021395,
      -0.229957,
      -0.05805,
      0.015727,
      -0.044023,
      0.205891,
      -0.10186,
      0.114726,
      -0.094548,
      0.239558,
      0.161226,
      -0.139783,
      0.029565,
      0.132733,
      -0.055878,
      0.104451,
      -0.042295,
      0.120287,
      -0.033997,
      0.0014,
      0.093592,
      0.035031,
      0.393253,
      -0.023989,
      0.012959,
      -0.018055,
      -0.043852,
      -0.004553,
      0.075121,
      -0.09464,
      0.259872,
      -0.088808,
      -0.033631,
      -0.043165,
      -0.059234,
      0.038606,
      -0.170083,
      0.08127,
      0.07029,
      -0.109347,
      -0.209646,
      -0.175471,
      0.060825,
      0.075412,
      -0.069477,
      0.044577,
      0.112167,
      -0.129792,
      0.194655,
      0.004265,
      0.019796,
      -0.117391,
      -0.18685,
      -0.006019,
      -0.051546,
      -0.101949,
      0.023897,
      0.26748,
      0.178881,
      -0.0866,
      0.016098,
      0.198005,
      0.066781,
      0.268048,
      -0.142906,
      -0.231607,
      0.154337,
      -0.405077,
      -0.073313,
      0.046542,
      0.128225,
      0.158015,
      -0.00212,
      -0.08919,
      -0.039133,
      -0.056776,
      0.128209,
      0.24825,
      -0.151334,
      -0.061197,
      -0.050783,
      0.227131,
      0.008975,
      0.148773,
      0.07575,
      0.146027,
      -0.128056,
      -0.177044,
      -0.083614,
      -0.112939,
      0.001669,
      0.090058,
      0.033825,
      -0.057672,
      -0.207966,
      -0.017864,
      -0.043309,
      -0.24311,
      0.163198,
      -0.152874,
      -0.025816,
      -0.100366,
      0.138889,
      0.258765,
      0.003622,
      -0.11986,
      -0.127782,
      0.045926,
      0.081713,
      0.234194,
      -0.256792,
      -0.126907,
      0.182715,
      0.204584,
      -0.057626,
      -0.240283,
      0.162708,
      0.09075,
      0.007849,
      0.000748,
      0.207297,
      -0.101156,
      0.210343,
      0.224293,
      -0.174868,
      -0.046684,
      -0.139318,
      0.00757,
      0.075128,
      0.467618,
      -0.109514,
      0.027832,
      0.110109,
      0.382246,
      -0.002293,
      -0.275915,
      0.002746,
      -0.20496,
      0.004115,
      -0.278823,
      0.189583,
      -0.102953,
      0.132269,
      0.048333,
      0.235675,
      -0.188832,
      -0.223122,
      0.240634,
      -0.044608,
      -0.163529,
      -0.33626,
      -0.058804,
      -0.015239,
      0.171331,
      -0.01021,
      -0.103799,
      0.057877,
      0.183428,
      0.011881,
      0.184492,
      0.127308,
      -0.144395,
      0.170986,
      -0.085656,
      0.148115,
      -0.013799,
      0.046245,
      0.011307,
      0.145284,
      -0.071805,
      -0.007494,
      -0.027342,
      -0.219317,
      -0.008726,
      0.106843,
      0.064026,
      -0.020778,
      -0.244752,
      0.040563,
      -0.034458,
      -0.234292,
      0.072085,
      -0.039316,
      0.068876,
      -0.003885,
      0.110069,
      -0.023565,
      0.093095,
      -0.017183,
      -0.229269,
      0.314333,
      0.094051,
      0.204772,
      -0.01112,
      0.231886,
      -0.066354,
      -0.02233,
      -0.016726,
      -0.022857,
      0.103022,
      -0.021704,
      0.124818,
      -0.000314,
      0.103033,
      -0.031383,
      -0.090548,
      0.137773,
      -0.103153,
      -0.259634,
      0.067559,
      -0.227373,
      0.337975,
      -0.156669,
      0.05877,
      0.113533,
      0.176248,
      -0.104774,
      -0.227795,
      0.203956,
      -0.031249,
      0.013108,
      -0.125462,
      -0.008468,
      0.015772,
      0.009355,
      0.066191,
      0.041783,
      0.178931,
      -0.046441,
      -0.030641,
      -0.135713,
      -0.025857,
      0.036555,
      -0.075615,
      -0.24087,
      0.207073,
      -0.013754,
      -0.202443,
      0.187369,
      -0.070028,
      0.163281,
      -0.094051,
      -0.059006,
      0.138304,
      0.059196,
      -0.028156,
      -0.066836,
      0.151068,
      0.060954,
      -0.1888,
      0.103012,
      -0.022607,
      0.037111,
      0.074889,
      0.161888,
      0.096796,
      0.004543,
      -0.064574,
      -0.263561,
      0.069029,
      -0.03557,
      -0.096987,
      -0.010903,
      0.057541,
      0.032577,
      0.161025,
      -0.229912,
      0.114154,
      0.063859,
      -0.103102,
      0.156733,
      -0.013328,
      -0.073754,
      -0.120886,
      0.043443,
      0.023715,
      -0.281703,
      -0.012721,
      -0.039822,
      0.015544,
      0.11302,
      -0.081199,
      0.083982,
      0.058998,
      0.043704,
      -0.056726,
      0.305074,
      -0.11731,
      0.261126,
      -0.193688,
      0.317737,
      -0.062709,
      0.003919,
      -0.129788,
      0.058696,
      0.257951,
      -0.052083,
      -0.077114,
      -0.358949,
      0.011127,
      0.053946,
      -0.028769,
      -0.021156,
      -0.002236,
      0.045644,
      -0.054703,
      0.029259,
      0.330353,
      0.228703,
      -0.319293,
      0.050066,
      -0.026567,
      -0.063281,
      -0.067623,
      0.236311,
      -0.057604,
      0.077479,
      -0.087696,
      0.125393,
      -0.026522,
      0.073204,
      -0.043096,
      0.251783,
      0.291028,
      0.048418,
      -0.307683,
      -0.062018,
      0.004769,
      0.085091,
      0.052414,
      0.058454,
      0.026952,
      -0.26634,
      -0.166571,
      -0.03415,
      -0.159532,
      0.10147,
      0.020787,
      0.05249,
      -0.035686,
      -0.136696,
      -0.161998,
      0.025455,
      -0.153378,
      -0.068948,
      0.150404,
      0.065811,
      0.216358,
      0.234582,
      -0.197337,
      0.102796,
      0.063883,
      0.212396,
      -0.198028,
      0.001988,
      -0.130394,
      -0.099814,
      0.020897,
      0.164948,
      0.06429,
      -0.02872,
      -0.173767,
      -0.10381,
      -0.194959,
      0.184855,
      0.0216,
      -0.043824,
      -0.175716,
      -0.04034,
      -0.234213,
      -0.081859,
      -0.111487,
      -0.006123,
      -0.092304,
      -0.218741,
      -0.070358,
      0.212417,
      0.149868,
      -0.07313,
      -0.047423,
      0.253917,
      0.160207,
      -0.032629,
      0.193649,
      -0.059971,
      -0.007434,
      -0.131268,
      -0.195886,
      -0.100048,
      -0.326409,
      0.017113,
      0.180106,
      0.026458,
      -0.180331,
      0.209834,
      0.172016,
      -0.126291,
      -0.281997,
      -0.210013,
      0.271676,
      -0.355535,
      0.317928,
      -0.010783,
      -0.212191,
      -0.033849,
      -0.186474,
      0.023748,
      -0.104854,
      -0.035427,
      -0.197987,
      0.162055,
      -0.10415,
      -0.02171,
      -0.04525,
      0.102098,
      0.019444,
      0.112293,
      0.26618,
      -0.030985,
      0.034838,
      -0.04281,
      -0.007633,
      -0.235752,
      -0.113286,
      -0.026228,
      0.221704,
      -0.046147,
      0.19444,
      0.241938,
      0.046504,
      0.023288,
      -0.013365,
      -0.086463,
      0.051337,
      -0.070431,
      0.205069,
      -0.366757,
      -0.194743,
      -0.188713,
      0.126968,
      -0.17356,
      -0.043772,
      -0.238804,
      0.049982,
      -0.248001,
      -0.231694,
      0.20411,
      0.162686,
      -0.014731,
      0.102585,
      0.173638,
      0.021638,
      -0.19972,
      0.164718,
      0.069182,
      -0.187525,
      -0.207005,
      0.142005,
      0.116132,
      -0.223353,
      0.024545,
      0.019045,
      0.137381,
      -0.050448,
      -0.164695,
      -0.111562,
      0.033867,
      0.082032,
      0.218641,
      -0.023299,
      0.089659,
      -0.218684,
      0.101285,
      -0.112143,
      0.354823,
      -0.139641,
      -0.225772,
      0.269768,
      -0.025239,
      -0.07864,
      -0.109034,
      0.074617,
      0.082096,
      0.068421,
      -0.087967,
      -0.243115,
      -0.024662,
      -0.031017,
      0.109988,
      0.166547,
      -0.279696,
      0.067772,
      -0.11755,
      -0.105606,
      -0.373625,
      0.140623,
      0.055623,
      0.065173,
      0.234077,
      -0.239855,
      0.178127,
      -0.263768,
      -0.09994,
      -0.102171,
      0.092044,
      0.236007,
      0.116202,
      0.261622,
      0.229536,
      0.076727,
      0.05787,
      -0.099167,
      -0.038841,
      -0.031816,
      0.28745,
      -0.130058,
      0.078745,
      0.069362,
      -0.064064,
      0.143316,
      -0.023077,
      -0.304375,
      -0.040066,
      -0.049358,
      0.160811,
      0.151873,
      -0.269699,
      0.221189,
      0.140946,
      0.196434,
      -0.262525,
      0.079913,
      0.214262,
      0.122015,
      -0.031853,
      -0.156802,
      0.004654,
      0.174872,
      0.123752,
      -0.115058,
      -0.288681,
      -0.068556,
      0.067654,
      0.021216,
      -0.137702,
      -0.018978,
      -0.015673,
      0.068555,
      -0.248823,
      -0.064578,
      0.106158,
      -0.057799,
      0.282234,
      0.221665,
      -0.114571,
      -0.086885,
      -0.037084,
      -0.095897,
      -0.081157,
      -0.120526,
      -0.066377,
      0.298766,
      -0.158949,
      0.286638,
      0.350822,
      -0.274285,
      0.194359,
      0.185648,
      -0.179494,
      0.004503,
      -0.222138,
      -0.062183,
      0.078304,
      0.081367,
      0.046684,
      0.206562,
      -0.192112,
      -0.188617,
      -0.141415,
      -0.149799,
      0.00289,
      0.073322,
      -0.073388,
      -0.090011,
      -0.160491,
      0.078285,
      0.368066,
      0.018764,
      -0.056376,
      0.101603,
      -0.118318,
      -0.162467,
      0.185689,
      -0.194283,
      0.163151,
      0.019862,
      -0.166485,
      0.212661,
      0.042008,
      -0.103783,
      0.041198,
      0.007253,
      0.073722,
      0.294973,
      0.088615,
      -0.154199,
      0.224043,
      0.190235,
      0.07662,
      0.116942,
      0.287801,
      -0.086222,
      0.094358,
      -0.260582,
      0.35033,
      0.08982,
      -0.147236,
      -0.32414,
      -0.351525,
      0.492482,
      -0.033483,
      0.136466,
      -0.001136,
      -0.235382,
      -0.091519,
      -0.380673,
      -0.193442,
      -0.182799,
      0.029796,
      -0.103743,
      -0.020979,
      0.093858,
      -0.059532,
      0.00487,
      -0.114131,
      0.217138,
      0.036811,
      -0.233992,
      0.099579,
      -0.051223,
      0.113418,
      -0.121994,
      0.134742,
      -0.243995,
      -0.10862,
      -0.227498,
      -0.153225,
      0.192052,
      0.058537,
      -0.053656,
      0.313576,
      -0.179087,
      0.242518,
      0.038543,
      0.031479,
      0.261143,
      -0.149031,
      0.071603,
      0.24841,
      -0.094999,
      -0.145118,
      -0.055959,
      0.040749,
      -0.077798,
      0.085786,
      0.271639,
      -0.006625,
      -0.003756,
      0.102156,
      0.180845,
      -0.136519,
      0.260886,
      -0.146553,
      -0.031995,
      -0.15861,
      -0.21778,
      -0.263401,
      0.108906,
      0.165991,
      -0.168091,
      0.050323,
      0.18566,
      -0.097455,
      -0.0483,
      -0.256812,
      0.04683,
      0.223268,
      -0.06993,
      0.15626,
      -0.047173,
      0.04235,
      -0.032656,
      0.147376,
      -0.034384,
      -0.219429,
      -0.154018,
      0.159011,
      -0.018679,
      -0.03715,
      0.140022,
      -0.063579,
      -0.01584,
      -0.164437,
      0.085517,
      -0.228677,
      0.156845,
      0.104061,
      0.009499,
      0.205324,
      0.008215,
      0.284801,
      0.01992,
      -0.122095,
      -0.143621,
      0.042342,
      0.058646,
      0.034828,
      -0.004938,
      -0.17111,
      -0.126208,
      0.045518,
      -0.28198,
      -0.070538,
      -0.153784,
      0.076298,
      0.003545,
      -0.097838,
      -0.243579,
      0.00989,
      -0.118757,
      -0.143795,
      0.122043,
      -0.182221,
      0.281131,
      -0.261464,
      -0.030762,
      0.233978,
      -0.026233,
      0.07009,
      -0.021413,
      -0.103513,
      0.164579,
      -0.024207,
      -0.156827,
      -0.168631,
      0.032055,
      0.152881,
      -0.135053,
      0.293968,
      0.100506,
      -0.021393,
      -0.032629,
      -0.086366,
      -0.046923,
      0.043266,
      0.145401,
      0.169176,
      -0.02894,
      -0.07508,
      -0.027564,
      0.072139,
      -0.118695,
      0.110692,
      0.19404,
      -0.347388,
      0.249696,
      -0.136994,
      -0.006909,
      -0.000477,
      -0.02226,
      -0.148402,
      0.136275,
      -0.042056,
      0.196238,
      -0.016391,
      -0.138991,
      0.010136,
      0.238804,
      0.040891,
      -0.142353,
      0.059834,
      0.176379,
      -0.016652,
      0.197584,
      -0.048395,
      -0.284198,
      0.078978,
      0.346187,
      0.056713,
      -0.153911,
      -0.131325,
      -0.068022,
      0.023669,
      0.125321,
      -0.008539,
      -0.208846,
      -0.055358,
      -0.005777,
      0.044207,
      -0.018513,
      0.181448,
      0.052121,
      0.056773,
      0.054953,
      0.213931,
      -0.118028,
      -0.013957,
      -0.12555,
      0.069452,
      -0.115993,
      -0.253797,
      0.105133,
      -0.05666,
      -0.005829,
      -0.135601,
      -0.010496,
      0.284812,
      -0.058346,
      -0.259874,
      0.181991,
      -0.128254,
      -0.096552,
      0.000425,
      -0.1953,
      -0.110631,
      0.072406,
      0.099216,
      0.06732,
      -0.061876,
      0.271823,
      0.219224,
      0.263304,
      0.038721,
      -0.116616,
      0.032017,
      -0.03751,
      -0.032434,
      -0.211519,
      0.028891,
      0.184338,
      -0.292537,
      0.064949,
      0.123059,
      0.074197,
      -0.080631,
      0.075102,
      0.157968,
      -0.269606,
      -0.144071,
      0.225047,
      -0.036192,
      0.117436,
      -0.126277,
      0.305269,
      -0.08237,
      -0.040193,
      0.042808,
      -0.171998,
      0.046931,
      -0.155413,
      -0.118309,
      -0.113675,
      0.08986,
      -0.00391,
      -0.036341,
      0.068117,
      0.010851,
      0.082947,
      -0.134582,
      -0.205741,
      -0.012212,
      0.275653,
      -0.019296,
      -0.180422,
      0.250935,
      0.228638,
      0.329101,
      -0.176236,
      0.068093,
      0.056286,
      -0.074428,
      0.037938,
      0.063711,
      0.009865,
      -0.204071,
      -0.146945,
      0.045152,
      -0.034355,
      0.067901,
      0.162209,
      -0.084663,
      -0.139181,
      0.215267,
      0.300527,
      0.080516,
      0.03016,
      0.038726,
      -0.108912,
      0.200785,
      -0.136758,
      -0.203632,
      0.011264,
      -0.020523,
      -0.121906,
      -0.195094,
      -0.09436,
      -0.056276,
      -0.05728,
      -0.254086,
      -0.061188,
      0.004159,
      0.128966,
      -0.095684,
      0.13937,
      0.134732,
      -0.137976,
      0.226541,
      0.03333,
      0.075553,
      -0.170303,
      0.042091,
      0.100438,
      -0.173619,
      0.305695,
      0.107401,
      -0.021267,
      -0.066153,
      -0.121711,
      0.171305,
      -0.209088,
      0.050581,
      -0.040971,
      0.133546,
      0.057952,
      0.045488,
      0.002867,
      0.055704,
      0.117569,
      0.098074,
      0.093082,
      -0.065493,
      -0.074131,
      0.006284,
      0.176656,
      0.14007,
      -0.148485,
      -0.141444,
      -0.221468,
      -0.129646,
      -0.399436,
      -0.350706,
      -0.132775,
      -0.026337,
      0.006877,
      0.022697,
      0.189836,
      -0.058372,
      0.151099,
      -0.250943,
      0.064001,
      0.213813,
      0.007302,
      0.162596,
      0.004647,
      -0.206331,
      0.080017,
      0.044666,
      0.091367,
      0.038768,
      0.470368,
      -0.095084,
      0.157011,
      -0.15339,
      0.036389,
      0.127688,
      -0.164264,
      -0.079844,
      0.034535,
      -0.018366,
      -0.201525,
      0.180091,
      0.063219,
      -0.004693,
      -0.153004,
      -0.062803,
      0.173449,
      0.193494,
      0.16364,
      0.074712,
      -0.134235,
      0.128242,
      -0.161758,
      0.054156,
      -0.038834,
      0.147178,
      -0.116271,
      -0.004818,
      -0.095525,
      0.239909,
      0.028856,
      0.100368,
      -0.002216,
      -0.26215,
      0.047526,
      -0.065326,
      -0.014822,
      -0.063906,
      0.220784,
      -0.074605,
      -0.099824,
      0.073106,
      -0.131767,
      -0.018241,
      -0.01938,
      -0.07333,
      0.270612,
      0.090688,
      -0.16755,
      -0.139778,
      0.102239,
      0.189271,
      0.112039,
      0.00484,
      0.020127,
      -0.087819,
      -0.097874,
      -0.165012,
      -0.027783,
      0.037664,
      0.123313,
      -0.007303,
      -0.027716,
      0.000313,
      0.15152,
      -0.118576,
      0.292996,
      0.134136,
      0.103915,
      0.133046,
      -0.163843,
      -0.049601,
      -0.184783,
      -0.069733,
      -0.209882,
      0.223653,
      -0.197043,
      -0.11752,
      0.329954,
      0.185547,
      0.378347,
      0.109292,
      -0.116195,
      0.135651,
      -0.059114,
      0.021959,
      -0.033264,
      0.418136,
      -0.080971,
      -0.012582,
      0.123134,
      -0.249471,
      0.238021,
      0.140562,
      -0.438189,
      0.090617,
      -0.12233,
      -0.109753,
      -0.239278,
      0.295198,
      -0.192486,
      0.474445,
      -0.195724,
      -0.462854,
      0.000523,
      -0.0252,
      -0.119472,
      0.058855,
      0.004033,
      -0.174624,
      -0.158233,
      0.146376,
      -0.189108,
      0.079639,
      0.00772,
      -0.204321,
      0.379486,
      -0.19133,
      -0.108113,
      -0.059008,
      -0.002564,
      -0.173611,
      -0.087767,
      0.028654,
      0.241116,
      -0.086167,
      0.207791,
      0.082304,
      0.132848,
      -0.049074,
      0.177472,
      0.031883,
      0.155383,
      0.149515,
      -0.060495,
      0.073696,
      -0.133547,
      -0.181636,
      0.288736,
      -0.164026,
      -0.096847,
      0.055651,
      0.207815,
      -0.033232,
      -0.166713,
      0.006774,
      -0.134374,
      0.242215,
      0.056228,
      0.129527,
      0.226961,
      -0.099665,
      0.226773,
      0.058103,
      0.008813,
      -0.085177,
      -0.258704,
      -0.11222,
      -0.169824,
      -0.248534,
      -0.002277,
      -0.189935,
      -0.051808,
      -0.197579,
      0.008533,
      0.258635,
      -0.275391,
      -0.259737,
      -0.056274,
      0.24321,
      -0.034637,
      -0.111782,
      0.136826,
      0.21079,
      0.156176,
      -0.009273,
      0.222079,
      -0.108573,
      -0.032413,
      -0.214897,
      0.140264,
      0.029866,
      -0.126854,
      0.12589,
      -0.042788,
      -0.144727,
      0.031308,
      0.069032,
      -0.270093,
      -0.210911,
      -0.112002,
      -0.002924,
      0.383141,
      0.099262,
      0.185555,
      -0.12063,
      -0.197774,
      0.041526,
      -0.057864,
      -0.090699,
      0.085577,
      -0.103749,
      0.061739,
      -0.250859,
      -0.07129,
      -0.125544,
      -0.110886,
      0.081477,
      0.005177,
      0.021407,
      0.172917,
      0.233858,
      -0.387084,
      0.04083,
      0.120457,
      0.139233,
      -0.257767,
      0.243601,
      -0.099758,
      0.141886,
      -0.001938,
      0.305593,
      0.076913,
      0.128889,
      -0.07696,
      -0.052179,
      -0.050561,
      0.114841,
      -0.04708,
      0.016845,
      0.0399,
      0.06985,
      -0.166079,
      -0.183206,
      0.102473,
      0.023293,
      0.106315,
      0.295854,
      0.096198,
      -0.002985,
      0.127938,
      0.114183,
      0.127801,
      -0.092415,
      0.039205,
      0.10344,
      0.09474,
      -0.25099,
      -0.028351,
      0.049678,
      -0.006078,
      -0.232269,
      0.169979,
      0.131197,
      -0.136597,
      0.078657,
      0.122555,
      -0.371914,
      -0.004551,
      0.040404,
      0.014595,
      -0.252766,
      0.016127,
      -0.172289,
      -0.03788,
      0.136404,
      0.184364,
      -0.150923,
      -0.30919,
      -0.021961,
      0.138721,
      -0.24698,
      -0.066094,
      0.226966,
      0.093789,
      -0.098132,
      0.037618,
      -0.049881,
      -0.030279,
      0.104417,
      0.047149,
      0.055589,
      -0.262867,
      -0.143267,
      -0.030501,
      0.001237,
      0.206303,
      0.264144,
      0.150399,
      -0.179028,
      0.01085,
      -0.062093,
      0.075732,
      -0.198037,
      0.181705,
      -0.01635,
      0.32277,
      -0.008232,
      0.130237,
      -0.151302,
      0.390336,
      -0.201535,
      -0.230483,
      -0.032504,
      0.150544,
      -0.130713,
      -0.017453,
      -0.033007,
      -0.065961,
      0.022025,
      0.182579,
      -0.099855,
      0.177064,
      0.21571,
      -0.096243,
      -0.365681,
      -0.244233,
      -0.076435,
      0.256745,
      0.141063,
      -0.178687,
      0.04722,
      -0.023946,
      0.001112,
      -0.164931,
      -0.157121,
      0.139022,
      -0.014189,
      0.028796,
      0.246418,
      -0.090127,
      0.046793,
      0.113964,
      0.077934,
      0.21627,
      0.229816,
      0.015643,
      0.26331,
      0.08596,
      -0.068446,
      -0.07432,
      0.251297,
      0.118885,
      -0.031579,
      -0.038313,
      0.234087,
      0.049184,
      -0.173244,
      -0.020957,
      -0.161473,
      -0.049426,
      0.120505,
      0.096526,
      -0.010786,
      0.250898,
      -0.059358,
      0.000165,
      -0.121515,
      -0.028241,
      0.316309,
      -0.101742,
      -0.20456,
      0.108393,
      0.097481,
      0.21391,
      0.115527,
      0.053665,
      -0.148777,
      -0.047486,
      -0.015781,
      -0.013182,
      -0.217784,
      0.173738,
      0.004178,
      -0.141088,
      0.001563,
      -0.010316,
      0.024515,
      -0.131238,
      0.262966,
      -0.161925,
      -0.118979,
      -0.079922,
      -0.31758,
      -0.184989,
      0.144681,
      -0.046273,
      0.18563,
      0.254569,
      -0.01936,
      0.034371,
      0.178577,
      0.011504,
      -0.206421,
      0.029704,
      -0.256658,
      0.026237,
      0.103675,
      0.246842,
      0.067586,
      0.164984,
      0.002312,
      -0.210027,
      0.051039,
      -0.142497,
      0.124165,
      0.282228,
      -0.131855,
      0.061456,
      0.12143,
      -0.094879,
      0.174256,
      0.043668,
      0.184485,
      -0.078853,
      -0.242641,
      -0.095417,
      0.003728,
      0.237454,
      0.141761,
      -0.120658,
      -0.052077,
      -0.061618,
      -0.035438,
      -0.265417,
      -0.020221,
      0.11693,
      -0.163039,
      0.208274,
      0.090941,
      0.21323,
      -0.215669,
      -0.009331,
      0.006423,
      -0.1041,
      -0.198536,
      -0.027814,
      0.003178,
      -0.012363,
      -0.217494,
      0.049394,
      0.047146,
      0.03872,
      0.147457,
      0.041123,
      -0.052278,
      0.07913,
      -0.315267,
      -0.13005,
      0.139708,
      0.255429,
      0.092331,
      -0.070134,
      0.012796,
      -0.002974,
      0.205137,
      -0.007523,
      0.222538,
      -0.06049,
      -0.213381,
      -0.338259,
      -0.071726,
      -0.2734,
      0.056985,
      -0.156889,
      -0.084868,
      0.115051,
      0.146191,
      -0.086405,
      0.107783,
      -0.186989,
      0.240818,
      0.073079,
      0.134701,
      0.038926,
      0.358557,
      -0.159615,
      0.075749,
      0.062717,
      -0.12232,
      0.224906,
      -0.058875,
      0.045369,
      -0.15547,
      0.09666,
      -0.190448,
      0.06743,
      0.17785,
      -0.127028,
      -0.024723,
      -0.057114,
      -0.022863,
      -0.106062,
      -0.198266,
      0.249967,
      0.21105,
      0.063067,
      0.207992,
      -0.038224,
      -0.069783,
      -0.130334,
      -0.108223,
      -0.105466,
      0.333825,
      -0.210045,
      -0.093972,
      -0.031522,
      -0.021732,
      -0.225828,
      0.057494,
      -0.003471,
      0.152057,
      0.094088,
      0.019108,
      0.095408,
      -0.011299,
      -0.168339,
      0.200139,
      0.149222,
      0.045709,
      -0.092986,
      -0.056578,
      0.267055,
      -0.198126,
      -0.060642,
      -0.012784,
      0.114085,
      -0.167065,
      0.056744,
      -0.10919,
      0.094086,
      0.237522,
      -0.107424,
      0.365017,
      -0.14255,
      -0.181924,
      -0.066861,
      0.132779,
      0.130772,
      0.013256,
      -0.089775,
      0.101299,
      0.186178,
      -0.147218,
      -0.030149,
      -0.171611,
      0.177515,
      -0.008575,
      -0.009036,
      -0.081035,
      0.130081,
      -0.075238,
      -0.057743,
      -0.141337,
      -0.061953,
      0.13308,
      -0.051279,
      0.044119,
      -0.113914,
      -0.30247,
      -0.026776,
      0.284905,
      0.128856,
      0.071215,
      0.104741,
      0.268409,
      0