# Chunk number: 7 of 37

 0.100663,
          -0.013448,
          -0.028689,
          0.025737,
          0.00634,
          0.069797,
          -0.147315,
          0.099246,
          -0.183572,
          0.066396,
          -0.110719,
          -0.095513,
          -0.007483,
          0.111031,
          0.072398,
          0.014074,
          0.114875,
          0.163093,
          -0.028655,
          0.159132,
          -0.006177,
          -0.018657,
          0.129751,
          0.009483,
          0.140272,
          0.004249,
          -0.18478,
          0.194684,
          0.011896,
          -0.092034,
          -0.103991,
          0.100586,
          0.020845,
          -0.065864,
          -0.157061,
          -0.059822,
          0.009317,
          0.036581,
          -0.21271,
          0.036243,
          -0.176863,
          0.099897,
          -0.144704,
          0.005441,
          0.048599,
          -0.150414,
          -0.103398,
          -0.010426,
          0.176948,
          0.125684,
          -0.020729,
          -0.060073,
          -0.092074,
          0.237997,
          0.074818,
          0.081713,
          0.054754,
          0.071496,
          -0.112562,
          0.188463,
          -0.064603,
          -0.069856,
          0.070164,
          -0.065135,
          -0.105049,
          -0.151603,
          -0.103967,
          0.152113,
          -0.027894,
          -0.114157,
          -0.152841,
          0.00335,
          -0.032476,
          -0.092628,
          -0.015231,
          0.027543,
          0.070821,
          0.081192,
          -0.089258,
          -0.129362,
          -0.028964,
          0.123891,
          -0.049837,
          0.138494,
          0.133975,
          -0.213134,
          0.051256,
          -0.175766,
          0.169635,
          0.123713,
          0.073875,
          0.056584,
          0.059594,
          -0.133348,
          -0.203884,
          -0.115645,
          -0.160874,
          -0.140736,
          -0.022045,
          0.137612,
          -0.192069,
          0.176,
          0.020105,
          -0.082365,
          -0.135703,
          -0.114909,
          -0.034841,
          -0.07303,
          -0.127984,
          -0.090208,
          0.162856,
          -0.083362,
          -0.044969,
          0.138594,
          -0.096262,
          -0.148608,
          -0.125539,
          -0.017548,
          -0.127774,
          -0.004503,
          0.045401,
          0.176816,
          0.031115,
          0.124977,
          -0.233251,
          0.062062,
          0.133444,
          -0.119654,
          0.036812,
          -0.127986,
          -0.101057,
          0.09787,
          -0.036906,
          0.042618,
          -0.168877,
          0.092869,
          0.163241,
          -0.136535,
          -0.016526,
          -0.069459,
          -0.118382,
          0.070677,
          0.097668,
          0.162519,
          -0.04111,
          0.130553,
          -0.080967,
          -0.147925,
          0.031072,
          0.110804,
          0.002493,
          0.107805,
          -0.146017,
          -0.032286,
          0.170243,
          0.106499,
          0.006435,
          0.063061,
          0.061916,
          -0.14192,
          0.162066,
          0.140059,
          0.00445,
          -0.167465,
          -0.092363,
          -0.155557,
          -0.12231,
          0.029766,
          -0.086995,
          0.201491,
          -0.040637,
          0.048647,
          -0.158361,
          0.156232,
          -0.023128,
          0.202649,
          0.131222,
          0.033109,
          0.089728,
          -0.073535,
          -0.098847,
          -0.053267,
          0.045341,
          0.157024,
          0.031458,
          0.007848,
          0.094492,
          -0.042398,
          0.023177,
          0.059842,
          -0.077867,
          0.027859,
          0.125059,
          -0.07183,
          -0.091051,
          -0.051764,
          0.108643,
          0.160878,
          0.188823,
          0.077804,
          -0.013029,
          -0.064155,
          0.029474,
          0.131224,
          0.058245,
          -0.183907,
          -0.164887,
          -0.252339,
          -0.19564,
          -0.198648,
          0.05104,
          0.045434,
          0.191914,
          -0.191143,
          0.171484,
          0.027564,
          0.215614,
          -0.173448,
          0.006021,
          -0.024906,
          0.113559,
          0.051774,
          0.003494,
          -0.122182,
          0.121301,
          -0.124224,
          -0.049796,
          -0.034729,
          0.115525,
          -0.130618,
          -0.196096,
          -0.003697,
          0.024382,
          0.133444,
          -0.109698,
          -0.00131,
          -0.13997,
          -0.119577,
          0.086809,
          -0.104738,
          0.074595,
          0.082446,
          -0.261838,
          -0.039694,
          0.071892,
          0.231765,
          -0.139183,
          0.05831,
          -0.027764,
          -0.120886,
          -0.175702,
          0.067316,
          0.133544,
          0.203801,
          -0.083201,
          0.144265,
          -0.07091,
          0.158063,
          -0.061495,
          0.166846,
          0.089843,
          0.125412,
          -0.194079,
          0.182259,
          0.121902,
          -0.217012,
          0.005517,
          0.118809,
          -0.165539,
          -0.057822,
          -0.1336,
          -0.057472,
          0.144086,
          -0.133735,
          0.024586,
          -0.12973,
          0.085687,
          -0.080269,
          0.157662,
          0.095447,
          -0.219187,
          0.073056,
          0.045009,
          -0.111859,
          0.066968,
          -0.080341,
          0.008966,
          -0.073504,
          -0.070591,
          -0.131787,
          0.144509,
          -0.027923,
          0.071939,
          -0.046434,
          -0.001377,
          -0.194221,
          -0.001974,
          -0.002066,
          -0.154996,
          0.002241,
          0.030363,
          0.137337,
          -0.106229,
          -0.066583,
          -0.045221,
          -0.093288,
          -0.095746,
          -0.184726,
          0.132608,
          -0.239661,
          -0.182583,
          -0.138889,
          0.22529,
          -0.020728,
          -0.021645,
          -0.129305,
          -0.025399,
          -0.043605,
          -0.113191,
          -0.063551,
          0.035804,
          -0.045535,
          -0.031857,
          0.053036,
          -0.08775,
          -0.161362,
          0.054446,
          0.112489,
          -0.200065,
          0.068784,
          -0.147269,
          -0.145078,
          0.005801,
          0.019542,
          0.158662,
          0.15419,
          -0.136567,
          0.106288,
          0.166113,
          -0.054695,
          -0.054487,
          0.055568,
          -0.028235,
          0.111288,
          0.072938,
          0.113879,
          -0.240162,
          0.040481,
          -0.19374,
          0.011089,
          -0.04832,
          0.163863,
          0.12087,
          0.022656,
          -0.008237,
          0.020504,
          -0.178529,
          -0.175229,
          0.113878,
          0.114284,
          -0.104904,
          0.16612,
          0.111981,
          0.061213,
          -0.198712,
          -0.002791,
          0.069721,
          -0.22266,
          0.172201,
          -0.162146,
          0.17972,
          0.077998,
          0.209462,
          0.153235,
          0.151949,
          -0.126377,
          -0.111994,
          0.048828,
          0.087372,
          0.175327,
          -0.046839,
          0.092887,
          -0.148091,
          0.157709,
          -0.036178,
          -0.157965,
          -0.157847,
          -0.03132,
          0.03058,
          0.153071,
          -0.053926,
          0.158107,
          -0.116084,
          0.17523,
          -0.034039,
          0.160766,
          0.073766,
          -0.010641,
          0.042958,
          -0.053551,
          0.103797,
          0.139354,
          -0.166382,
          0.085946,
          0.159178,
          -0.001174,
          0.070449,
          0.028404,
          0.021471,
          -0.065575,
          0.00432,
          -0.100384,
          -0.195048,
          -0.110124,
          0.022129,
          0.056866,
          0.082782,
          0.005654,
          0.115965,
          0.214949,
          0.027298,
          0.030627,
          -0.142492,
          -0.001305,
          -0.021273,
          -0.049829,
          0.05517,
          0.058648,
          0.035971,
          0.098164,
          -0.144946,
          0.106521,
          -0.155241,
          -0.033943,
          -0.086445,
          -0.057262,
          -0.040778,
          -0.11795,
          -0.066262,
          0.139932,
          -0.124969,
          -0.212211,
          -0.178007,
          0.188108,
          0.088522,
          -0.090085,
          -0.104415,
          -0.209945,
          -0.075095,
          0.155577,
          -0.054964,
          -0.040898,
          -0.112816,
          -0.044847,
          -0.009646,
          0.109344,
          -0.181608,
          0.068735,
          0.015474,
          -0.185568,
          0.163613,
          -0.131746,
          -0.148196,
          -0.128671,
          0.018799,
          -0.169097,
          -0.143363,
          0.084518,
          0.013229,
          -0.028106,
          -0.01138,
          -0.188758,
          -0.109354,
          -0.007442,
          -0.155419,
          0.080971,
          0.144765,
          0.040012,
          -0.057042,
          -0.076748,
          -0.097902,
          -0.137995,
          0.123981,
          0.136288,
          0.108628,
          0.001559,
          -0.043756,
          0.038359,
          0.060323,
          0.158389,
          -0.04981,
          -0.041992,
          0.104275,
          -0.037926,
          -0.085703,
          0.086815,
          0.053495,
          0.086558,
          0.100082,
          -0.155351,
          -0.036495,
          -0.096401,
          -0.010416,
          0.149342,
          -0.077623,
          -0.160431,
          0.01479,
          0.166897,
          -0.134318,
          -0.097528,
          0.074631,
          0.187052,
          0.081272,
          -0.075635,
          0.119922,
          0.16289,
          0.037792,
          0.191782,
          -0.186434,
          0.19389,
          -0.076855,
          -0.103696,
          0.093642,
          0.190771,
          0.03078,
          -0.067383,
          0.185375,
          -0.197485,
          0.049083,
          0.163468,
          0.19796,
          -0.043402,
          0.195616,
          -0.105446,
          0.057294,
          -0.135145,
          0.047919,
          -0.018794,
          0.059833,
          0.0848,
          0.126776,
          0.104118,
          -0.038935,
          -0.123197,
          0.034799,
          -0.067168,
          0.148664,
          -0.082937,
          -0.109404,
          0.054044,
          -0.179858,
          -0.038574,
          0.192128,
          0.091268,
          0.195436,
          0.197404,
          0.083437,
          0.016856,
          -0.140785,
          -0.018499,
          -0.191223,
          0.087243,
          -0.177501,
          0.028917,
          -0.03112,
          0.057537,
          -0.092513,
          0.148237,
          0.032365,
          0.150822,
          -0.159401,
          -0.167986,
          -0.133378,
          0.091707,
          -0.038912,
          -0.067643,
          0.172717,
          -0.07051,
          -0.074954,
          0.018383,
          -0.018876,
          0.039136,
          -0.091665,
          -0.0219,
          -0.000611,
          -0.064675,
          -0.050332,
          0.039101,
          -0.128338,
          -0.1185,
          -0.035555,
          0.111513,
          -0.113971,
          0.12529,
          0.175375,
          -0.074033,
          -0.06243,
          -0.015068,
          -0.009923,
          -0.00068,
          0.060148,
          0.121351,
          -0.182102,
          0.158161,
          -0.11051,
          -0.191059,
          0.070681,
          0.016903,
          -0.029957,
          0.186928,
          -0.128244,
          -0.118347,
          0.014551,
          -0.054144,
          0.039049,
          -0.176364,
          0.189861,
          -0.001069,
          -0.116498,
          0.134456,
          0.169326,
          0.009194,
          -0.174685,
          -0.096475,
          -0.090525,
          -0.150998,
          -0.001234,
          -0.000447,
          0.158311,
          0.18603,
          -0.133675,
          -0.104203,
          0.082621,
          0.20149,
          0.136197,
          0.11242,
          0.079406,
          0.005845,
          0.018914,
          0.154413,
          -0.1375,
          0.175895,
          0.018632,
          -0.041958,
          0.03747,
          0.09034,
          0.036305,
          -0.015551,
          -0.128435,
          0.09781,
          0.12041,
          -0.067981,
          -0.17601,
          0.07189,
          -0.050366,
          -0.016547,
          0.074399,
          0.035433,
          0.059295,
          0.208886,
          0.145406,
          -0.138653,
          -0.036206,
          -0.190839,
          0.120611,
          0.0042,
          -0.187232,
          0.173315,
          -0.001602,
          -0.063805,
          -0.029873,
          -0.00987,
          0.046424,
          0.083689,
          0.140881,
          -0.090094,
          0.09275,
          0.054751,
          -0.029129,
          0.008954,
          -0.110541,
          0.108887,
          -0.202336,
          0.081202,
          -0.039355,
          0.002963,
          0.088331,
          -0.109547,
          -0.061716,
          -0.108471,
          0.144365,
          0.140259,
          0.052497,
          0.099039,
          -0.061417,
          -0.098671,
          -0.184177,
          -0.166417,
          -0.153439,
          0.14552,
          -0.096988,
          0.092774,
          -0.159854,
          0.16006,
          -0.00801,
          0.045082,
          -0.168138,
          -0.050585,
          0.173038,
          0.153198,
          -0.193883,
          0.204617,
          0.072732,
          0.136195,
          -0.012203,
          0.056226,
          0.14148,
          -0.125146,
          0.230499,
          -0.005415,
          -0.067665,
          -0.09681,
          0.073825,
          0.140559,
          -0.056283,
          -0.010564,
          0.040351,
          -0.011469,
          -0.160476,
          -0.179199,
          0.173079,
          0.169812,
          -0.117084,
          0.011697,
          0.111467,
          0.057546,
          0.189241,
          0.184521,
          0.005596,
          -0.182496,
          -0.254489,
          -0.121514,
          0.040587,
          -0.064821,
          -0.118763,
          -0.144597,
          0.036576,
          -0.059188,
          0.049286,
          -0.157298,
          -0.06835,
          0.192432,
          -0.029465,
          0.18628,
          -0.005547,
          0.17844,
          0.106018,
          0.143525,
          -0.023233,
          0.15882,
          -0.032255,
          -0.173873,
          0.07791,
          -0.18112,
          -0.074063,
          -0.191959,
          0.175022,
          -0.08141,
          -0.01844,
          -0.097413,
          -0.070166,
          -0.085715,
          -0.015584,
          -0.019601,
          -0.08902,
          -0.187975,
          0.173531,
          -0.145348,
          -0.090755,
          -0.166981,
          0.053779,
          -0.035778,
          0.034736,
          0.081088,
          0.230102,
          0.140757,
          0.197632,
          0.182323,
          -0.049319,
          0.031609,
          -0.139442,
          0.138968,
          0.072586,
          0.011729,
          0.148008,
          -0.193139,
          -0.117764,
          -0.10235,
          0.207103,
          0.057035,
          -0.191826,
          -0.004849,
          0.082872,
          -0.068684,
          -0.041234,
          -0.037128,
          -0.054265,
          -0.158577,
          0.0601,
          0.027062,
          0.160636,
          -0.177086,
          -0.072445,
          0.114029,
          0.143574,
          -0.093928,
          0.267192,
          -0.179128,
          -0.121055,
          0.148304,
          -0.104635,
          0.10414,
          -0.032548,
          0.038299,
          -0.191293,
          -0.088812,
          0.147484,
          -0.116291,
          -0.179197,
          -0.06201,
          0.012248,
          0.070898,
          0.116859,
          -0.054482,
          -0.164256,
          -0.167913,
          -0.168538,
          0.146566,
          0.152339,
          0.04993,
          -0.131268,
          0.129208,
          -0.099943,
          0.069596,
          0.168027,
          -0.164463,
          -0.076786,
          0.021504,
          0.145835,
          0.047107,
          -0.120752,
          0.033761,
          0.049572,
          -0.148586,
          0.066364,
          0.150691,
          0.04705,
          0.188649,
          -0.08232,
          -0.092099,
          -0.101836,
          0.16928,
          0.094077,
          -0.12901,
          0.061964,
          0.099506,
          -0.074204,
          -0.068192,
          0.164458,
          0.205807,
          0.084196,
          0.098302,
          0.017445,
          -0.037963,
          0.071364,
          -0.115247,
          -0.025783,
          0.059961,
          0.005536,
          0.089431,
          -0.125841,
          0.149026,
          0.02535,
          0.093097,
          0.210522,
          0.028505,
          0.15207,
          -0.168841,
          0.188572,
          -0.036278,
          -0.082235,
          0.145429,
          -0.114313,
          -0.085972,
          0.02488,
          0.012322,
          0.046591,
          0.14302,
          0.016896,
          -0.057081,
          -0.219034,
          0.183654,
          -0.09337,
          -0.003164,
          0.118664,
          -0.12276,
          -0.058663,
          -0.104521,
          -0.076096,
          -0.053147,
          -0.12111,
          -0.104841,
          -0.109326,
          0.084041,
          -0.03103,
          0.224099,
          -0.04866,
          -0.075593,
          -0.200551,
          -0.159347,
          0.032606,
          0.097874,
          0.057484,
          -0.037421,
          -0.068913,
          -0.011108,
          0.100861,
          -0.096549,
          0.025917,
          -0.137266,
          -0.184947,
          -0.134093,
          -0.156054,
          0.199466,
          0.055366,
          0.123168,
          0.021514,
          0.12218,
          0.049711,
          0.150661,
          0.063229,
          -0.093534,
          -0.147038,
          -0.130668,
          0.019488,
          -0.013733,
          -0.150951,
          0.209645,
          -0.140374,
          0.137759,
          0.039877,
          -0.10653,
          -0.239104,
          -0.10104,
          0.174078,
          0.162687,
          0.018721,
          0.044227,
          0.112501,
          0.032673,
          0.143643,
          0.130216,
          0.027453,
          0.171912,
          0.040789,
          0.073766,
          0.077442,
          0.0212,
          0.029229,
          -0.241107,
          -0.102262,
          0.063762,
          0.047046,
          -0.164834,
          -0.132199,
          0.015152,
          -0.110159,
          -0.052246,
          0.130941,
          0.021353,
          -0.106022,
          -0.121089,
          0.092542,
          -0.029115,
          -0.123111,
          0.215967,
          0.123158,
          0.144608,
          -0.020326,
          -0.115583,
          0.161325,
          -0.078887,
          0.062386,
          0.153848,
          0.09034,
          -0.10734,
          -0.069472,
          -0.025385,
          -0.176566,
          0.023855,
          -0.010071,
          0.073742,
          0.022427,
          0.142202,
          -0.025914,
          -0.094123,
          0.189583,
          -0.20933,
          -0.07526,
          -0.108004,
          -0.133253,
          -0.111766,
          -0.071411,
          0.219735,
          -0.11626,
          -0.173887,
          -0.261483,
          0.051951,
          0.155559,
          0.197059,
          -0.119461,
          0.20092,
          -0.086808,
          0.170028,
          -0.043504,
          -0.1523,
          -0.180888,
          0.106129,
          0.061714,
          -0.005135,
          -0.235296,
          0.02921,
          -0.119234,
          0.151534,
          -0.188787,
          -0.119141,
          -0.221673,
          -0.009357,
          0.041343,
          -0.067094,
          -0.099609,
          0.116518,
          -0.017971,
          -0.139576,
          0.108007,
          0.131047,
          -0.159149,
          -0.102051,
          -0.094803,
          0.035835,
          -0.200025,
          0.01197,
          0.113358,
          -0.158946,
          0.162548,
          0.043462,
          -0.032037,
          -0.093035,
          -0.150528,
          0.202957,
          -0.15291,
          -0.154244,
          0.07781,
          -0.026147,
          0.070512,
          0.068859,
          0.037338,
          0.133586,
          0.040979,
          -0.02639,
          0.13968,
          -0.054474,
          -0.069279,
          0.066681,
          0.129751,
          -0.06786,
          0.122693,
          0.154275,
          -0.054551,
          -0.065088,
          -0.169037,
          -0.081634,
          0.095435,
          -0.143968,
          0.040471,
          0.070987,
          0.003496,
          0.08154,
          -0.03053,
          0.002916,
          0.092822,
          0.200524,
          -0.082336,
          0.180855,
          -0.026139,
          0.110697,
          -0.002251,
          0.050332,
          -0.05778,
          0.007997,
          -0.127416,
          -0.029278,
          0.096025,
          -0.167086,
          -0.033911,
          0.169659,
          0.055166,
          -0.187318,
          0.116472,
          0.14669,
          -0.149308,
          -0.142078,
          -0.115149,
          0.05335,
          0.105345,
          -0.01045,
          0.027176,
          -0.140705,
          0.079566,
          -0.185015,
          -0.185035,
          0.029982,
          0.198766,
          -0.055359,
          0.1452,
          0.073646,
          -0.186925,
          0.085438,
          -0.11524,
          -0.04967,
          0.115621,
          -0.153594,
          -0.005786,
          -0.014325,
          0.044073,
          0.021733,
          0.081233,
          0.017246,
          0.076234,
          0.229298,
          -0.148387,
          -0.008797,
          -0.151777,
          0.173007,
          0.189967,
          -0.006939,
          -0.030915,
          -0.145319,
          0.002147,
          0.18823,
          0.070914,
          0.195324,
          -0.182853,
          0.187526,
          -0.165133,
          0.094398,
          -0.143275,
          0.039594,
          0.104781,
          0.008967,
          0.050575,
          -0.148927,
          -0.039965,
          0.073459,
          -0.074491,
          -0.152397,
          0.213662,
          -0.076104,
          0.030852,
          0.152517,
          0.084233,
          -0.127775,
          -0.0481,
          -0.154586,
          0.19298,
          -0.124973,
          -0.093528,
          -0.129076,
          -0.103624,
          0.20494,
          0.12284,
          0.038187,
          -0.213231,
          0.14906,
          -0.071293,
          0.011326,
          -0.102231,
          -0.098282,
          0.079495,
          -0.034821,
          -0.126412,
          -0.072775,
          0.007662,
          -0.165673,
          -0.051441,
          -0.116406,
          -0.038425,
          -0.061785,
          -0.178262,
          0.014743,
          -0.094826,
          -0.089271,
          0.125579,
          0.142462,
          -0.084308,
          0.241085,
          -0.205188,
          0.218466,
          0.232302,
          -0.079194,
          0.100803,
          0.035358,
          -0.045416,
          -0.032873,
          0.167484,
          0.145545,
          -0.128109,
          0.050131,
          0.131281,
          0.225234,
          -0.034021,
          -0.013394,
          0.163999,
          0.107462,
          0.028966,
          0.05373,
          -0.017623,
          0.159494,
          -0.005418,
          -0.085294,
          0.105682,
          0.118976,
          -0.14122,
          0.129993,
          0.100788,
          -0.012075,
          -0.088226,
          0.14373,
          -0.228376,
          0.132064,
          -0.073482,
          -0.065593,
          -0.118525,
          0.063772,
          -0.180201,
          0.164659,
          -0.116847,
          0.055979,
          -0.179125,
          0.081145,
          -0.004531,
          0.181703,
          0.021243,
          -0.014507,
          0.137859,
          0.082524,
          0.161958,
          -0.036301,
          -0.096893,
          -0.002626,
          0.082731,
          0.083047,
          0.136945,
          -0.173047,
          -0.134458,
          0.028316,
          -0.153893,
          0.108497,
          0.183417,
          0.048979,
          -0.061213,
          0.173835,
          0.095665,
          0.184085,
          0.164564,
          0.048411,
          0.167741,
          0.141504,
          -0.224758,
          0.044644,
          -0.06606,
          -0.064403,
          -0.080516,
          -0.169558,
          -0.172268,
          0.075489,
          0.21781,
          -0.018088,
          0.044185,
          0.1184,
          0.028671,
          -0.040427,
          0.101821,
          0.079257,
          -0.067277,
          -0.159381,
          -0.100133,
          -0.170958,
          -0.017592,
          0.255279,
          0.122361,
          0.170183,
          -0.127455,
          -0.060805,
          0.007592,
          0.057759,
          -0.111549,
          0.126703,
          0.214351,
          -0.037205,
          -0.082754,
          0.157181,
          -0.023122,
          -0.054917,
          -0.046212,
          0.22474,
          0.096352,
          -0.018079,
          -0.171906,
          -0.00327,
          0.11135,
          -0.076294,
          -0.186903,
          -0.013465,
          -0.066099,
          -0.136087,
          -0.1539,
          -0.043229,
          0.026191,
          -0.155084,
          -0.024448,
          0.138048,
          -0.103475,
          0.12557,
          -0.053985,
          -0.049764,
          -0.129908,
          -0.039228,
          -0.104021,
          0.165466,
          -0.060388,
          -0.001528,
          0.014896,
          0.188336,
          0.214866,
          0.136695,
          0.006461,
          0.179684,
          -0.193497,
          -0.039859,
          -0.049107,
          -0.042774,
          0.150617,
          -0.021628,
          -0.042045,
          0.083368,
          -0.078976,
          -0.06965,
          0.145142,
          0.036014,
          0.095398,
          0.112266,
          -0.097971,
          0.160534,
          -0.015499,
          0.096372,
          0.048632,
          -0.032267,
          0.071716,
          -0.154486,
          -0.072898,
          0.071072,
          0.164769,
          -0.095088,
          0.171436,
          0.067971,
          -0.090154,
          0.193228,
          0.080991,
          -0.052585,
          -0.091107,
          0.069755,
          0.12712,
          -0.018075,
          -0.09211,
          0.042878,
          -0.14533,
          -0.135601,
          -0.101566,
          -0.138269,
          -0.061758,
          0.186391,
          -0.003093,
          -0.136985,
          0.064252,
          0.033656,
          0.07494,
          0.129764,
          -0.143002,
          -0.138317,
          -0.192349,
          0.047388,
          -0.173917,
          0.044566,
          -0.017123,
          -0.18325,
          -0.125181,
          -0.106916,
          -0.062298,
          0.122607,
          0.153464,
          0.083114,
          -0.074228,
          -0.063849,
          0.053154,
          0.107545,
          0.038106,
          -0.048413,
          0.169249,
          -0.057176,
          -0.242471,
          -0.20812,
          -0.001795,
          -0.181337,
          0.144203,
          -0.033706,
          0.003622,
          0.157957,
          0.066114,
          -0.028105,
          -0.15605,
          0.137555,
          0.159768,
          0.084676,
          0.067037,
          -0.077662,
          0.166467,
          -0.109987,
          0.005429,
          0.129925,
          -0.184534,
          -0.078059,
          0.056831,
          0.153493,
          0.157102,
          0.058337,
          0.101837,
          -0.014569,
          0.149566,
          -0.122716,
          -0.133753,
          -0.022165,
          -0.11117,
          0.011023,
          0.110934,
          0.139564,
          0.174492,
          -0.095203,
          -0.010523,
          0.093807,
          -0.053622,
          -0.098252,
          0.090305,
          -0.069138,
          0.072002,
          0.092029,
          0.016774,
          0.067511,
          -0.062019,
          -0.140366,
          -0.14412,
          -0.025156,
          0.181091,
          0.208322,
          0.105723,
          0.030528,
          0.014348,
          0.047537,
          -0.002179,
          0.15431,
          0.157326,
          0.141261,
          -0.002054,
          0.046169,
          0.018568,
          -0.138818,
          -0.016103,
          -0.01314,
          0.1426,
          0.096784,
          -0.138401,
          0.015565,
          0.079745,
          -0.070554,
          -0.111087,
          0.105041,
          -0.122561,
          -0.183564,
          -0.100881,
          -0.028684,
          0.156999,
          0.031733,
          -0.048524,
          -0.191399,
          -0.123301,
          0.131592,
          0.169634,
          -0.111462,
          0.162844,
          0.199054,
          0.010048,
          0.118937,
          -0.089092,
          -0.02509,
          -0.041968,
          -0.003238,
          -0.04896,
          -0.192444,
          -0.027883,
          -0.026762,
          -0.191531,
          0.101363,
          -0.024102,
          0.181229,
          0.165921,
          -0.043516,
          -0.043609,
          -0.051212,
          0.206408,
          -0.190094,
          -0.08536,
          0.147652,
          -0.08768,
          -0.128352,
          -0.080769,
          -0.045014,
          0.182172,
          0.054598,
          0.213395,
          0.091911,
          -0.105113,
          -0.123155,
          0.138218,
          0.05284,
          -0.16832,
          0.007299,
          0.013455,
          0.191488,
          -0.015789,
          0.058231,
          -0.128038,
          0.190559,
          0.079289,
          0.198867,
          0.179145,
          -0.140218,
          -0.06271,
          0.096762,
          -0.146555,
          0.063194,
          0.038055,
          -0.0622,
          0.192843,
          -0.211283,
          0.168185,
          -0.097197,
          -0.064113,
          -0.105514,
          0.049397,
          -0.081193,
          -0.164689,
          -0.052707,
          -0.046154,
          0.025915,
          0.096216,
          0.041325,
          0.111804,
          -0.162526,
          -0.212162,
          0.004393,
          0.17219,
          0.071015,
          -0.025303,
          0.023715,
          0.074883,
          -0.152423,
          -0.122872,
          0.167389,
          0.131251,
          0.079883,
          0.030074,
          0.173087,
          0.039858,
          0.031906,
          0.131608,
          0.188839,
          -0.185976,
          0.088413,
          -0.153235,
          -0.103826,
          0.119367,
          0.173788,
          -0.097331,
          -0.09831,
          0.140785,
          0.162562,
          -0.082507,
          -0.034781,
          0.028696,
          -0.073786,
          0.021241,
          0.080146,
          0.095535,
          -0.064152,
          0.122389,
          -0.092077,
          -0.077137,
          -0.110693,
          -0.089955,
          0.170305,
          0.178693,
          0.104872,
          -0.088682,
          0.080147,
          -0.120238,
          0.084917,
          -0.133886,
          0.069246,
          -0.102946,
          0.0143,
          -0.045632,
          0.01137,
          -0.084504,
          -0.075221,
          0.177259,
          0.106109,
          0.092692,
          -0.011425,
          -0.086863,
          0.048651,
          0.112323,
          -0.101959,
          0.063712,
          -0.000359,
          -0.07192,
          -0.119414,
          0.084882,
          -0.008988,
          0.048943,
          -0.04046,
          -0.04652,
          -0.027006,
          0.186086,
          0.049335,
          -0.061937,
          0.008994,
          -0.088757,
          0.197764,
          -0.09199,
          0.212196,
          0.014368,
          0.112003,
          0.09121,
          -0.086272,
          -0.092151,
          -0.106215,
          -0.047051,
          -0.185353,
          -0.098882,
          0.077475,
          0.142739,
          -0.088625,
          0.134025,
          0.058428,
          0.194448,
          0.028007,
          -0.075073,
          0.161891,
          0.049931,
          0.047188,
          -0.048936,
          0.011723,
          0.012429,
          -0.093865,
          -0.120556,
          -0.132435,
          -0.149368,
          -0.193501,
          -0.08635,
          0.129337,
          -0.186315,
          -0.105366,
          0.18984,
          -0.139603,
          -0.07455,
          0.152275,
          0.205696,
          -0.063935,
          -0.00194,
          -0.078173,
          -0.162753,
          0.004154,
          0.037316,
          -0.180933,
          -0.125249,
          -0.106009,
          -0.09373,
          0.018233,
          -0.263739,
          -0.128894,
          -0.117521,
          -0.074645,
          0.002413,
          -0.106808,
          0.017582,
          0.140618,
          -0.166764,
          0.104195,
          -0.186872,
          -0.036255,
          0.158283,
          -0.055323,
          0.075277,
          0.091931,
          -0.026055,
          -0.116651,
          0.121561,
          0.025486,
          -0.101347,
          -0.05476,
          -0.144511,
          -0.015592,
          0.040242,
          -0.061948,
          0.154147,
          -0.103288,
          -0.068047,
          0.054904,
          0.13347,
          0.140963,
          0.163846,
          0.087398,
          -0.050992,
          -0.096289,
          -0.053481,
          0.152245,
          0.080305,
          -0.173111,
          0.052219,
          -0.139266,
          0.177411,
          -0.184528,
          -0.038331,
          -0.189608,
          -0.232628,
          0.148592,
          -0.168368,
          0.121826,
          0.126722,
          -0.115591,
          -0.012543,
          0.046511,
          0.006917,
          -0.012462,
          0.10533,
          0.110438,
          -0.108294,
          -0.170594,
          -0.066821,
          0.092985,
          0.115673,
          0.075442,
          -0.145297,
          -0.145772,
          -0.170819,
          -0.131937,
          0.239254,
          -0.001108,
          -0.178702,
          -0.016758,
          -0.176041,
          0.067954,
          -0.011907,
          0.028901,
          0.022774,
          0.049114,
          0.025482,
          -0.076551,
          0.099823,
          -0.103041,
          -0.045978,
          0.106434,
          0.125068,
          0.157012,
          -0.197717,
          -0.116116,
          0.119451,
          0.093497,
          -0.112293,
          0.117644,
          -0.198869,
          -0.062641,
          0.003418,
          0.096705,
          -0.243595,
          -0.146563,
          0.002217,
          -0.065033,
          0.166802,
          -0.077081,
          -0.105443,
          0.179953,
          -0.037862,
          -0.123413,
          0.180312,
          -0.059082,
          0.016672,
          0.047546,
          -0.218777,
          -0.162302,
          0.098907,
          0.083534,
          0.052484,
          0.083789,
          -0.105999,
          -0.077274,
          -0.098023,
          -0.191354,
          -0.08766,
          -0.170602,
          0.031284,
          -0.200637,
          -0.057054,
          -0.040675,
          0.002918,
          -0.192657,
          -0.203805,
          -0.15386,
          -0.173857,
          -0.038032,
          -0.018442,
          0.089566,
          0.146425,
          0.019018,
          -0.145308,
          0.057835,
          0.052297,
          0.024799,
          0.096241,
          -0.136391,
          0.056366,
          -0.182818,
          -0.040624,
          0.074292,
          0.114146,
          0.169285,
          0.114904,
          0.115727,
          0.167596,
          -0.044987,
          0.173919,
          0.118244,
          0.129643,
          0.002778,
          0.13418,
          -0.091377,
          -0.029562,
          -0.04262,
          -0.26032,
          -0.027911,
          0.074969,
          -0.163373,
          0.068566,
          -0.038239,
          -0.000526,
          -0.132693,
          -0.155714,
          0.029213,
          -0.134781,
          -0.165009,
          0.207286,
          0.02472,
          0.04869,
          0.12804,
          -0.16382,
          0.200764,
          0.149871,
          0.20477,
          0.161944,
          -0.08335,
          -0.053256,
          0.053212,
          -0.005596,
          -0.06487,
          -0.130861,
          -0.090956,
          0.039911,
          -0.062372,
          0.155799,
          -0.003765,
          -0.025726,
          -0.17148,
          -0.002672,
          0.051715,
          0.168126,
          -0.004282,
          0.008636,
          -0.004193,
          0.189981,
          -0.090085,
          -0.045503,
          -0.115968,
          0.134873,
          0.115293,
          -0.086282,
          0.120137,
          0.00585,
          0.134002,
          0.038816,
          -0.115283,
          0.125372,
          -0.120304,
          0.105962,
          0.067019,
          0.212951,
          0.121014,
          0.169812,
          -0.059993,
          -0.152898,
          0.174283,
          0.133671,
          -0.023368,
          0.058638,
          -0.194533,
          0.067988,
          -0.117899,
          -0.093419,
          0.119695,
          0.193356,
          -0.232683,
          -0.091695,
          -0.087556,
          0.212448,
          0.1555,
          -0.03197,
          0.005073,
          0.088044,
          -0.046592,
          0.112402,
          0.131839,
          -0.057069,
          0.046071,
          0.224814,
          -0.085413,
          0.092549,
          0.155012,
          0.130525,
          0.202103,
          0.093975,
          0.014004,
          -0.059024,
          0.054265,
          0.117008,
          -0.129102,
          0.165592,
          0.056017,
          -0.054962,
          0.084813,
          0.005128,
          0.023489,
          0.179407,
          0.155834,
          -0.022116,
          0.127905,
          -0.157023,
          -0.086595,
          -0.066793,
          -0.003616,
          0.065033,
          0.14628,
          -0.130561,
          -0.032599,
          0.037643,
          -0.011451,
          -0.126957,
          0.150125,
          -0.095329,
          0.15939,
          -0.020363,
          -0.051471,
          0.029942,
          0.096443,
          0.094595,
          0.114504,
          0.129812,
          0.076994,
          -0.164708,
          -0.030194,
          -0.163495,
          -0.00047,
          -0.142396,
          0.05485,
          -0.029442,
          0.11964,
          -0.102462,
          0.143052,
          -0.018234,
          -0.118443,
          0.090452,
          -0.032136,
          -0.079954,
          -0.151177,
          0.117386,
          0.030073,
          -0.000132,
          0.087377,
          0.147487,
          0.187061,
          0.158524,
          0.045088,
          -0.024899,
          0.008963,
          0.097883,
          0.018221,
          0.048331,
          0.164276,
          0.095363,
          0.199953,
          0.172489,
          -0.198182,
          -0.160322,
          -0.206685,
          0.134642,
          -0.210958,
          -0.171955,
          -0.164129,
          0.095166,
          0.119676,
          0.112517,
          0.033447,
          -0.064271,
          -0.165805,
          -0.216203,
          -0.0965,
          -0.100692,
          -0.142005,
          -0.201379,
          -0.072156,
          -0.09485,
          0.188301,
          0.126393,
          -0.149151,
          0.198104,
          -0.044607,
          -0.076625,
          0.158223,
          0.13952,
          0.05942,
          -0.059263,
          -0.064804,
          -0.096017,
          -0.129774,
          0.198232,
          -0.128679,
          -0.117148,
          0.115637,
          0.087349,
          -0.196048,
          0.054608,
          -0.149932,
          0.139727,
          -0.033308,
          0.077628,
          -0.161888,
          -0.043561,
          -0.17363,
          -0.012321,
          0.133439,
          0.078823,
          -0.065006,
          0.032907,
          0.148413,
          -0.157715,
          -0.14233,
          -0.182481,
          -0.097577,
          0.103637,
          0.158925,
          0.081829,
          0.089121,
          -0.02713,
          -0.227874,
          -0.032553,
          0.032861,
          0.005366,
          -0.136792,
          0.163649,
          0.125941,
          -0.047226,
          0.141198,
          0.173761,
          -0.107426,
          -0.033082,
          0.157401,
          0.000112,
          -0.066215,
          -0.125221,
          0.163573,
          -0.075336,
          0.197414,
          0.001947,
          0.018309,
          0.037019,
          -0.106156,
          0.158165,
          0.136434,
          -0.108628,
          -0.122076,
          0.071868,
          0.162662,
          -0.077955,
          -0.050049,
          0.150942,
          -0.008122,
          0.181219,
          0.133469,
          -0.090497,
          -0.092084,
          0.024639,
          -0.14143,
          -0.042462,
          -0.039242,
          0.019642,
          0.071244,
          0.070315,
          -0.086383,
          0.196393,
          -0.135609,
          0.03279,
          0.189563,
          0.214982,
          0.117129,
          0.135981,
          0.041333,
          0.10475,
          0.19488,
          -0.164996,
          0.030951,
          0.067557,
          0.128427,
          -0.092274,
          -0.118679,
          0.041973,
          0.03727,
          -0.015344,
          0.080231,
          0.208873,
          -0.115844,
          0.195147,
          0.126353,
          0.193165,
          -0.190715,
          0.152268,
          -0.094928,
          0.179802,
          0.053415,
          0.024957,
          -0.108927,
          -0.090251,
          0.07882,
          -0.136551,
          -0.13684,
          0.138249,
          -0.044747,
          -0.132143,
          -0.070176,
          -0.26445,
          0.174752,
          0.130551,
          -0.118029,
          -0.024858,
          -0.099517,
          0.019304,
          -0.026333,
          -0.114731,
          0.073798,
          -0.003768,
          -0.173422,
          0.033639,
          -0.014456,
          -0.063473,
          0.112353,
          0.028491,
          0.154433,
          0.110751,
          -0.097596,
          0.046484,
          0.077319,
          0.06154,
          0.069829,
          -0.130686,
          0.043244,
          0.025459,
          -0.097448,
          0.109372,
          -0.006102,
          -0.0642,
          -0.180277,
          0.026336,
          -0.162933,
          0.110037,
          0.10064,
          0.047496,
          0.072225,
          0.015692,
          0.156669,
          -0.000979,
          0.031352,
          0.001974,
          0.188514,
          0.186264,
          0.134807,
          0.099683,
          0.100568,
          -0.131775,
          -0.182832,
          0.059719,
          -0.026091,
          0.166737,
          -0.004287,
          -0.095722,
          0.146364,
          -0.110336,
          0.060633,
          -0.052701,
          -0.178219,
          -0.080297,
          -0.197136,
          -0.010445,
          -0.038664,
          0.030158,
          -0.100168,
          -0.06997,
          0.118774,
          0.062247,
          -0.007087,
          -0.085448,
          -0.039417,
          0.031104,
          0.16618,
          -0.041642,
          0.027107,
          -0.154868,
          -0.114336,
          0.069634,
          0.071038,
          0.112159,
          0.078124,
          -0.228299,
          0.09169,
          0.021123,
          -0.109233,
          -0.009209,
          0.051836,
          0.115064,
          0.128755,
          -0.055292,
          0.170775,
          0.192839,
          0.180893,
          -0.117704,
          -0.038934,
          0.05201,
          0.029899,
          -0.054419,
          -0.03565,
          -0.016461,
          -0.105664,
          0.025422,
          -0.046474,
          0.113034,
          -0.165253,
          -0.029122,
          0.072914,
          -0.096019,
          0.098008,
          -0.026885,
          -0.167162,
          0.135189,
          0.015732,
          -0.142235,
          0.042382,
          -0.194106,
          0.028851,
          -0.158138,
          0.164098,
          0.23023,
          0.103046,
          -0.023263,
          0.040875,
          -0.163623,
          0.171896,
          -0.189666,
          0.141641,
          0.047654,
          0.086053,
          -0.152199,
          -0.151193,
          -0.075531,
          -0.172717,
          0.069611,
          0.135165,
          -0.136508,
          -0.145189,
          -0.186794,
          0.190702,
          0.100471,
          -0.151778,
          0.169773,
          0.073907,
          0.128114,
          -0.161125,
          -0.149186,
          -0.060643,
          -0.118508,
          -0.043973,
          -0.12748,
          -0.166739,
          0.002271,
          0.043038,
          0.042486,
          0.011824,
          -0.033696,
          -0.191106,
          0.163533,
          -0.193726,
          0.013906,
          -0.16242,
          0.038806,
          -0.059826,
          -0.160023,
          -0.087573,
          -0.198274,
          0.161658,
          -0.131969,
          -0.043797,
          -0.142529,
          -0.078804,
          -0.21769,
          -0.144205,
          0.190702,
          0.051,
          0.086232,
          0.060982,
          0.193179,
          -0.181451,
          -0.061006,
          0.201024,
          -0.068909,
          -0.163832,
          -0.206669,
          0.200601,
          -0.017717,
          0.171271,
          -0.024177,
          -0.075328,
          0.033872,
          -0.14143,
          -0.122185,
          -0.164827,
          -0.122431,
          -0.025545,
          0.082641,
          0.1286,
          0.029447,
          -0.061184,
          0.028084,
          0.115185,
          -0.044755,
          0.051353,
          -0.087065,
          0.060469,
          -0.096042,
          0.00828,
          0.1276,
          0.014436,
          -0.152437,
          -0.072297,
          -0.081088,
          0.154961,
          0.088846,
          -0.112371,
          0.176741,
          -0.015741,
          -0.077844,
          -0.198319,
          -0.037078,
          -0.13916,
          -0.108406,
          0.150802,
          0.124556,
          -0.140073,
          -0.104515,
          0.16354,
          -0.05746,
          0.123448,
          -0.195873,
          -0.201282,
          0.046196,
          -0.1175,
          -0.153467,
          0.103556,
          0.067924,
          0.084621,
          -0.100473,
          0.044372,
          -0.025748,
          0.165224,
          -0.033022,
          -0.213059,
          0.09178,
          0.016754,
          -0.000919,
          -0.03209,
          -0.146892,
          0.117393,
          -0.021961,
          0.057431,
          -0.206972,
          -0.09521,
          0.097515,
          -0.183068,
          -0.099404,
          0.196719,
          -0.07306,
          0.01722,
          0.11862,
          -0.12709,
          -0.186887,
          -0.138254,
          0.14836,
          0.145415,
          0.031473,
          0.120842,
          -0.192002,
          -0.071102,
          -0.133919,
          0.059259,
          0.188019,
          -0.120587,
          -0.003631,
          -0.053952,
          -0.073804,
          -0.095282,
          0.083584,
          -0.22583,
          -0.081658,
          0.08439,
          -0.160249,
          -0.171476,
          0.03273,
          -0.175328,
          7e-05,
          -0.036458,
          0.149341,
          -0.051862,
          -0.21267,
          -0.017264,
          -0.166664,
          0.121746,
          -0.037437,
          0.059232,
          -0.114218,
          0.133982,
          0.128226,
          0.181899,
          -0.0097,
          0.067413,
          0.041111,
          -0.145,
          0.090999,
          -0.161645,
          -0.13083,
          -0.028647,
          -0.110254,
          0.108537,
          0.141822,
          0.112779,
          0.097871,
          -0.186786,
          0.137938,
          0.054839,
          -0.073396,
          0.016117,
          -0.16474,
          -0.037322,
          0.026089,
          0.060046,
          0.086086,
          0.110412,
          0.135809,
          -0.117369,
          -0.132019,
          -0.039076,
          -0.143968,
          -0.026933,
          0.074841,
          -0.172859,
          0.160427,
          0.124387,
          0.15851,
          -0.002683,
          -0.178617,
          -0.094507,
          0.07166,
          -0.081871,
          0.010653,
          0.111581,
          -0.019072,
          0.006488,
          -0.014539,
          -0.210187,
          -0.03979,
          -0.133053,
          -0.097323,
          -0.092289,
          -0.141477,
          0.105654,
          0.108143,
          -0.136478,
          -0.145548,
          -0.011237,
          0.095295,
          0.126198,
          -0.040309,
          -0.115605,
          0.034399,
          -0.004867,
          0.132974,
          -0.017045,
          0.046762,
          0.158097,
          0.151299,
          -0.131457,
          -0.038626,
          -0.085022,
          -0.038924,
          -0.150578,
          -0.057242,
          0.030711,
          -0.163697,
          0.035036,
          0.128982,
          -0.061181,
          -0.185759,
          0.12096,
          -0.129008,
          -0.037729,
          0.072896,
          -0.008091,
          0.028211,
          -0.070999,
          -0.111309,
          -0.069898,
          0.131236,
          -0.078685,
          -0.139719,
          0.14585,
          -0.134418,
          0.111788,
          -0.075044,
          -0.111128,
          -0.098742,
          0.13917,
          0.170689,
          -0.015538,
          0.083562,
          -0.088175,
          0.154696,
          0.029008,
          0.218469,
          0.063653,
          0.116892,
          -0.025857,
          0.072321,
          -0.118295,
          -0.194408,
          0.111653,
          -0.132151,
          0.065738,
          0.062568,
          -0.202759,
          0.118436,
          0.11443,
          0.058712,
          0.097258,
          -0.054249,
          0.178989,
          -0.132121,
          -0.115366,
          0.192781,
          -0.020726,
          -0.010807,
          -0.180307,
          -0.211729,
          0.182588,
          0.138938,
          -0.054386,
          0.022004,
          -0.099632,
          0.02354,
          -0.03631,
          0.122952,
          -0.168042,
          -0.122747,
          0.128954,
          -0.083047,
          0.153296,
          -0.143802,
          -0.031579,
          0.002882,
          0.068053,
          -0.171379,
          0.08073,
          0.0233,
          0.160655,
          -0.081051,
          0.166038,
          0.093353,
          -0.113459,
          0.052201,
          -0.002098,
          -0.030506,
          -0.133881,
          -0.091794,
          0.152084,
          0.063783,
          -0.161909,
          0.202364,
          0.110716,
          0.195222,
          -0.102737,
          0.050997,
          -0.040738,
          0.187513,
          0.106047,
          -0.169549,
          0.060177,
          -0.040644,
          -0.14795,
          0.078869,
          -0.001547,
          0.089783,
          0.123694,
          0.160056,
          -0.008059,
          0.101649,
          -0.109306,
          -0.029971,
          0.229796,
          0.078233,
          0.036481,
          0.006452,
          -0.019318,
          0.000872,
          0.063964,
          0.171818,
          -0.05459,
          -0.003821,
          0.133087,
          0.101288,
          0.076555,
          0.013297,
          0.099322,
          0.085155,
          -0.202953,
          0.098815,
          -0.03143,
          -0.122478,
          -0.092815,
          -0.111337,
          0.106204,
          0.045013,
          -0.066237,
          -0.005353,
          -0.206286,
          -0.084227,
          0.149278,
          -0.000849,
          0.005085,
          0.052497,
          0.142876,
          -0.095384,
          0.008515,
          -0.031668,
          -0.207967,
          -0.17331,
          -0.104637,
          0.145539,
          -0.141854,
          -0.216572,
          -0.153511,
          -0.187084,
          0.129096,
          0.043874,
          -0.021568,
          -0.088498,
          0.013974,
          0.198315,
          0.062995,
          -0.098189,
          0.061767,
          0.144703,
          -0.221021,
          -0.00735,
          0.063345,
          0.014628,
          0.119632,
          -0.096547,
          -0.006782,
          -0.10932,
          -0.180055,
          -0.197361,
          0.211561,
          -0.157558,
          0.025549,
          0.08911,
          0.12934,
          0.196554,
          0.051294,
          -0.069971,
          0.069384,
          0.037701,
          0.082047,
          -0.059962,
          -0.005534,
          0.062083,
          0.089763,
          -0.028113,
          0.171991,
          -0.136431,
          -0.129511,
          0.017754,
          0.073448,
          -0.052181,
          0.072758,
          -0.182203,
          0.104399,
          -0.156105,
          0.03773,
          0.081347,
          -0.107554,
          0.169728,
          -0.11181,
          -0.084681,
          -0.018233,
          0.03415,
          0.162422,
          0.10796,
          0.029591,
          -0.041705,
          0.038204,
          0.130932,
          -0.007449,
          0.043477,
          -0.108267,
          0.006243,
          -0.132474,
          0.160794,
          0.162479,
          0.191777,
          0.077268,
          -0.008059,
          -0.136729,
          0.087426,
          0.080612,
          -0.151575,
          0.236552,
          0.11234,
          -0.143781,
          0.026024,
          0.062702,
          -0.049574,
          -0.069765,
          0.046327,
          -0.050608,
          -0.036633,
          0.078048,
          -0.111704,
          -0.0652,
          -0.112495,
          -0.04416,
          0.072488,
          0.162878,
          0.051029,
          0.176838,
          0.001987,
          -0.037851,
          -0.0603,
          0.061454,
          0.183405,
          0.00377,
          0.077151,
          0.1084,
          0.054442,
          0.004963,
          -0.073354,
          0.094737,
          -0.002863,
          -0.018366,
          -0.175306,
          0.012876,
          -0.049252,
          0.056099,
          0.034608,
          -0.180739,
          0.111218,
          0.1462,
          0.045653,
          0.08476,
          0.144935,
          0.077964,
          0.114089,
          0.024683,
          -0.020969,
          -0.102084,
          -0.080411,
          0.203607,
          -0.126357,
          -0.153437,
          0.117951,
          0.120192,
          0.133265,
          -0.103543,
          0.133796,
          -0.117631,
          0.065314,
          -0.133542,
          0.131434,
          -0.040416,
          0.018495,
          -0.061196,
          0.073072,
          0.16594,
          0.085723,
          0.099719,
          -0.031702,
          0.00556,
          0.235879,
          -0.144142,
          -0.159873,
          -0.106967,
          -0.025483,
          0.042161,
          -0.019841,
          -0.196522,
          0.024421,
          -0.061493,
          0.109701,
          -0.092929,
          0.070769,
          -0.124901,
          -0.043251,
          0.099822,
          -0.133785,
          0.172271,
          0.147101,
          0.003397,
          0.053102,
          -0.142013,
          -0.124168,
          -0.162542,
          0.207984,
          -0.193037,
          0.0086,
          0.057168,
          -0.113499,
          0.123061,
          0.084825,
          -0.017151
        ],
        "ff2B": [
          2.9e-05,
          0.017099,
          -0.004062,
          0.018861,
          0.00495,
          0.007621,
          -0.015688,
          -0.00745,
          0.006583,
          -0.011166,
          -0.015088,
          0.006764,
          -0.010244,
          -0.008826,
          0.017749,
          -0.010049,
          -0.017035,
          -0.033774,
          0.010091,
          -0.008377,
          0.01653,
          0.02911,
          -0.007027,
          -0.016541,
          0.005059,
          0.004695,
          -0.013327,
          0.008387,
          -0.026877,
          -0.01551,
          -0.02031,
          -0.007086
        ]
      }
    ],
    "lnFGamma": [
      1.110363,
      1.090807,
      1.093912,
      1.110925,
      1.092051,
      1.09981,
      1.085842,
      1.104866,
      1.108605,
      1.076845,
      1.104847,
      1.10682,
      1.113855,
      1.087704,
      1.100172,
      1.10672,
      1.089522,
      1.086959,
      1.090482,
      1.102225,
      1.099327,
      1.107296,
      1.114901,
      1.101978,
      1.108623,
      1.096163,
      1.097399,
      1.101312,
      1.079433,
      1.105364,
      1.116754,
      1.092492
    ],
    "lnFBeta": [
      0.099032,
      0.10059,
      -0.103,
      0.107699,
      -0.097161,
      0.106184,
      -0.102915,
      0.102052,
      0.107776,
      -0.102387,
      -0.101461,
      0.099661,
      -0.113951,
      -0.095233,
      0.100995,
      0.090469,
      0.08676,
      0.094278,
      0.099744,
      0.104802,
      0.097816,
      0.101435,
      -0.104499,
      -0.107603,
      -0.095978,
      -0.098504,
      -0.10618,
      0.107602,
      -0.116393,
      -0.107592,
      -0.103863,
      -0.097345
    ],
    "headW": [
      0.008571,
      0.104948,
      0.153027,
      0.223204,
      0.158903,
      0.009066,
      -0.074144,
      0.017362,
      0.024113,
      -0.069625,
      0.07841,
      0.011998,
      0.087188,
      0.039342,
      -0.083099,
      0.099099,
      -0.125715,
      0.084234,
      0.063021,
      0.031529,
      0.098632,
      0.005174,
      0.079994,
      -0.037357,
      0.021679,
      0.161485,
      0.13299,
      0.166456,
      -0.088137,
      0.070665,
      0.195398,
      -0.05297,
      0.037521,
      0.043431,
      -0.000725,
      -0.000202,
      -0.007202,
      0.049448,
      -0.132013,
      0.080776,
      0.031094,
      0.071732,
      -0.055301,
      0.089687,
      -0.007194,
      0.056156,
      0.077885,
      -0.150398,
      -0.008386,
      0.129089,
      0.07952,
      0.030128,
      -0.08243,
      -0.064805,
      -0.101159,
      0.059783,
      -0.184485,
      0.064448,
      0.079858,
      -0.052602,
      -0.163508,
      0.07913,
      0.074376,
      -0.084143,
      -0.124207,
      -0.144793,
      -0.066459,
      0.091279,
      0.179975,
      -0.101867,
      -0.228298,
      -0.078403,
      0.116845,
      0.147594,
      -0.08442,
      -0.086836,
      0.168913,
      -0.03423,
      0.05978,
      -0.015675,
      0.051929,
      0.07239,
      0.083573,
      0.059275,
      -0.039843,
      -0.221775,
      -0.104155,
      -0.086322,
      -0.191175,
      0.150578,
      -0.014783,
      0.039107,
      -0.012455,
      -0.219869,
      -0.064494,
      -0.005645,
      -0.073689,
      -0.150957,
      -0.087287,
      0.020312,
      0.001378,
      0.003345,
      0.022214,
      0.035926,
      0.06492,
      0.144454,
      -0.049101,
      0.100825,
      0.201489,
      -0.13665,
      -0.199031,
      0.036038,
      -0.031488,
      0.055734,
      -0.037272,
      0.128027,
      -0.072639,
      -0.134553,
      -0.177006,
      -0.045088,
      -0.12294,
      -0.151389,
      -0.113859,
      0.142816,
      -0.026734,
      -0.08165,
      -0.18623,
      0.013946,
      -0.095553,
      -0.149438,
      0.049836,
      -0.00802,
      0.015994,
      0.074119,
      -0.073818,
      -0.147487,
      -0.079923,
      -0.178835,
      -0.178362,
      -0.107834,
      0.017186,
      -0.188379,
      0.015873,
      -0.018602,
      -0.042343,
      -0.086308,
      -0.077788,
      -0.104384,
      0.072678,
      0.025309,
      -0.09611,
      -0.203471,
      -0.078793,
      -0.103911,
      -0.145098,
      -0.017063,
      0.010109,
      0.031879,
      -0.076168,
      0.154177,
      0.016423,
      0.052818,
      0.029267,
      -0.220763,
      -0.048227,
      0.015449,
      0.011796,
      -0.044986,
      0.089701,
      0.056759,
      -0.206737,
      -0.148528,
      0.003596,
      -0.098956,
      -0.076738,
      -0.055575,
      -0.0524,
      -0.161264,
      -0.140567,
      0.024904,
      -0.126192,
      -0.049624,
      -0.051768,
      -0.099031,
      0.034634,
      -0.037514,
      0.008785,
      -0.090152,
      -0.18818,
      0.01303,
      0.07118,
      -0.167909,
      -0.195919,
      0.123844,
      -0.155357,
      -0.038111,
      -0.047757,
      -0.012996,
      -0.124751,
      -0.190544,
      -0.045682,
      -0.036988,
      -0.049359,
      -0.014053,
      -0.206768,
      -0.124126,
      0.021582,
      -0.08243,
      -0.153585,
      -0.066968,
      -0.162385,
      -0.031026,
      -0.083793,
      -0.044146,
      -0.19982,
      -0.093009,
      -0.173062,
      -0.162048,
      -0.025857,
      -0.08754,
      0.030783,
      -0.165407,
      -0.19509,
      -0.092624,
      -0.086421,
      -0.109655,
      -0.074762,
      -0.021421,
      -0.135722,
      -0.128184,
      -0.06831,
      -0.01857,
      -0.197771,
      0.00016,
      -0.017356,
      -0.034992,
      -0.017709,
      -0.020536,
      -0.059913,
      -0.092686,
      -0.047839,
      -0.187351,
      -0.01142,
      -0.200179,
      -0.017129,
      -0.175103,
      -0.05713,
      0.047173,
      -0.070505,
      -0.1559,
      -0.09422,
      -0.01571,
      -0.017343,
      -0.125523,
      -0.155843,
      -0.190592,
      -0.162836,
      -0.017152,
      -0.12228,
      -0.007177,
      0.01209,
      -0.028218,
      0.012232,
      -0.179058,
      0.044675,
      -0.053281,
      -0.07485,
      -0.023784,
      -0.024521,
      -0.162892,
      -0.129619,
      -0.018266,
      -0.165346,
      -0.196595,
      -0.154224,
      -0.01196,
      -0.121901,
      -0.031254,
      -0.202686,
      -0.168514,
      -0.039467,
      -0.072096,
      -0.14508,
      -0.095387,
      -0.119313,
      -0.039264,
      0.013884,
      -0.125513,
      -0.111227,
      -0.018693,
      -8.6e-05,
      -0.029024,
      -0.105031,
      -0.141396,
      -0.184089,
      -0.066104,
      -0.06254,
      -0.131269,
      0.027824,
      -0.015538,
      -0.030719,
      0.003262,
      -0.033394,
      -0.040919,
      -0.032805,
      -0.03675,
      -0.084189,
      -0.179608,
      -0.127371,
      -0.018058,
      -0.137928,
      -0.179742,
      -0.004123,
      -0.157703,
      -0.199593,
      -0.192361,
      0.029102,
      -0.012876,
      -0.124981,
      0.026662,
      -0.158549,
      -0.143105,
      -0.031054,
      -0.069945,
      -0.012561,
      -0.164326,
      0.006088,
      -0.108186,
      0.022567,
      -0.158695,
      -0.00327,
      -0.004902,
      -0.175024,
      -0.070267,
      -0.005085,
      -0.200725,
      -0.051173,
      -0.035273,
      -0.069296,
      0.004211,
      0.007585,
      -0.110052,
      -0.105584,
      -0.033506,
      0.012652,
      0.011598,
      -0.217503,
      -0.070476,
      -0.072603,
      -0.061287,
      -0.022113,
      -0.191546,
      -0.107044,
      -0.183772,
      -0.050535,
      -0.038064,
      -0.06839,
      -0.012826,
      -0.090856,
      -0.042508,
      -0.141766,
      -0.132062,
      -0.132177,
      -0.110178,
      -0.05823,
      -0.057435,
      -0.020487,
      -0.111754,
      0.00761,
      -0.124886,
      -0.057594,
      0.007765,
      -0.15577,
      -0.04983,
      -0.016917,
      -0.029931,
      -0.058411,
      -0.179168,
      -0.176437,
      -0.051916,
      -0.198001,
      -0.149167,
      0.008541,
      -0.078689,
      -0.033986,
      -0.020172,
      -0.153619,
      -0.001537,
      -0.025593,
      -0.179735,
      -0.175396,
      -0.205917,
      0.187696,
      0.168431,
      0.029525,
      0.047023,
      -0.033229,
      -0.043454,
      -0.009341,
      -0.016815,
      0.039154,
      -0.083249,
      0.000796,
      0.159833,
      0.094404,
      -0.076986,
      0.000317,
      0.117113,
      -0.018268,
      -0.121878,
      -0.016958,
      0.0007,
      -0.124411,
      -0.067455,
      -0.188811,
      0.070692,
      -0.015381,
      0.128148,
      0.008025,
      0.023578,
      0.130847,
      0.072671,
      0.084037,
      -0.03409,
      0.055249,
      0.097423,
      -0.17163,
      -0.053943,
      0.021469,
      -0.185564,
      0.047434,
      0.005475,
      0.056948,
      0.001607,
      -0.054473,
      0.133485,
      0.060823,
      0.044343,
      -0.033644,
      -0.070884,
      -0.017979,
      -0.089132,
      -0.034092,
      -0.036689,
      0.026461,
      -0.152314,
      -0.154897,
      -0.171884,
      -0.158181,
      -0.135558,
      -0.049202,
      0.141522,
      -0.072142,
      0.177411,
      -0.009083,
      -0.134879,
      0.01285,
      0.114612,
      -0.080805,
      -0.094864,
      -0.151721,
      -0.18853,
      -0.184184,
      0.020646,
      -0.119344,
      0.165041,
      -0.035884,
      0.009721,
      -0.121957,
      -0.01465,
      -0.03521,
      0.121207,
      -0.140288,
      -0.182701,
      -0.114946,
      0.139411,
      -0.022432,
      0.020206,
      -0.051782,
      0.041323,
      -0.162755,
      -0.116177,
      -0.188993,
      -0.082497,
      0.016831,
      -0.083294,
      -0.014585,
      0.008887,
      -0.115939,
      -0.115663,
      -0.030338,
      -0.0375,
      -0.006512,
      0.079903,
      -0.153562,
      -0.113026,
      -0.060796,
      -0.051789,
      -0.021569,
      0.041249,
      -0.109649,
      0.005575,
      0.067565,
      0.114908,
      -0.062465,
      -0.044236,
      -0.034983,
      -0.062549,
      0.005859,
      0.02552,
      -0.030104,
      -0.079219,
      -0.181051,
      -0.068425,
      -0.11964,
      -0.157715,
      0.029238,
      0.06836,
      0.019088,
      0.022418,
      -0.107141,
      -0.094372,
      -0.039578,
      -0.13877,
      -0.121065,
      0.005706,
      0.11788,
      -0.110474,
      0.137595,
      0.133853,
      -0.054206,
      -0.018554,
      0.073196,
      0.105742,
      0.095305,
      0.049148,
      0.096008,
      0.168359,
      0.07787,
      0.087844,
      -0.099077,
      -0.052751,
      0.007883,
      -0.035738,
      0.040871,
      -0.149256,
      0.025981,
      0.01745,
      -0.0622,
      -0.017181,
      -0.019497,
      -0.034547,
      -0.079455,
      -0.098076,
      -0.145255,
      0.033706,
      0.119368,
      -0.098974,
      -0.110603,
      0.018313,
      -0.139502,
      -0.028372,
      -0.07122,
      0.098154,
      0.044755,
      -0.14303,
      -0.104744,
      0.020173,
      -0.071782,
      -0.104452,
      0.049494,
      -0.07113,
      -0.2002,
      0.094018,
      -0.059008,
      0.04154,
      0.039407,
      -0.048531,
      0.128657,
      0.03725,
      0.022396,
      -0.079082,
      -0.074932,
      0.012034,
      0.068718,
      -0.038602,
      -0.007436,
      -0.134731,
      -0.117608,
      -0.115469,
      -0.089269,
      -0.022439,
      -0.102406,
      -0.084892,
      0.010953,
      0.005106,
      -0.153773,
      -0.029768,
      -0.184107,
      -0.152573,
      0.047589,
      -0.129129,
      -0.037287,
      -0.096114,
      0.040525,
      0.054104,
      0.048657,
      -0.051479,
      0.027844,
      -0.000617,
      0.064885,
      0.026443,
      -0.133224,
      -0.067687,
      -0.016334,
      0.031957,
      -0.092679,
      -0.087577,
      -0.13211,
      -0.139578,
      0.040805,
      0.018077,
      0.03933,
      -0.014368,
      0.018568,
      0.02676,
      -0.134615,
      -0.130796,
      0.030519,
      0.050832,
      0.02009,
      -0.047089,
      -0.065126,
      0.00464,
      0.011586,
      -0.163487,
      -0.140735,
      0.009805,
      -0.147819,
      -0.053599,
      -0.089853,
      -0.085703,
      -0.052468,
      -0.097786,
      -0.01013,
      0.026481,
      -0.090651,
      -0.004825,
      -0.092925,
      0.044769,
      -0.054809,
      -0.09659,
      -0.044235,
      -0.118408,
      0.023238,
      -0.012004,
      0.046743,
      -0.052178,
      -0.005698,
      -0.016005,
      -0.006079,
      -0.067258,
      -0.058698,
      -0.005941,
      0.014315,
      -0.057301,
      -0.111434,
      -0.037834,
      0.002997,
      -0.146352,
      -0.041398,
      0.021195,
      0.036658,
      -0.002222,
      -0.009137,
      -0.036493,
      -0.03733,
      -0.08119,
      -0.141564,
      -0.038021,
      -0.056905,
      0.006115,
      -0.000131,
      -0.102263,
      0.024996,
      -0.10369,
      -0.099172,
      -0.13944,
      -0.143138,
      -0.016416,
      -0.132495,
      -0.002036,
      0.007895,
      -0.087488,
      0.039839,
      -0.042417,
      -0.118296,
      -0.083015,
      0.061493,
      -0.132147,
      -0.113608,
      -0.099659,
      -0.021752,
      0.042037,
      0.035292,
      -0.140765,
      -0.07189,
      -0.030203,
      -0.052625,
      -0.115337,
      -0.163132,
      -0.051397,
      -0.121073,
      -0.024492,
      -0.11168,
      -0.075737,
      0.01781,
      -0.020242,
      -0.140615,
      -0.112743,
      0.042818,
      -0.146066,
      -0.019325,
      -0.158843,
      0.018036,
      0.031086,
      -0.171696,
      -0.156705,
      -0.120246,
      -0.071767,
      -0.05961,
      0.032222,
      -0.101242,
      0.01151,
      0.022047,
      -0.070928,
      0.018234,
      -0.060137,
      -0.038677,
      -0.002128,
      -0.054305,
      0.01462,
      0.008507,
      0.01134,
      -0.103104,
      -0.05023,
      -0.059885,
      0.024437,
      -0.081013,
      -0.140516,
      -0.036726,
      0.010745,
      -0.163391,
      -0.057707,
      0.053819,
      -0.130112,
      0.028546,
      -0.168709,
      -0.089407,
      -0.119298,
      0.017519,
      0.050776,
      -0.069417,
      0.048322,
      -0.11046,
      -0.174623,
      -0.104811,
      -0.060652,
      -0.058185,
      -0.050456,
      -0.111578,
      -0.006985,
      -0.044435,
      -0.017923,
      -0.027348,
      -0.162753,
      0.024133,
      -0.087702,
      0.009948,
      0.021218,
      -0.1451,
      -0.101181,
      -0.005371,
      -0.009798,
      -0.02097,
      -0.157467,
      -0.012885,
      -0.129901,
      -0.047422,
      -0.214833,
      -0.20115,
      -0.075282,
      -0.063884,
      0.054249,
      -0.028387,
      0.058208,
      -0.024507,
      -0.119758,
      -0.028542,
      -0.018693,
      -0.021258,
      -0.176435,
      -0.07265,
      0.102819,
      0.017813,
      -0.020146,
      0.080851,
      -0.015199,
      -0.067753,
      0.107624,
      -0.108874,
      0.128676,
      0.025019,
      0.028139,
      -0.069314,
      0.126811,
      -0.01993,
      0.084777,
      -0.122071,
      0.005188,
      0.103631,
      -0.011296,
      0.023604,
      -0.147428,
      0.185428,
      0.016591,
      -0.097324,
      0.179386,
      0.16557,
      0.100912,
      -0.007885,
      -0.153997,
      -0.017265,
      0.162568,
      -0.122179,
      -0.166954,
      0.165973,
      -0.196817,
      0.167692,
      0.026634,
      -0.12123,
      0.001592,
      -0.00336,
      0.190754,
      -0.064896,
      0.045074,
      -0.009793,
      0.013216,
      -0.075215,
      0.139631,
      0.070239,
      0.001581,
      -0.164672,
      -0.182269,
      -0.080363,
      -0.06345,
      -0.061414,
      0.018319,
      0.06318,
      0.025655,
      -0.111782,
      -0.022795,
      0.117754,
      0.109816,
      0.059646,
      -0.124594,
      -0.057536,
      0.169682,
      0.107768,
      -0.138757,
      -0.218026,
      0.137249,
      0.120845,
      0.133929,
      -0.111746,
      -0.130855,
      -0.132252,
      -0.11212,
      0.128354,
      -0.079357,
      0.089542,
      0.069248,
      0.013943,
      0.040428,
      0.071588,
      -0.014336,
      -0.006519,
      0.077181,
      -0.050336,
      -0.037924,
      -0.004693,
      0.090065,
      -0.111658,
      0.049102,
      0.135323,
      0.153078,
      -0.099217,
      -0.141219,
      0.069223,
      -0.06772,
      0.121167,
      0.108023,
      0.002246,
      0.087576,
      -0.020659,
      0.181069,
      -0.141363,
      0.047262,
      0.205533,
      0.102571,
      -0.003293,
      -0.038297,
      -0.030318,
      0.138505,
      0.214434,
      0.056096,
      0.066681,
      0.002051,
      0.166489,
      0.006742,
      -0.015901,
      0.080326,
      0.211174,
      0.012427,
      0.116338,
      0.02267,
      0.0512,
      0.204971,
      0.187573,
      0.037012,
      0.077193,
      0.103796,
      -0.074773,
      -0.151544,
      0.062515,
      0.116912,
      0.123049,
      0.121071,
      -0.007875,
      0.068384,
      0.049372,
      0.187242,
      -0.046605,
      0.140367,
      0.102105,
      0.071814,
      0.178005,
      -0.039435,
      -0.003272,
      0.055119,
      -0.004424,
      0.051018,
      0.040412,
      0.008129,
      -0.128322,
      -0.009103,
      0.196831,
      0.110767,
      0.18155,
      -0.05174,
      0.144849,
      0.029658,
      0.017797,
      -0.046748,
      -0.056493,
      0.136866,
      0.009829,
      0.170307,
      0.010528,
      -0.021478,
      0.052258,
      0.058849,
      -0.002755,
      0.088108,
      -0.003119,
      0.190092,
      0.035443,
      0.124793,
      0.111824,
      -0.025619,
      0.106082,
      -0.033408,
      0.150938,
      -0.068309,
      0.150969,
      0.137223,
      0.148727,
      0.115326,
      0.073592,
      0.102301,
      0.167401,
      0.084007,
      -0.025666,
      -0.020945,
      0.146465,
      -0.045745,
      0.182084,
      0.150747,
      0.093561,
      0.139728,
      0.116757,
      0.026852,
      -0.039027,
      0.016508,
      0.006055,
      0.150149,
      0.035053,
      0.082257,
      0.056164,
      -0.016238,
      0.19239,
      0.143209,
      0.039154,
      0.00432,
      0.162918,
      -0.043987,
      0.054308,
      -0.057091,
      0.008486,
      -0.020424,
      0.094051,
      0.194943,
      0.04335,
      0.185125,
      0.138903,
      0.133839,
      -0.022599,
      0.063868,
      0.090541,
      0.100928,
      0.06142,
      -0.028998,
      0.06778,
      0.063757,
      0.043141,
      0.08475,
      -0.039737,
      0.164266,
      0.086625,
      0.115073,
      0.079035,
      0.072885,
      0.014693,
      0.196891,
      0.179048,
      0.007737,
      0.183106,
      -0.006232,
      0.18688,
      -0.000528,
      -0.023284,
      0.123271,
      0.161695,
      0.021997,
      -0.030438,
      0.081999,
      0.152139,
      0.012593,
      0.039421,
      0.190946,
      0.178013,
      0.170325,
      0.065947,
      0.205648,
      -0.010084,
      0.086361,
      -0.000467,
      -0.006726,
      -0.024668,
      0.138382,
      0.122759,
      0.132546,
      -0.046104,
      0.046145,
      0.06929,
      0.13284,
      0.123277,
      0.186262,
      0.078921,
      -0.034429,
      0.046978,
      0.127114,
      0.003107,
      -0.021084,
      -0.00472,
      0.100542,
      0.034296,
      -0.029505,
      0.150505,
      0.056362,
      0.130983,
      0.038002,
      0.073175,
      0.041738,
      0.074917,
      0.055958,
      0.100182,
      0.148777,
      0.189106,
      0.043074,
      0.167786,
      0.110572,
      0.073696,
      0.11514,
      0.151626,
      0.082404,
      0.125199,
      0.139945,
      -0.027153,
      0.116203,
      0.162309,
      0.133071,
      0.159411,
      0.120429,
      0.093553,
      0.009035,
      0.020334,
      0.001066,
      -0.034289,
      -0.066491,
      0.12609,
      0.090984,
      0.159277,
      0.161102,
      0.189305,
      0.171516,
      0.141095,
      -0.05053,
      -0.042273,
      0.063655,
      -0.023095,
      0.048766,
      0.167825,
      -0.00919,
      0.067049,
      0.029377,
      0.143093,
      0.081023,
      0.176707,
      0.063235,
      0.055494,
      0.004878,
      0.032964,
      0.049739,
      0.175481,
      0.159285,
      -0.02661,
      0.030707,
      0.064344,
      0.190786,
      0.201782,
      0.106564,
      -0.028805,
      0.099843,
      0.166942,
      0.042802,
      0.116546,
      0.177413,
      0.013761,
      0.000518,
      0.196367,
      0.099941,
      0.164913,
      0.100663,
      -0.017539,
      -0.022393,
      0.136445,
      -0.014281,
      -0.047418,
      -0.011842,
      0.037998,
      0.070754,
      -0.006419,
      0.071225,
      0.063099,
      0.137108,
      0.118842,
      0.092312,
      0.158512,
      0.133484,
      0.156472,
      0.161848,
      0.002355,
      0.182009,
      0.077335,
      0.173913,
      -0.121201,
      -0.0768,
      -0.020022,
      0.209128,
      -0.050906,
      -0.146816,
      -0.099787,
      -0.023499,
      -0.104826,
      -0.070255,
      0.010345,
      0.161491,
      -0.004037,
      -0.03441,
      0.023801,
      -0.184753,
      0.178099,
      -0.060501,
      -0.034941,
      -0.048815,
      -0.034605,
      -0.169016,
      -0.028171,
      -0.161124,
      0.217267,
      0.125852,
      0.143704,
      -0.002886,
      -0.016257,
      0.155851,
      -0.193163,
      0.162165,
      0.207992,
      -0.139893,
      0.121833,
      -0.079089,
      0.069954,
      0.041528,
      -0.035242,
      -0.069723,
      -0.158295,
      0.102067,
      -0.102832,
      0.169907,
      0.036391,
      0.03744,
      -0.030009,
      -0.02117,
      -0.096628,
      -0.178464,
      -0.103167,
      -0.040663,
      0.098885,
      0.054205,
      -0.120657,
      -0.206333,
      0.028933,
      0.03943,
      0.097235,
      -0.081089,
      0.027111,
      -0.067142,
      0.052043,
      -0.074645,
      -0.036479,
      -0.200667,
      0.160032,
      -0.038796,
      -0.180673,
      -0.128671,
      -0.085414,
      0.178778,
      -0.105012,
      -0.088385,
      -0.159648,
      -0.07708,
      0.023418,
      -0.204594,
      -0.024323,
      -0.033067,
      0.064003,
      0.013227,
      0.192931,
      -0.006162,
      0.030927,
      0.000361,
      -0.015166,
      0.039774,
      -0.099095,
      -0.185695,
      -0.204916,
      -0.084271,
      -0.047944,
      -0.149794,
      -0.028777,
      0.059443,
      0.061949,
      -0.025025,
      -0.047595,
      0.108756,
      0.012098,
      -0.051342,
      -0.053797,
      -0.084914,
      -0.055291,
      -0.043591,
      -0.080253,
      -0.076343,
      0.018318,
      -0.130769,
      -0.026546,
      -0.169929,
      -0.089624,
      0.024156,
      0.020767,
      -0.070457,
      -0.086644,
      0.051667,
      0.068296,
      0.057961,
      -0.120669,
      -0.099583,
      0.007311,
      -0.060592,
      -0.15046,
      -0.096395,
      -0.080744,
      -0.040031,
      -0.02957,
      -0.113525,
      -0.125949,
      -0.114592,
      -0.104968,
      -0.037675,
      -0.181906,
      -0.134814,
      0.202697,
      -0.118432,
      -0.133448,
      -0.00164,
      0.034673,
      -0.150249,
      -0.050361,
      0.01441,
      0.016714,
      0.037362,
      -0.048634,
      -0.156876,
      0.024686,
      -0.111234,
      -0.159402,
      -0.136322,
      0.071842,
      -0.013325,
      -0.183599,
      0.034128,
      0.032528,
      -0.081564,
      0.073193,
      -0.064722,
      0.022127,
      -0.161333,
      -0.047499,
      0.101497,
      -0.089447,
      0.0658,
      -0.167516,
      -0.142089,
      -0.002153,
      -0.149698,
      -0.055744,
      -0.016454,
      -0.162471,
      -0.076344,
      -0.028753,
      -0.072998,
      -0.051409,
      0.058922,
      -0.068707,
      -0.182431,
      -0.093228,
      -0.062263,
      -0.12178,
      -0.114927,
      0.039815,
      -0.010758,
      -0.106708,
      -0.017483,
      0.057688,
      -0.021508,
      -0.051503,
      -0.117663,
      -0.083774,
      -0.122882,
      -0.055614,
      -0.107868,
      0.071251,
      -0.103304,
      -0.017989,
      -0.010911,
      -0.003218,
      -0.128205,
      -0.010597,
      -0.057771,
      -0.126039,
      -0.046305,
      0.063662,
      0.01693,
      -0.136402,
      -0.115333,
      0.022137,
      -0.211335,
      -0.120682,
      0.00285,
      -0.0705,
      -0.107598,
      -0.059403,
      -0.033301,
      -0.066738,
      0.004012,
      -0.120602,
      -0.040958,
      0.072761,
      0.017084,
      -0.158417,
      -0.032169,
      -0.109301,
      0.008234,
      -0.094889,
      0.020509,
      -0.027972,
      -0.18237,
      -0.085381,
      -0.055475,
      -0.032773,
      0.052222,
      -0.032633,
      -0.096304,
      0.001768,
      -0.173334,
      -0.118186,
      -0.161688,
      -0.083708,
      -0.10108,
      -0.090724,
      -0.134687,
      -0.110637,
      -0.120269,
      -0.159364,
      -0.041447,
      0.022698,
      -0.132268,
      -0.009867,
      -0.051312,
      -0.123312,
      -0.148091,
      -0.081659,
      -0.081763,
      -0.050359,
      0.029057,
      -0.034187,
      -0.072132,
      0.042321,
      -0.016556,
      -0.019224,
      -0.201243,
      -0.08775,
      0.042544,
      -0.112905,
      -0.078568,
      -0.116861,
      -0.047667,
      0.023482,
      -0.129516,
      0.01012,
      -0.046135,
      -0.11704,
      -0.045446,
      -0.002845,
      -0.147652,
      0.007542,
      0.019484,
      -0.11552,
      -0.044384,
      -0.125683,
      -0.007688,
      -0.065186,
      -0.136176,
      0.002532,
      -0.163595,
      -0.139118,
      -0.068182,
      -0.021006,
      0.015522,
      -0.009482,
      0.016462,
      -0.013474,
      0.009109,
      -0.080268,
      -0.032862,
      -0.093476,
      -0.091147,
      -0.06992,
      -0.096454,
      -0.147172,
      -0.141847,
      -0.163053,
      -0.06694,
      0.012152,
      -0.12883,
      -0.171852,
      -0.130832,
      -0.164211,
      -0.083306,
      -0.041993,
      -0.103388,
      -0.013594,
      0.023525,
      -0.147477,
      -0.065917,
      -0.085407,
      -0.030956,
      0.009344,
      -0.125599,
      0.048741,
      -0.062335,
      -0.013173,
      0.024916,
      -0.103847,
      -0.076647,
      -0.012336,
      0.001504,
      -0.166116,
      -0.061867,
      -0.177577,
      -0.171464,
      -0.031673,
      -0.025059,
      -0.14918,
      -0.057903,
      -0.032385,
      -0.04848,
      0.017991,
      -0.087931,
      -0.062049,
      -0.060968,
      -0.114198,
      -0.171368,
      0.025927,
      -0.116279,
      -0.072609,
      -0.013327,
      -0.031004,
      -0.016282,
      -0.161947,
      -0.006562,
      0.01434,
      0.022948,
      0.022328,
      -0.145338,
      -0.194073,
      -0.01777,
      -0.212242,
      -0.14804,
      -0.118767,
      -0.01854,
      -0.035541,
      -0.137305,
      -0.09656,
      -0.165153,
      -0.025143,
      -0.011201,
      -0.119849,
      0.018969,
      -0.042194,
      -0.111131,
      -0.034326,
      -0.118775,
      -0.182309,
      -0.061876,
      -0.016647,
      -0.041841,
      -0.108219,
      -0.110058,
      -0.054698,
      0.029869,
      0.0537,
      0.102195,
      -0.02888,
      -0.040012,
      -0.099224,
      -0.034525,
      -0.162904,
      -0.088683,
      -0.128769,
      0.068789,
      0.058963,
      -0.109002,
      -0.021634,
      -0.066912,
      -0.192627,
      -0.024889,
      -0.055988,
      -0.117701,
