# Chunk number: 16 of 37

,
          0.00716,
          -0.17911,
          0.076141,
          -0.006133,
          0.103465,
          -0.213847,
          -0.061735,
          0.090986,
          0.170953,
          0.065533,
          0.018918,
          -0.112585,
          -0.002498,
          -0.31817,
          0.089382,
          -0.144565,
          -0.09355,
          -0.045954,
          0.177398,
          -0.199694,
          -0.079939,
          -0.008202,
          -0.025827,
          0.046859,
          0.186443,
          -0.051991,
          -0.105923,
          0.191925,
          -0.053267,
          0.051682,
          0.046454,
          -0.050939,
          -0.052578,
          -0.138887,
          0.106004,
          -0.035732,
          0.024224,
          -0.358799,
          -0.115327,
          0.053127,
          -0.184904,
          -0.095961,
          -0.020285,
          0.021406,
          -0.002088,
          -0.116622,
          -0.005741,
          -0.161991,
          -0.1683,
          -0.104646,
          -0.115174,
          0.046413,
          0.080795,
          -0.030242,
          0.148872,
          -0.193589,
          -0.103588,
          -0.16798,
          0.16792,
          -0.078778,
          -0.207883,
          0.024022,
          0.054933,
          -0.096599,
          0.046463,
          0.114069,
          0.13521,
          0.073954,
          0.118134,
          0.024487,
          -0.140389,
          0.070548,
          0.157772,
          -0.02653,
          -0.175259,
          0.007607,
          0.098344,
          -0.034423,
          0.100981,
          -0.239191,
          -0.123649,
          0.007282,
          0.031472,
          -0.060994,
          0.188444,
          0.00291,
          -0.154702,
          0.029576,
          0.044622,
          -0.047397,
          -0.134229,
          -0.136947,
          0.250182,
          -0.031566,
          0.137088,
          -0.262916,
          0.031721,
          0.043249,
          -0.124907,
          0.061033,
          -0.016145,
          0.062968,
          -0.022494,
          0.04748,
          -0.02851,
          0.073691,
          -0.041861
        ],
        "ff1B": [
          -0.040384,
          -0.030744,
          -0.00193,
          -0.025303,
          -0.063301,
          -0.033609,
          -0.014932,
          -0.050059,
          -0.101287,
          0.021831,
          -0.118445,
          0.053615,
          0.073863,
          -0.021383,
          0.051392,
          0.064036,
          0.019556,
          -0.011886,
          0.005252,
          -0.031793,
          -0.014641,
          0.019046,
          0.024961,
          0.052145,
          -0.079701,
          -0.004309,
          0.03029,
          -0.116499,
          -0.050067,
          -0.037196,
          0.009638,
          -0.002706,
          -0.028113,
          -0.051781,
          -0.076836,
          0.015362,
          -0.076293,
          0.021835,
          -0.008027,
          -0.063644,
          0.087662,
          0.033786,
          -0.042429,
          0.041948,
          -0.012974,
          -0.019484,
          -0.07829,
          0.022043,
          -0.084415,
          -0.048213,
          -0.078111,
          0.024106,
          0.012796,
          -0.031841,
          -0.049436,
          0.013945,
          -0.052602,
          0.043845,
          -0.07249,
          0.028499,
          -0.00498,
          0.009017,
          0.006278,
          -0.059527,
          0.00801,
          4.2e-05,
          -0.000916,
          0.005578,
          -0.007233,
          0.056813,
          0.05219,
          0.013013,
          0.020848,
          0.027829,
          0.021805,
          -0.053564,
          -0.013229,
          0.129811,
          -0.042639,
          0.010735,
          0.031043,
          0.01324,
          -0.009277,
          0.055508,
          -1.4e-05,
          0.030509,
          0.037054,
          -0.051925,
          -0.061478,
          -0.001818,
          -0.040637,
          -0.033081,
          0.011282,
          0.023991,
          -0.003958,
          0.046167,
          0.097988,
          -0.063991,
          -0.037089,
          -0.008746,
          -0.054791,
          0.015168,
          0.040505,
          0.037851,
          0.011362,
          -0.023374,
          -0.020749,
          -0.050094,
          0.051864,
          -0.061211,
          0.017202,
          -0.030069,
          0.000596,
          -0.015119,
          0.076632,
          0.019266,
          0.060962,
          -0.035382,
          -0.022264,
          0.070861,
          0.033956,
          0.076021,
          -0.034142,
          0.030712,
          0.054657,
          0.001484,
          -0.015774,
          -0.036978
        ],
        "ff2W": [
          0.041281,
          -0.263062,
          -0.045539,
          -0.089828,
          -0.172796,
          -0.157444,
          0.108601,
          0.000456,
          0.088969,
          0.192713,
          -0.186923,
          -0.132193,
          0.111857,
          0.014378,
          -0.158146,
          0.024926,
          -0.124969,
          0.010574,
          0.189877,
          -0.182379,
          0.219077,
          -0.00799,
          0.101024,
          -0.062192,
          0.000163,
          -0.063271,
          0.057672,
          -0.094532,
          0.175867,
          -0.133897,
          -0.050536,
          -0.107217,
          0.087068,
          0.028191,
          0.02507,
          0.113184,
          -0.147909,
          -0.01854,
          -0.082736,
          0.099737,
          -0.027629,
          0.237857,
          -0.141476,
          0.116912,
          0.254496,
          -0.233236,
          0.110207,
          -0.006793,
          -0.114405,
          0.10553,
          -0.039511,
          0.285806,
          0.001461,
          -0.184173,
          -0.153519,
          -0.130611,
          0.144343,
          -0.029851,
          -0.148281,
          0.263393,
          0.087332,
          -0.082123,
          -0.177258,
          -0.164023,
          0.033031,
          0.049641,
          0.204851,
          -0.086062,
          -0.046213,
          0.027592,
          0.046004,
          -0.051253,
          0.137948,
          -0.065517,
          -0.046063,
          0.019825,
          0.145244,
          -0.134465,
          -0.150321,
          -0.01431,
          0.023298,
          0.124712,
          0.225625,
          0.14605,
          0.037127,
          0.221601,
          -0.140958,
          0.135264,
          -0.126096,
          0.036509,
          -0.000698,
          0.184846,
          -0.148201,
          -0.121753,
          0.124286,
          0.037302,
          0.087582,
          0.069928,
          -0.38646,
          0.125435,
          -0.126059,
          -0.389486,
          -0.325089,
          0.228789,
          -0.076499,
          0.041169,
          -0.049766,
          -0.17734,
          0.093178,
          0.055715,
          -0.098777,
          0.229549,
          -0.113089,
          -0.112487,
          0.033382,
          0.266014,
          -0.028679,
          -0.085345,
          0.261474,
          0.064984,
          -0.049538,
          0.030192,
          -0.376861,
          0.115171,
          0.11306,
          -0.040948,
          0.071049,
          0.110721,
          0.211419,
          0.013162,
          0.231307,
          0.008923,
          -0.396849,
          -0.117512,
          0.13947,
          0.242997,
          -0.221705,
          -0.200444,
          0.05705,
          -0.052051,
          -0.051741,
          -0.092003,
          0.148126,
          0.038187,
          0.00697,
          0.10885,
          -0.06705,
          0.131931,
          0.005434,
          0.021483,
          -0.101373,
          -0.136404,
          -0.173739,
          -0.165272,
          0.097162,
          0.00293,
          -0.187385,
          0.034148,
          -0.19317,
          -0.060382,
          0.025788,
          -0.194296,
          0.253267,
          -0.315095,
          0.03841,
          0.071865,
          0.24564,
          0.149731,
          0.007989,
          -0.110706,
          0.08433,
          -0.175702,
          -0.035333,
          0.112595,
          0.136088,
          -0.079113,
          -0.12137,
          0.513748,
          0.004558,
          0.225362,
          0.166738,
          0.231334,
          0.058638,
          -0.121728,
          -0.119734,
          0.158892,
          0.093016,
          -0.012565,
          -0.248293,
          -0.256554,
          0.066517,
          0.071369,
          -0.19814,
          -0.091645,
          0.207743,
          -0.05151,
          0.10985,
          -0.156982,
          0.196602,
          -0.251288,
          -0.129178,
          -0.026307,
          -0.054619,
          -0.138124,
          -0.324761,
          -0.05863,
          -0.183884,
          0.168237,
          0.045357,
          -0.235514,
          -0.073495,
          -0.215745,
          -0.189556,
          -0.11042,
          -0.272093,
          -0.094101,
          -0.059753,
          0.193972,
          0.254779,
          -0.194281,
          0.188699,
          0.030031,
          0.073728,
          -0.093536,
          0.021998,
          -0.023651,
          0.055935,
          0.012394,
          0.018373,
          0.005231,
          0.214193,
          0.081681,
          0.035783,
          -0.088431,
          -0.187857,
          -0.052748,
          -0.027524,
          0.089305,
          0.019037,
          -0.084211,
          -0.199617,
          -0.225128,
          -0.035023,
          0.005264,
          -0.150956,
          0.009855,
          0.23418,
          -0.050926,
          -0.072039,
          -0.208724,
          -0.097849,
          -0.051948,
          -0.264144,
          -0.073507,
          0.019307,
          -0.00841,
          0.076507,
          0.102736,
          0.073064,
          -0.173558,
          -0.102681,
          0.115933,
          0.132581,
          0.137949,
          -0.069964,
          0.052749,
          0.044365,
          -0.159686,
          0.213852,
          0.060895,
          0.085531,
          0.031134,
          -0.275297,
          0.113401,
          0.007109,
          0.028803,
          0.16676,
          0.129572,
          0.164943,
          0.01467,
          0.053169,
          -0.216706,
          -0.154487,
          -0.095164,
          0.022603,
          0.067605,
          -0.276163,
          -0.071231,
          0.104084,
          0.026541,
          0.051352,
          -0.102265,
          0.088478,
          -0.0176,
          -0.118335,
          0.005818,
          -0.082302,
          -0.065137,
          0.198885,
          0.039854,
          0.122446,
          -0.13296,
          0.156375,
          0.138337,
          -0.01037,
          0.268208,
          0.191814,
          0.023206,
          -0.075541,
          -0.22178,
          -0.00503,
          -0.143295,
          -0.075331,
          0.188801,
          0.176766,
          -0.126675,
          0.081231,
          -0.099747,
          -0.184525,
          0.159376,
          -0.198475,
          0.290933,
          0.043401,
          -0.06003,
          -0.275571,
          0.013436,
          0.084438,
          0.188332,
          -0.039078,
          0.138193,
          0.008559,
          0.143107,
          0.063234,
          -0.074209,
          -0.148764,
          0.053442,
          -0.241809,
          0.053388,
          -0.087174,
          -0.146375,
          -0.090079,
          0.04767,
          -0.044667,
          -0.146054,
          -0.223391,
          -0.073659,
          0.156823,
          0.013246,
          0.319242,
          0.121543,
          -0.005072,
          0.090664,
          0.008219,
          -0.012837,
          -0.001056,
          0.219755,
          -0.251812,
          -0.047475,
          -0.040898,
          0.06109,
          -0.041378,
          0.096254,
          -0.14024,
          -0.12181,
          0.006941,
          -0.16161,
          0.153293,
          0.113779,
          -0.035774,
          -0.201793,
          -0.010878,
          -0.021063,
          0.082784,
          0.071298,
          -0.136697,
          -0.099815,
          -0.190161,
          -0.11253,
          -0.215346,
          0.093763,
          -0.013296,
          -0.311072,
          0.002546,
          -0.301221,
          -0.146223,
          0.017705,
          0.048797,
          -0.242625,
          0.066658,
          -0.130999,
          0.101814,
          -0.207745,
          0.175435,
          0.171022,
          0.00693,
          -0.033455,
          0.178,
          0.113113,
          -0.111089,
          -0.044161,
          -0.110998,
          -0.087203,
          0.052968,
          -0.045103,
          -0.127789,
          -0.185151,
          0.009624,
          -0.059032,
          0.236772,
          0.000658,
          0.049181,
          -0.034238,
          0.116937,
          0.018945,
          0.090862,
          0.022488,
          -0.147208,
          0.278362,
          -0.211123,
          0.008772,
          0.05427,
          -0.089173,
          0.058602,
          -0.030187,
          -0.075107,
          -0.236718,
          0.064193,
          0.137991,
          -0.192835,
          0.079202,
          0.150021,
          0.090019,
          -0.018425,
          0.025455,
          -0.100126,
          -0.121849,
          0.051847,
          -0.089491,
          -0.091687,
          0.207297,
          -0.035965,
          -0.04344,
          -0.143107,
          0.001198,
          0.240011,
          0.183757,
          0.013284,
          -0.116124,
          -0.005137,
          0.021466,
          0.185762,
          -0.119769,
          0.0212,
          -0.139046,
          -0.028234,
          -0.18081,
          -0.082138,
          -0.031769,
          0.090719,
          -0.301426,
          0.075075,
          -0.053506,
          -0.095377,
          -0.107072,
          0.019544,
          -0.133192,
          0.14914,
          0.173828,
          -0.295287,
          0.183555,
          0.124808,
          -0.051571,
          0.265096,
          0.111595,
          -0.06635,
          -0.013649,
          0.019476,
          -0.056793,
          0.176293,
          -0.156855,
          0.016682,
          -0.048009,
          -0.06812,
          0.022546,
          -0.024238,
          0.19592,
          -0.137697,
          0.282562,
          -0.000899,
          -0.035174,
          0.050848,
          0.071921,
          0.160931,
          -0.102199,
          -0.145172,
          -0.220441,
          -0.125808,
          -0.132606,
          0.045818,
          -0.119629,
          0.126989,
          0.10292,
          0.083629,
          -0.125662,
          0.179995,
          -0.118487,
          0.145881,
          0.121887,
          0.181381,
          -0.14977,
          -0.11552,
          -0.193528,
          -0.111115,
          -0.081936,
          0.227704,
          0.085595,
          0.00329,
          -0.079448,
          0.233925,
          -0.135014,
          -0.029018,
          -0.068758,
          0.18615,
          0.116146,
          -0.116593,
          0.1146,
          -0.264118,
          -0.021777,
          -0.15932,
          -0.12517,
          -0.167323,
          0.100701,
          -0.060434,
          -0.013869,
          -0.137042,
          0.092971,
          0.027699,
          0.245352,
          0.137621,
          -0.171809,
          -0.068873,
          0.31344,
          0.000642,
          0.15255,
          0.119383,
          -0.371915,
          0.048934,
          0.045177,
          0.094343,
          0.180083,
          0.216639,
          0.007248,
          0.131543,
          0.009556,
          -0.036028,
          -0.09053,
          0.090781,
          -0.101734,
          -0.074937,
          -0.072478,
          -0.165287,
          0.024957,
          -0.096462,
          0.007406,
          0.242165,
          0.147696,
          0.146062,
          -0.073452,
          -0.009174,
          -0.018731,
          0.262566,
          -0.038223,
          0.389581,
          -0.007815,
          0.18934,
          -0.04073,
          -0.140068,
          0.22274,
          0.015456,
          -0.037248,
          0.25743,
          -0.159454,
          -0.252041,
          -0.354164,
          -0.306458,
          0.076174,
          0.264496,
          -0.017929,
          0.172419,
          0.041542,
          -0.138177,
          0.05451,
          0.037822,
          -0.339463,
          -0.128925,
          0.160887,
          -0.177046,
          0.012965,
          0.120588,
          -0.099338,
          0.147603,
          -0.071848,
          0.168346,
          0.089177,
          -0.27865,
          0.053781,
          0.039641,
          0.144888,
          -0.077945,
          -0.250345,
          0.040692,
          -0.290714,
          0.061962,
          -0.233593,
          0.027084,
          -0.115597,
          -0.180797,
          0.249889,
          -0.003505,
          -0.364405,
          0.06634,
          0.030878,
          0.059741,
          -0.052315,
          -0.002139,
          -0.227265,
          -0.154459,
          -0.087812,
          -0.152133,
          -0.199919,
          0.182991,
          0.146118,
          0.083056,
          0.127454,
          0.044043,
          0.058602,
          0.105319,
          0.054542,
          0.059649,
          0.131131,
          -0.27781,
          0.317067,
          -0.124816,
          0.064023,
          -0.033346,
          0.237234,
          0.204301,
          -0.021018,
          -0.028963,
          -0.004358,
          -0.165823,
          0.040492,
          -0.035623,
          -0.006047,
          0.005824,
          0.032355,
          0.222303,
          0.017199,
          0.184544,
          -0.092944,
          0.125239,
          0.29118,
          0.027723,
          0.20603,
          -0.085848,
          -0.101901,
          0.032924,
          -0.102512,
          -0.245414,
          0.068563,
          0.0909,
          -0.00071,
          -0.140407,
          -0.162669,
          -0.107795,
          -0.060289,
          0.099864,
          -0.105288,
          0.046788,
          0.027046,
          0.046449,
          0.062418,
          -0.096187,
          -0.030708,
          0.09448,
          0.045408,
          -0.184853,
          -0.038033,
          -0.067727,
          0.100447,
          -0.026476,
          -0.175273,
          0.094823,
          -0.096557,
          -0.006917,
          0.009014,
          0.216374,
          0.135103,
          -0.136207,
          -0.074991,
          -0.131182,
          0.232066,
          0.132309,
          0.047419,
          0.129072,
          0.044868,
          -0.186681,
          -0.056157,
          -0.161422,
          0.069821,
          -0.093056,
          0.031062,
          0.133972,
          -0.196549,
          0.090217,
          -0.088871,
          -0.047414,
          -0.1377,
          0.190118,
          0.021829,
          -0.105702,
          0.101884,
          -0.083492,
          0.144976,
          -0.133876,
          0.168763,
          -0.061527,
          -0.035193,
          0.244206,
          -0.102541,
          0.041941,
          -0.152156,
          0.083832,
          -0.130349,
          -0.149409,
          -0.135372,
          0.285406,
          0.052722,
          0.093069,
          0.271109,
          0.034331,
          -0.144498,
          -0.118478,
          0.02555,
          0.126,
          -0.058006,
          -0.07335,
          0.015791,
          -0.036337,
          0.130944,
          -0.151856,
          0.135514,
          -0.033855,
          0.20453,
          -0.050366,
          0.107838,
          -0.102738,
          0.137369,
          -0.106167,
          0.124912,
          -0.019298,
          -0.081813,
          0.109656,
          0.241064,
          -0.219505,
          -0.049699,
          -0.090519,
          -0.078606,
          -0.171392,
          -0.070898,
          0.162253,
          0.183997,
          -0.090885,
          -0.027099,
          -0.058815,
          0.143883,
          -0.12167,
          0.098381,
          0.071565,
          0.035434,
          0.00351,
          0.177294,
          -0.098929,
          0.13006,
          0.171499,
          -0.064335,
          0.192988,
          0.112374,
          0.061146,
          -0.096057,
          0.227522,
          0.17829,
          0.005755,
          -0.116167,
          0.023319,
          0.123959,
          -0.028681,
          0.162431,
          -0.078875,
          -0.059728,
          -0.132945,
          -0.16305,
          -0.262867,
          -0.150721,
          -0.144034,
          0.021137,
          0.061306,
          0.155786,
          0.013236,
          -0.136736,
          -0.031624,
          -0.11591,
          0.182156,
          0.208065,
          -0.173479,
          -0.215045,
          -0.361896,
          0.047013,
          -0.059899,
          0.139467,
          -0.133755,
          0.249252,
          -0.027857,
          0.180051,
          0.027463,
          -0.04351,
          0.053846,
          0.005071,
          0.111265,
          0.26281,
          0.16358,
          -0.04671,
          -0.329396,
          -0.221393,
          -0.029179,
          0.02824,
          -0.008735,
          0.100321,
          0.29392,
          0.021187,
          0.001466,
          0.063602,
          0.11275,
          -0.033169,
          -0.109529,
          0.051146,
          0.040951,
          0.236286,
          0.01148,
          -0.121079,
          0.05251,
          0.04258,
          -0.122178,
          -0.06845,
          -0.130851,
          -0.074559,
          -0.103144,
          0.025093,
          0.120716,
          0.113054,
          -0.028804,
          0.020822,
          0.140275,
          0.008005,
          -0.141587,
          0.327701,
          -0.01812,
          0.09768,
          0.040686,
          -0.040257,
          -0.389258,
          -0.025231,
          -0.016682,
          -0.156595,
          -0.048511,
          -0.040983,
          0.087429,
          -0.060138,
          0.165723,
          -0.268422,
          -0.304444,
          0.214333,
          -0.071659,
          -0.032707,
          0.168823,
          0.085192,
          -0.180797,
          -0.086504,
          -0.013944,
          -0.032927,
          -0.186057,
          -0.0085,
          0.120535,
          0.018319,
          -0.084076,
          -0.032784,
          -0.053121,
          -0.067425,
          0.201515,
          0.108972,
          0.213728,
          -0.088431,
          -0.034952,
          0.068966,
          0.108415,
          0.073068,
          -0.051023,
          -0.155934,
          -0.075632,
          -0.048083,
          -0.262927,
          0.029186,
          0.107773,
          -0.110315,
          -0.046607,
          -0.007946,
          -0.124264,
          -0.028696,
          0.133329,
          0.114414,
          0.060615,
          -0.002903,
          -0.017241,
          0.043998,
          0.270464,
          0.198956,
          0.304562,
          -0.008567,
          -0.168466,
          -0.041032,
          -0.002018,
          0.128038,
          -0.08051,
          -0.081913,
          -0.085543,
          -0.018549,
          -0.233829,
          0.086136,
          0.040701,
          -0.012405,
          -0.182299,
          -0.003542,
          0.133707,
          0.039553,
          0.163379,
          -0.131975,
          0.118119,
          0.020585,
          0.053848,
          0.19407,
          0.087015,
          0.108064,
          -0.034806,
          -0.049608,
          0.074137,
          0.058456,
          -0.065148,
          -0.052363,
          0.068288,
          -0.128331,
          0.213605,
          -0.045541,
          -0.115705,
          0.171954,
          0.076287,
          -0.113431,
          0.091611,
          -0.160713,
          0.095086,
          -0.005715,
          0.006588,
          0.076448,
          0.141056,
          -0.009139,
          -0.149752,
          0.104824,
          0.163673,
          -0.01125,
          -0.083369,
          0.016096,
          0.046139,
          -0.292018,
          -0.052016,
          -0.069599,
          0.042253,
          0.023075,
          0.209731,
          -0.078151,
          0.141514,
          0.089753,
          0.107257,
          0.002908,
          -0.194133,
          -0.048959,
          0.045958,
          0.121138,
          0.029475,
          0.042191,
          0.143699,
          0.111575,
          0.024488,
          -0.048541,
          0.166988,
          0.078905,
          0.11019,
          0.019874,
          -0.01193,
          -0.210211,
          -0.127371,
          -0.06003,
          0.169306,
          0.255042,
          0.148669,
          -0.031422,
          0.011618,
          0.138619,
          0.076345,
          0.179207,
          -0.189614,
          -0.04122,
          0.200224,
          0.044091,
          0.024844,
          -0.07867,
          0.20318,
          -0.032573,
          -0.093736,
          -0.285408,
          0.033167,
          -0.176249,
          -0.041063,
          -0.035797,
          -0.296416,
          -0.093581,
          0.0069,
          -0.054932,
          0.0372,
          -0.119632,
          -0.027712,
          -0.145952,
          -0.089055,
          -0.059271,
          0.154544,
          -0.115845,
          -0.011034,
          0.037494,
          0.186623,
          0.16421,
          -0.059754,
          -0.006317,
          -0.244028,
          0.064596,
          0.181888,
          -0.02424,
          0.033395,
          -0.095767,
          -0.189871,
          0.273029,
          0.178127,
          -0.030244,
          0.101712,
          0.383261,
          0.239398,
          0.031615,
          0.021194,
          0.179219,
          0.1263,
          0.28902,
          0.109236,
          -0.295423,
          0.205577,
          -0.112021,
          -0.223447,
          -0.281524,
          -0.074633,
          0.393219,
          -0.096398,
          -0.308781,
          0.014902,
          -0.067693,
          -0.150835,
          -0.068775,
          -0.47432,
          -0.324319,
          -0.354353,
          -0.133666,
          0.000572,
          -0.087956,
          -0.101259,
          -0.181961,
          -0.148581,
          0.111898,
          -0.195603,
          0.198086,
          0.197,
          0.132479,
          0.172421,
          -0.284613,
          -0.059111,
          0.153413,
          -0.068854,
          0.080977,
          0.139123,
          0.25493,
          -0.054848,
          0.2081,
          0.297301,
          0.038835,
          0.133954,
          -0.166418,
          -0.167214,
          0.211905,
          -0.088206,
          -0.112899,
          0.006134,
          -0.109531,
          -0.131658,
          0.080619,
          0.030393,
          -0.009185,
          0.049799,
          -0.269597,
          0.191954,
          -0.058616,
          0.168326,
          0.325595,
          0.106014,
          -0.14275,
          0.193273,
          0.111432,
          0.117984,
          0.232132,
          -0.08256,
          0.120312,
          -0.195657,
          -0.053736,
          0.049202,
          -0.019643,
          -0.054042,
          -0.009783,
          0.133844,
          -0.067679,
          0.152505,
          0.125212,
          -0.015131,
          0.003068,
          0.088188,
          -0.209331,
          -0.231406,
          -0.189067,
          0.009239,
          0.033279,
          -0.060448,
          0.08465,
          -0.178347,
          0.0759,
          0.185096,
          0.188588,
          -0.005551,
          -0.011166,
          0.044155,
          0.153274,
          -0.071983,
          -0.011311,
          0.246214,
          -0.079378,
          -0.110729,
          0.107702,
          -0.089357,
          -0.163641,
          -0.104215,
          0.252976,
          -0.038571,
          -0.204715,
          0.01406,
          -0.299189,
          0.155014,
          0.095952,
          0.018075,
          0.157802,
          -0.115076,
          0.008777,
          -0.227394,
          -0.02457,
          0.031615,
          -0.02273,
          -0.159488,
          0.09441,
          -0.039989,
          -0.073296,
          -0.088393,
          -0.038505,
          -0.132075,
          0.094337,
          -0.138088,
          0.072794,
          0.071405,
          -0.024512,
          0.177136,
          -0.008479,
          -0.025019,
          -0.009449,
          -0.068622,
          0.021179,
          -0.061961,
          0.032078,
          -0.02619,
          -0.012456,
          -0.137351,
          -0.229181,
          -0.218565,
          0.01028,
          0.133226,
          -0.180066,
          -0.241804,
          0.10908,
          -0.021616,
          0.025551,
          -0.101432,
          -0.123401,
          -0.038665,
          0.033813,
          -0.264965,
          0.200396,
          0.015453,
          -0.047855,
          -0.138892,
          0.047936,
          0.004893,
          0.243285,
          0.018971,
          0.087828,
          -0.106766,
          0.282464,
          -0.001733,
          0.215797,
          -0.005984,
          0.000972,
          0.175628,
          0.071254,
          0.14954,
          0.065365,
          -0.322504,
          0.222257,
          0.032356,
          0.050601,
          -0.20878,
          0.072168,
          0.007061,
          0.001037,
          -0.108038,
          -0.067007,
          0.103736,
          -0.008721,
          -0.149109,
          -0.203382,
          -0.041519,
          0.145111,
          -0.2296,
          0.0022,
          0.062634,
          -0.105354,
          -0.217886,
          -0.060812,
          0.526913,
          -0.052093,
          0.009396,
          -0.062109,
          0.021084,
          0.002293,
          -0.045558,
          0.174883,
          -0.139284,
          0.128614,
          -0.172097,
          0.251175,
          -0.268053,
          -0.066048,
          0.074587,
          0.154865,
          -0.132638,
          -0.082453,
          -0.069876,
          0.116866,
          0.091958,
          -0.048394,
          -0.153292,
          0.019089,
          -0.041225,
          -0.153051,
          -0.102923,
          -0.071011,
          0.128843,
          0.011263,
          -0.109332,
          -0.206874,
          -0.062157,
          0.096865,
          -0.117279,
          0.069159,
          0.107278,
          -0.116764,
          0.076862,
          -0.228569,
          0.318829,
          -0.001681,
          0.087544,
          0.04735,
          0.151477,
          -0.118187,
          -0.04515,
          -0.086237,
          -0.005247,
          -0.141731,
          0.181835,
          0.009113,
          -0.133469,
          0.018116,
          0.115227,
          -0.054971,
          -0.208953,
          -0.20893,
          -0.012153,
          0.109776,
          -0.20048,
          -0.014892,
          0.102361,
          -0.057189,
          0.064668,
          -0.135096,
          -0.093529,
          -0.225735,
          -0.026624,
          -0.036656,
          -0.015224,
          -0.10823,
          -0.080402,
          0.103004,
          0.191791,
          -0.160865,
          -0.38407,
          0.196109,
          0.120106,
          -0.009513,
          -0.01532,
          -0.030305,
          0.00535,
          -0.028905,
          -0.027704,
          0.037156,
          -0.275913,
          0.041374,
          -0.070032,
          -0.11279,
          -0.079541,
          -0.014063,
          -0.213714,
          -0.050748,
          0.109682,
          -0.005256,
          0.091355,
          -0.031502,
          0.013991,
          -0.007955,
          0.096212,
          0.187698,
          0.052748,
          0.191554,
          -0.178158,
          -0.06079,
          0.224662,
          0.227055,
          -0.066698,
          0.142352,
          0.118172,
          -0.1413,
          0.143407,
          0.052997,
          -0.043825,
          -0.11665,
          -0.041744,
          -0.175498,
          -0.00077,
          0.084491,
          -0.094425,
          0.161665,
          -0.046932,
          0.08607,
          -0.025918,
          0.10792,
          0.034455,
          0.212369,
          0.180554,
          0.058135,
          -0.005497,
          -0.044355,
          -0.232455,
          -0.072159,
          0.042443,
          0.148095,
          0.013076,
          -0.084916,
          0.180243,
          -0.013003,
          0.121321,
          0.015457,
          -0.115186,
          -0.071856,
          0.190792,
          -0.039729,
          0.042082,
          -0.150065,
          0.130957,
          0.18177,
          0.25455,
          0.085358,
          0.13401,
          -0.161515,
          -0.06755,
          0.219064,
          0.038596,
          -0.057898,
          -0.222267,
          -0.197625,
          -0.158904,
          -0.154164,
          -0.070098,
          0.005613,
          0.152215,
          -0.236289,
          0.010368,
          -0.096339,
          0.117896,
          -0.099274,
          0.262567,
          0.027713,
          0.229085,
          -0.032098,
          0.029318,
          0.024738,
          0.303285,
          -0.069024,
          -0.30523,
          0.166253,
          0.329866,
          0.046906,
          -0.316229,
          -0.090381,
          0.190438,
          -0.015671,
          -0.131743,
          0.231116,
          0.016518,
          -0.128208,
          -0.053341,
          -0.180928,
          -0.137669,
          -0.186027,
          -0.355526,
          -0.286202,
          0.247183,
          0.399003,
          -0.127464,
          -0.180398,
          0.122875,
          -0.120036,
          -0.301492,
          -0.012672,
          0.371453,
          0.051504,
          0.111047,
          0.154609,
          -0.001,
          0.045713,
          -0.032429,
          0.193893,
          0.035363,
          0.122442,
          -0.249418,
          0.131775,
          0.102607,
          -0.161772,
          -0.058743,
          0.187287,
          -0.34475,
          -0.162555,
          -0.130536,
          -0.06011,
          0.225101,
          -0.065774,
          0.272872,
          -0.142849,
          0.035254,
          -0.285184,
          0.206909,
          0.097516,
          -0.161812,
          0.15277,
          0.056649,
          -0.089462,
          0.048095,
          -0.172765,
          0.010013,
          -0.103785,
          -0.028539,
          -0.150078,
          0.279682,
          -0.08233,
          0.11044,
          -0.19614,
          -0.058182,
          -0.202404,
          -0.173046,
          -0.068785,
          -0.095577,
          -0.078053,
          0.147648,
          0.034194,
          -0.129279,
          -0.206393,
          0.028203,
          -0.124438,
          -0.089608,
          -0.170926,
          0.070108,
          -0.22035,
          -0.110886,
          -0.067501,
          0.271617,
          0.071253,
          0.128649,
          -0.144622,
          0.098195,
          0.079435,
          -0.132289,
          -0.027085,
          -0.011769,
          0.005229,
          -0.098449,
          0.006171,
          -0.111786,
          -0.369269,
          0.002889,
          0.249582,
          -0.192236,
          0.285414,
          0.051726,
          -0.102948,
          0.088318,
          0.062017,
          0.03738,
          0.211486,
          -0.170728,
          0.078833,
          0.101642,
          0.095196,
          -0.045765,
          0.153583,
          0.122108,
          0.112236,
          0.049008,
          0.132562,
          -0.283587,
          -0.040934,
          -0.515481,
          0.020804,
          -0.243203,
          0.158381,
          0.132661,
          -0.022755,
          -0.008628,
          -0.044047,
          -0.112292,
          -0.198524,
          0.099417,
          0.172253,
          -0.141397,
          0.132496,
          0.097852,
          0.024766,
          -0.139193,
          0.064219,
          0.053703,
          -0.19503,
          0.160842,
          -0.123392,
          0.10475,
          0.126405,
          0.178497,
          0.218717,
          0.134927,
          -0.055684,
          -0.067318,
          0.058519,
          0.036638,
          0.157336,
          -0.187353,
          0.14803,
          -0.033609,
          0.183643,
          0.096218,
          -0.115196,
          -0.139022,
          -0.040094,
          -0.010252,
          0.213963,
          -0.045323,
          0.155531,
          0.141297,
          0.196252,
          0.089615,
          0.039143,
          0.061672,
          0.054886,
          0.014464,
          -0.276223,
          0.125859,
          0.062892,
          -0.199643,
          0.185393,
          0.24557,
          -0.091449,
          0.069174,
          -0.073577,
          -0.136937,
          0.031463,
          0.090071,
          -0.170658,
          -0.377263,
          -0.080037,
          -0.07284,
          0.053014,
          0.062061,
          0.025009,
          0.282183,
          0.213165,
          -0.045666,
          -0.084456,
          -0.094701,
          -0.111291,
          -0.141792,
          -0.063077,
          0.13685,
          0.013522,
          0.10509,
          0.020316,
          -0.151271,
          0.05294,
          -0.167576,
          -0.037805,
          -0.098073,
          -0.0621,
          -0.135707,
          -0.07676,
          0.074444,
          0.068992,
          0.004159,
          -0.258117,
          -0.162281,
          0.115602,
          0.283731,
          -0.020085,
          -0.110975,
          -0.169862,
          -0.140938,
          0.065026,
          -0.029754,
          -0.037032,
          -0.079041,
          -0.186486,
          -0.064307,
          0.071107,
          -0.213969,
          0.112519,
          0.184559,
          -0.17168,
          0.180175,
          -0.113198,
          -0.146557,
          -0.07631,
          -0.084736,
          -0.220478,
          -0.168087,
          0.028236,
          -0.024445,
          -0.014795,
          0.002199,
          -0.194485,
          0.024504,
          0.104652,
          -0.13853,
          0.024811,
          0.216795,
          0.00727,
          0.028694,
          -0.020829,
          -0.149135,
          -0.063441,
          0.305199,
          0.085205,
          -0.215163,
          -0.01867,
          0.077928,
          0.168004,
          0.077449,
          0.02819,
          -0.052634,
          -0.165534,
          -0.186742,
          0.037062,
          -0.048646,
          0.010157,
          0.124037,
          0.384257,
          0.257674,
          0.139689,
          -0.059867,
          0.128494,
          -0.135811,
          0.207516,
          -0.255817,
          -0.036694,
          0.22018,
          0.074345,
          -0.353759,
          -0.094172,
          0.019806,
          0.027442,
          0.072918,
          -0.005134,
          -0.015794,
          -0.055227,
          -0.169695,
          0.254281,
          -0.1663,
          0.223627,
          0.144494,
          -0.174032,
          0.004498,
          0.295897,
          -0.126281,
          -0.072508,
          0.124871,
          0.00903,
          0.342001,
          0.206644,
          0.28062,
          -0.142377,
          0.203963,
          0.055173,
          -0.047471,
          -0.038023,
          -0.072488,
          -0.022716,
          -0.073658,
          0.083139,
          0.263027,
          -0.058026,
          0.140488,
          -0.064499,
          -0.075139,
          -0.170065,
          0.126107,
          -0.27471,
          -0.105891,
          0.063984,
          -0.091633,
          -0.015921,
          0.10457,
          0.156755,
          0.274387,
          -0.010311,
          0.21942,
          0.079958,
          0.051866,
          -0.064406,
          -0.352369,
          -0.025375,
          -0.106523,
          -0.120584,
          -0.051539,
          0.020799,
          -0.130875,
          0.141774,
          0.139915,
          0.183772,
          0.024153,
          -0.179038,
          -0.008411,
          0.036258,
          -0.119699,
          0.141703,
          0.420225,
          0.021816,
          -0.101454,
          0.14489,
          -0.151162,
          0.018753,
          -0.419443,
          0.095133,
          -0.081935,
          -0.055644,
          -0.198444,
          0.005296,
          -0.305989,
          -0.175458,
          0.078016,
          0.058127,
          0.046741,
          0.384769,
          0.179365,
          0.048573,
          -0.072445,
          -0.04677,
          0.075828,
          -0.17994,
          -0.058401,
          0.075192,
          -0.10183,
          0.208682,
          -0.228128,
          -0.13595,
          0.059848,
          -0.049047,
          0.011061,
          -0.022929,
          -0.15424,
          -0.044412,
          0.252111,
          0.090366,
          0.045579,
          -0.241547,
          0.079301,
          0.028571,
          0.054568,
          0.117243,
          0.139526,
          0.075744,
          -0.178347,
          -0.191939,
          -0.038962,
          -0.143556,
          -0.064056,
          -0.128276,
          0.04634,
          -0.022333,
          0.04478,
          -0.292681,
          0.038163,
          0.189142,
          0.212557,
          -0.009525,
          0.265718,
          -0.0788,
          0.188474,
          0.125664,
          -0.127422,
          0.220939,
          0.084061,
          0.117577,
          0.101547,
          0.106148,
          0.200418,
          -0.052797,
          -0.128562,
          0.00971,
          0.113879,
          -0.116259,
          -0.089278,
          0.044673,
          -0.022423,
          -0.022016,
          0.206028,
          0.055797,
          -0.0317,
          0.230602,
          0.035639,
          0.008853,
          -0.109378,
          -0.338573,
          0.192363,
          -0.134926,
          -0.251386,
          0.293541,
          0.107157,
          -0.051647,
          -0.022409,
          -0.076005,
          0.00951,
          0.10005,
          0.132229,
          -0.111279,
          0.119436,
          0.068562,
          -0.060944,
          -0.013581,
          -0.169827,
          0.16725,
          -0.160316,
          0.100234,
          0.018496,
          0.088276,
          0.076315,
          -0.192537,
          -0.052666,
          -0.089125,
          0.063408,
          0.146017,
          -0.001704,
          0.104273,
          -0.006327,
          -0.019221,
          -0.22845,
          -0.052171,
          -0.181226,
          0.143333,
          -0.099919,
          0.072441,
          -0.121834,
          0.169965,
          -0.110551,
          0.090705,
          -0.018716,
          -0.081004,
          0.163781,
          0.125423,
          -0.249871,
          0.047201,
          0.063839,
          0.107982,
          -0.064101,
          -0.040915,
          0.130768,
          -0.219305,
          0.288597,
          -0.049016,
          -0.04264,
          0.044723,
          0.223947,
          0.236836,
          -0.031966,
          -0.042787,
          -0.022788,
          -0.009738,
          0.044935,
          -0.228333,
          0.111635,
          0.022549,
          -0.235858,
          0.129424,
          0.077564,
          0.149907,
          0.123081,
          0.175295,
          -0.028174,
          -0.13772,
          -0.250354,
          -0.111913,
          0.019182,
          0.077867,
          -0.05332,
          -0.160383,
          0.046402,
          -0.025472,
          0.126378,
          -0.138913,
          -0.082592,
          0.201388,
          -0.114007,
          0.139472,
          -0.013042,
          0.121551,
          0.070613,
          0.03523,
          0.007978,
          0.199649,
          -0.076106,
          -0.096106,
          0.080673,
          -0.128348,
          -0.067137,
          -0.129468,
          0.193521,
          -0.121668,
          0.091443,
          -0.058624,
          -0.114429,
          0.006864,
          -0.027525,
          -0.17481,
          -0.011576,
          -0.168146,
          0.146458,
          -0.206796,
          -0.054922,
          -0.033048,
          0.022469,
          -0.030324,
          -0.036178,
          0.041799,
          0.222512,
          0.061124,
          0.070414,
          0.183472,
          -0.063924,
          0.067606,
          -0.0789,
          0.205683,
          0.142334,
          0.059756,
          0.123145,
          -0.212664,
          -0.2107,
          -0.020243,
          0.249672,
          0.017736,
          -0.236588,
          -0.096051,
          0.072353,
          -0.31185,
          -0.088145,
          0.232899,
          -0.193869,
          -0.153707,
          0.036,
          0.171288,
          0.257343,
          -0.062901,
          0.13164,
          0.253035,
          0.016018,
          -0.069719,
          0.182508,
          -0.153703,
          -0.16407,
          0.210931,
          -0.133345,
          -0.092268,
          0.021968,
          0.160614,
          -0.247418,
          0.02188,
          0.111154,
          -0.387701,
          -0.228542,
          -0.233801,
          0.057195,
          0.167953,
          0.106498,
          -0.13523,
          -0.159525,
          -0.181076,
          0.005244,
          0.097881,
          0.253993,
          -0.00464,
          -0.08994,
          -0.075643,
          -0.194044,
          0.107428,
          0.002807,
          0.045855,
          -0.1224,
          0.009634,
          0.134763,
          0.215288,
          -0.119204,
          -0.088551,
          -0.077882,
          -0.125281,
          0.174467,
          0.084183,
          0.036027,
          0.360865,
          -0.091056,
          0.029074,
          -0.120359,
          -0.137735,
          0.272178,
          -0.111469,
          0.001226,
          0.042367,
          0.011611,
          -0.089787,
          0.169908,
          0.204194,
          0.091826,
          0.065812,
          0.030093,
          -0.055913,
          0.069113,
          -0.090774,
          -0.008455,
          0.129732,
          0.001492,
          0.01124,
          -0.052871,
          0.107591,
          -0.015596,
          0.08607,
          0.175733,
          0.048333,
          0.211065,
          -0.159477,
          0.225402,
          0.035597,
          -0.02991,
          0.154001,
          -0.099674,
          -0.113252,
          -0.000306,
          -0.031941,
          0.053065,
          0.05737,
          -0.06519,
          -0.029283,
          -0.0512,
          0.244135,
          -0.103932,
          0.028008,
          0.019602,
          -0.101806,
          -0.145356,
          -0.037508,
          -0.090958,
          -0.006789,
          -0.078249,
          -0.145136,
          -0.070315,
          0.124726,
          -0.104646,
          0.125294,
          -0.097877,
          -0.104178,
          -0.120853,
          -0.099276,
          0.021569,
          0.039766,
          0.166108,
          -0.046268,
          -0.032271,
          -0.045398,
          -0.041467,
          -0.106474,
          -0.069974,
          -0.084433,
          -0.162819,
          -0.043876,
          -0.02225,
          0.036645,
          -0.108072,
          0.037579,
          -0.216739,
          0.106646,
          0.08602,
          0.090061,
          0.169584,
          -0.046036,
          -0.027966,
          -0.339916,
          -0.118066,
          -0.037856,
          -0.084442,
          0.091979,
          -0.1055,
          0.247836,
          0.135119,
          -0.141295,
          -0.022086,
          -0.020908,
          0.137468,
          0.07399,
          0.266152,
          0.046605,
          0.093259,
          -0.088966,
          0.052996,
          0.073078,
          0.153418,
          0.111123,
          -0.014062,
          -0.001582,
          0.191102,
          0.092969,
          0.071762,
          -0.312413,
          -0.017376,
          -0.052573,
          0.100379,
          -0.089222,
          0.00104,
          0.043232,
          -0.03504,
          -0.048341,
          0.150497,
          0.029617,
          -0.154891,
          -0.247539,
          0.091964,
          0.083009,
          0.062482,
          0.126641,
          0.110501,
          0.017494,
          -0.040434,
          -0.092093,
          0.155821,
          -0.005588,
          0.157312,
          0.208286,
          0.118527,
          -0.018961,
          -0.090491,
          -0.006735,
          -0.174866,
          -0.153831,
          -0.149203,
          -0.094653,
          -0.062796,
          0.155556,
          -0.164355,
          -0.121189,
          0.161196,
          -0.224922,
          0.033012,
          -0.034356,
          -0.024804,
          -0.009343,
          -0.032908,
          0.165028,
          -0.194383,
          -0.045811,
          -0.156913,
          0.146297,
          0.125582,
          0.019647,
          -0.192093,
          0.259338,
          0.089854,
          0.154511,
          -0.069044,
          -0.245718,
          -0.081765,
          0.064355,
          0.082871,
          -0.040895,
          -0.17602,
          -0.061383,
          0.004239,
          0.181433,
          -0.223323,
          -0.116932,
          -0.255086,
          -0.033218,
          0.108634,
          0.103137,
          -0.082143,
          0.069879,
          -0.030478,
          -0.186956,
          0.054326,
          0.193807,
          -0.154246,
          -0.192247,
          -0.10432,
          0.083219,
          -0.160896,
          -0.023867,
          0.106775,
          -0.204499,
          0.140882,
          0.056292,
          -0.056936,
          -0.110029,
          0.016615,
          0.097443,
          -0.141445,
          -0.140434,
          0.056693,
          -0.13271,
          0.019109,
          -0.013752,
          0.074561,
          0.14836,
          0.051804,
          0.056431,
          0.115997,
          -0.076981,
          -0.042049,
          0.07115,
          0.075612,
          -0.063761,
          0.01734,
          0.150496,
          -0.054256,
          -0.040713,
          -0.122104,
          -0.037578,
          0.130152,
          -0.127253,
          0.106415,
          0.142057,
          0.005515,
          0.087976,
          0.020763,
          -0.045892,
          0.196159,
          0.170704,
          -0.024331,
          0.120037,
          0.023272,
          0.172391,
          0.015168,
          -0.085648,
          -0.010937,
          0.035931,
          -0.067672,
          -0.023888,
          0.034291,
          -0.101992,
          0.029513,
          0.157753,
          0.069035,
          -0.096904,
          0.007037,
          0.100276,
          -0.251401,
          -0.084077,
          -0.20435,
          0.116849,
          0.157008,
          -0.016661,
          0.071089,
          -0.218744,
          0.056519,
          -0.170759,
          -0.30098,
          -0.000989,
          0.241232,
          -0.123133,
          0.314787,
          -0.073873,
          -0.137592,
          0.0392,
          -0.097899,
          0.087322,
          0.094845,
          -0.181254,
          -0.042066,
          0.128134,
          0.042899,
          0.062205,
          0.087052,
          -0.011182,
          0.007888,
          0.262098,
          -0.12484,
          -0.16363,
          -0.096491,
          0.196822,
          0.098103,
          0.061265,
          0.127718,
          -0.274589,
          0.040019,
          0.101426,
          0.206116,
          0.202284,
          -0.100003,
          0.201866,
          -0.202131,
          0.148727,
          -0.151405,
          -0.077226,
          0.009291,
          0.011467,
          0.201424,
          -0.133052,
          0.022899,
          -0.001785,
          -0.07513,
          -0.232097,
          0.155276,
          -0.023659,
          0.034257,
          0.195671,
          0.128645,
          -0.075868,
          -0.060307,
          -0.079028,
          0.107422,
          -0.124873,
          0.029585,
          -0.17702,
          -0.161112,
          0.219533,
          0.109986,
          0.022532,
          -0.238035,
          0.107796,
          -0.299549,
          -0.005164,
          0.015521,
          -0.159981,
          0.201826,
          -0.306557,
          -0.016806,
          -0.004955,
          0.085358,
          -0.329935,
          0.095707,
          -0.185855,
          -0.002391,
          0.04425,
          -0.337721,
          0.039425,
          -0.295305,
          -0.226595,
          0.154146,
          -0.056299,
          -0.158894,
          0.3738,
          0.032497,
          0.14867,
          0.242654,
          -0.121417,
          0.093022,
          0.074803,
          0.319265,
          0.002091,
          0.347593,
          -0.035358,
          -0.136811,
          0.033934,
          0.113452,
          0.230369,
          -0.107827,
          0.082859,
          0.255379,
          -0.07994,
          0.021296,
          0.087287,
          -0.161081,
          0.201806,
          -0.156055,
          -0.029524,
          0.131082,
          0.057669,
          0.037155,
          -0.095049,
          0.229124,
          0.082924,
          -0.199649,
          0.390152,
          -0.190494,
          0.062065,
          -0.151833,
          -0.070966,
          -0.030436,
          0.355249,
          -0.307779,
          0.262434,
          -0.128443,
          -0.061191,
          -0.07585,
          -0.129165,
          -0.0474,
          -0.069157,
          0.377211,
          -0.148794,
          0.296335,
          -0.223548,
          0.273997,
          0.224084,
          -0.001673,
          -0.00448,
          0.143805,
          0.092273,
          -0.047659,
          0.275415,
          0.112014,
          0.087522,
          -0.151431,
          -0.10634,
          0.0441,
          -0.313765,
          -0.068588,
          0.363435,
          0.041671,
          0.269782,
          0.162283,
          -0.19401,
          0.24285,
          0.006571,
          0.020831,
          0.155845,
          -0.207293,
          0.042515,
          -0.091288,
          -0.058031,
          -0.183415,
          0.168205,
          0.288569,
          0.006918,
          0.080954,
          0.1746,
          0.123459,
          0.012339,
          0.184766,
          0.030736,
          -0.058135,
          0.114945,
          -0.196767,
          -0.199093,
          -0.0162,
          0.111703,
          0.250143,
          0.181821,
          -0.220622,
          -0.247289,
          -0.010692,
          -0.043949,
          -0.036413,
          -0.073278,
          0.093818,
          -0.014553,
          -0.026907,
          0.040446,
          -0.094761,
          0.003855,
          -0.132545,
          0.199645,
          -0.108357,
          0.039397,
          -0.176071,
          0.128498,
          0.096149,
          0.047673,
          -0.108472,
          -0.039174,
          -0.126405,
          -0.08901,
          -0.214659,
          -0.06499,
          0.029879,
          -0.205786,
          0.020396,
          0.091321,
          -0.111767,
          0.103918,
          -0.007369,
          -0.012712,
          -0.068718,
          -0.078783,
          -0.088634,
          0.226265,
          -0.03716,
          0.037703,
          0.019663,
          0.181882,
          0.194342,
          0.164396,
          0.021175,
          0.186753,
          -0.106147,
          -0.026369,
          -0.041622,
          -0.10244,
          0.053106,
          0.044687,
          -0.063899,
          0.174996,
          -0.036268,
          0.00647,
          0.146939,
          -0.073806,
          0.043509,
          0.16659,
          -0.138205,
          0.184242,
          -0.031738,
          0.054163,
          0.039008,
          -0.027722,
          -0.003523,
          -0.120023,
          -0.025971,
          0.038503,
          0.076657,
          -0.047144,
          0.148365,
          0.073125,
          0.025976,
          0.225703,
          0.202779,
          0.038103,
          -0.033226,
          0.110662,
          0.142612,
          -0.066112,
          -0.117861,
          0.262712,
          -0.177639,
          -0.008927,
          -0.064252,
          -0.201258,
          -0.003036,
          0.030534,
          0.006735,
          -0.295359,
          -0.00582,
          -0.131216,
          0.08629,
          0.204415,
          -0.170856,
          -0.23137,
          -0.21942,
          -0.149907,
          -0.171148,
          -0.001885,
          0.053463,
          -0.287785,
          -0.203333,
          -0.081871,
          0.047194,
          0.383987,
          0.127818,
          0.050131,
          -0.144324,
          -0.142469,
          0.037634,
          -0.01054,
          0.071635,
          -0.23259,
          0.176013,
          0.101594,
          -0.315693,
          -0.085762,
          0.014463,
          -0.100136,
          0.096262,
          0.24894,
          -0.005954,
          0.065639,
          0.051215,
          0.028034,
          -0.133351,
          0.176877,
          -0.061421,
          -0.019522,
          0.129571,
          -0.102058,
          0.090182,
          -0.120451,
          0.08963,
          0.064264,
          -0.123345,
          0.075748,
          -0.019589,
          0.172589,
          0.15029,
          0.012094,
          0.034357,
          -0.057204,
          0.075562,
          -0.100041,
          -0.076908,
          -0.138485,
          -0.24723,
          -0.02201,
          0.186704,
          0.023079,
          0.34936,
          -0.127486,
          0.015041,
          0.120546,
          0.027763,
          -0.127011,
          0.002431,
          -0.005276,
          -0.026181,
          0.153131,
          -0.00578,
          0.083721,
          -0.074291,
          -0.265381,
          -0.060542,
          0.040184,
          0.184116,
          0.181279,
          0.062938,
          0.076956,
          0.036032,
          -0.011769,
          -0.064397,
          0.122089,
          0.156974,
          0.115727,
          0.098548,
          -0.036709,
          0.199674,
          -0.100412,
          0.033551,
          -0.066796,
          0.071686,
          0.05267,
          -0.167099,
          -0.109733,
          0.094825,
          -0.04255,
          -0.03605,
          0.088047,
          -0.134152,
          -0.144463,
          -0.087374,
          -0.156197,
          0.095771,
          0.035138,
          -0.057942,
          -0.138,
          -0.122465,
          0.283073,
          0.165565,
          -0.188138,
          0.201696,
          0.251317,
          -0.131129,
          0.082405,
          -0.011456,
          -0.07034,
          -0.061189,
          -0.02998,
          -0.120068,
          -0.256739,
          0.059683,
          -0.057276,
          -0.037656,
          0.301317,
          -0.026147,
          0.190393,
          0.141778,
          0.09385,
          -0.06115,
          -0.266466,
          0.287445,
          -0.171337,
          -0.088251,
          0.016966,
          0.141776,
          -0.143101,
          -0.098124,
          -0.086099,
          0.094691,
          0.113065,
          0.187961,
          0.062811,
          -0.116427,
          -0.124729,
          0.13104,
          0.09993,
          -0.132787,
          -0.003205,
          0.076469,
          0.171663,
          0.031412,
          0.050533,
          -0.106314,
          0.236515,
          0.070234,
          0.163254,
          0.136702,
          -0.152902,
          -0.080614,
          0.070323,
          -0.072742,
          0.112512,
          -0.013003,
          -0.105004,
          0.123259,
          -0.193481,
          0.153323,
          -0.131284,
          0.063093,
          -0.140085,
          0.10555,
          -0.081901,
          -0.246906,
          -0.127133,
          -0.125111,
          0.068262,
          0.156696,
          0.132902,
          0.116329,
          -0.170495,
          -0.170502,
          0.020374,
          0.161001,
          0.091259,
          -0.051888,
          0.124545,
          0.072187,
          -0.158674,
          -0.006378,
          0.175641,
          0.136579,
          0.000855,
          -0.070928,
          0.201829,
          0.024948,
          0.0445,
          0.063725,
          0.073953,
          -0.213373,
          0.110264,
          -0.154276,
          -0.036888,
          0.016453,
          0.339198,
          -0.253028,
          0.099815,
          -0.050152,
          0.182141,
          0.012165,
          -0.105093,
          0.083153,
          -0.024237,
          -0.1108,
          0.231403,
          0.189138,
          -0.050817,
          0.204463,
          -0.089373,
          -0.143601,
          -0.077677,
          -0.170052,
          0.074865,
          0.263422,
          0.16547,
          0.041782,
          -0.006288,
          -0.082967,
          -0.132215,
          -0.196978,
          0.182746,
          -0.222171,
          -0.200472,
          0.074971,
          0.015022,
          -0.095855,
          -0.163368,
          0.106331,
          0.081536,
          0.008428,
          0.034384,
          -0.183183,
          0.081794,
          0.050998,
          -0.202088,
          0.000237,
          -0.014242,
          -0.012349,
          0.036416,
          0.257352,
          -0.125502,
          0.014438,
          -0.016925,
          -0.033528,
          0.029989,
          0.084961,
          0.095563,
          -0.054593,
          -0.043307,
          -0.012998,
          0.358068,
          0.019993,
          0.205666,
          -0.087202,
          0.170466,
          -0.000155,
          -0.042044,
          -0.284971,
          -0.06791,
          -0.121446,
          -0.237102,
          -0.179916,
          0.238292,
          0.267143,
          -0.119071,
          0.082002,
          -0.054597,
          0.16128,
          0.08702,
          -0.175935,
          0.051538,
          0.12221,
          0.156628,
          -0.070871,
          0.011578,
          0.110317,
          -0.208185,
          -0.110356,
          -0.096355,
          -0.133669,
          -0.202365,
          -0.174123,
          0.067105,
          -0.023769,
          0.010358,
          0.372101,
          -0.164339,
          -0.065914,
          0.026076,
          0.138168,
          -0.085932,
          -0.095916,
          -0.123525,
          -0.173956,
          -0.019827,
          0.138684,
          -0.125856,
          0.005495,
          -0.206936,
          -0.102021,
          -0.076961,
          -0.215949,
          -0.080973,
          -0.188711,
          0.006869,
          -0.081079,
          -0.11912,
          0.019535,
          0.080769,
          -0.081795,
          0.07021,
          -0.167904,
          0.088945,
          0.04429,
          0.028035,
          -0.026784,
          0.15797,
          -0.159174,
          0.062504,
          0.086374,
          0.111855,
          -0.079731,
          -0.155877,
          -0.132176,
          0.014118,
          0.161646,
          -0.047774,
          0.211601,
          -0.198963,
          -0.066632,
          0.200669,
          0.197706,
          0.031617,
          0.126652,
          0.212506,
          -0.051606,
          0.110801,
          -0.103077,
          0.045557,
          -0.089037,
          -0.28446,
          -0.09577,
          -0.146182,
          0.175143,
          -0.261611,
          -0.021099,
          -0.171107,
          -0.091821,
          0.033061,
          0.085626,
          -0.064953,
          0.094491,
          -0.01628,
          -0.04724,
          -0.043662,
          0.042773,
          -0.286761,
          0.322612,
          0.0418,
          -0.0546,
          -0.310464,
          -0.049885,
          0.243039,
          0.047522,
          0.065722,
          -0.094674,
          -0.014073,
          -0.103094,
          -0.183237,
          0.239782,
          -0.123664,
          -0.152854,
          -0.122646,
          -0.140089,
          -0.088271,
          0.018783,
          0.026763,
          -0.010491,
          -0.0542,
          0.228632,
          -0.076528,
          0.107292,
          -0.097929,
          -0.076216,
          0.104095,
          0.186974,
          0.154674,
          -0.18991,
          0.021099,
          0.183182,
          0.017473,
          -0.101305,
          0.0501,
          -0.133516,
          -0.152449,
          -0.065725,
          0.092489,
          -0.21258,
          -0.15294,
          0.037873,
          -0.099415,
          0.150998,
          -0.079139,
          -0.074458,
          0.101443,
          0.021367,
          -0.123544,
          0.141507,
          -0.214561,
          0.02012,
          0.002705,
          -0.159379,
          -0.102558,
          0.236293,
          0.066686,
          0.009868,
          0.02124,
          -0.19192,
          -0.10251,
          -0.004025,
          -0.274175,
          -0.025527,
          -0.238812,
          0.122561,
          -0.02563,
          -0.104116,
          -0.010148,
          -0.030587,
          -0.183507,
          -0.128134,
          -0.06962,
          -0.290532,
          -0.004608,
          -0.202797,
          0.082227,
          0.135946,
          -0.101571,
          -0.218583,
          -0.062209,
          0.118351,
          -0.009854,
          0.045821,
          -0.133659,
          0.144937,
          -0.225362,
          0.152277,
          0.158772,
          0.096507,
          0.077509,
          0.118554,
          0.150291,
          0.26755,
          -0.006314,
          0.211242,
          -0.000136,
          0.121332,
          0.000238,
          0.207218,
          -0.113449,
          -0.052575,
          0.016161,
          -0.260524,
          -0.027119,
          0.04698,
          -0.108093,
          0.039538,
          -0.071046,
          0.015944,
          -0.138681,
          -0.116198,
          0.027051,
          -0.101516,
          -0.079861,
          0.194573,
          0.013503,
          -0.075897,
          0.192453,
          -0.195083,
          0.292711,
          0.107893,
          0.070427,
          0.171283,
          -0.034576,
          0.155906,
          0.278097,
          -0.045374,
          0.054716,
          -0.201859,
          -0.144199,
          0.195221,
          -0.062073,
          0.061248,
          0.079921,
          -0.035811,
          -0.190668,
          0.037746,
          -0.086869,
          0.096248,
          -0.034497,
          -0.075922,
          0.06573,
          0.120898,
          -0.011946,
          -0.053282,
          -0.063824,
          0.070136,
          0.220913,
          -0.031743,
          0.11896,
          -0.114485,
          0.007295,
          0.004576,
          -0.064029,
          -0.167548,
          -0.144024,
          0.186389,
          -0.052531,
          0.10349,
          0.189879,
          0.02141,
          0.00553,
          -0.087633,
          0.192748,
          0.190556,
          0.083418,
          -0.074583,
          -0.094499,
          0.142629,
          -0.068659,
          -0.211109,
          0.071695,
          0.189886,
          -0.241277,
          -0.090993,
          -0.157504,
          0.204871,
          0.327472,
          -0.082477,
          0.01531,
          0.375493,
          -0.32663,
          0.353738,
          0.009717,
          -0.016064,
          0.070527,
          0.142803,
          0.016497,
          0.036486,
          0.205319,
          0.181431,
          0.363716,
          -0.046968,
          0.06146,
          0.036237,
          -0.000357,
          0.020562,
          -0.091053,
          -0.054053,
          0.03091,
          0.071799,
          0.021758,
          0.038751,
          0.105587,
          0.226283,
          0.27122,
          -0.028904,
          0.081014,
          -0.095087,
          -0.21732,
          -0.071481,
          0.013096,
          0.112777,
          0.143678,
          -0.387664,
          -0.076453,
          -0.099781,
          0.054026,
          -0.214219,
          0.050187,
          -0.260488,
          0.128613,
          0.095844,
          0.011634,
          -0.10611,
          0.169503,
          0.137441,
          0.251339,
          0.126776,
          -0.006895,
          -0.083675,
          0.029429,
          -0.172344,
          0.181159,
          -0.483224,
          -0.053867,
          0.038711,
          -0.103733,
          -0.011214,
          0.113268,
          -0.03977,
          0.126178,
          0.16782,
          -0.192894,
          -0.224959,
          -0.026445,
          0.154521,
          0.111731,
          -0.039438,
          0.120967,
          0.17745,
          0.177726,
          0.11586,
          0.00907,
          -0.027058,
          -0.030138,
          0.018135,
          0.053293,
          -0.083385,
          0.100054,
          0.026344,
          0.11343,
          0.173627,
          -0.13651,
          -0.117307,
          -0.141748,
          0.128056,
          -0.203008,
          -0.164013,
          -0.200316,
          0.084602,
          0.169443,
          0.097494,
          0.069105,
          -0.007645,
          -0.193711,
          -0.217317,
          -0.086152,
          -0.047657,
          -0.052315,
          -0.109905,
          -0.01753,
          -0.092324,
          0.195664,
          0.073743,
          -0.254251,
          0.163638,
          -0.035523,
          -0.026572,
          0.109521,
          0.048771,
          0.069179,
          -0.012799,
          -0.122508,
          -0.097494,
          -0.045177,
          0.222613,
          -0.13622,
          -0.100132,
          0.1281,
          0.106662,
          -0.191293,
          0.062314,
          -0.187113,
          0.191762,
          -0.044877,
          0.007436,
          -0.072376,
          0.018516,
          -0.106785,
          -0.095541,
          0.092105,
          -0.024658,
          -0.084186,
          0.022247,
          0.065879,
          -0.115514,
          -0.028146,
          -0.133635,
          -0.208705,
          0.068879,
          0.042743,
          0.062407,
          0.073802,
          -0.010583,
          -0.194468,
          0.022067,
          0.019967,
          0.046501,
          -0.052736,
          0.111637,
          0.256978,
          -0.044636,
          0.160499,
          0.059417,
          -0.140274,
          -0.071237,
          0.090555,
          0.072875,
          -0.060172,
          -0.105755,
          0.143561,
          -0.090723,
          0.341916,
          -0.031437,
          -0.040826,
          -0.020669,
          -0.127946,
          0.1855,
          0.091935,
          0.07809,
          -0.05695,
          0.061552,
          0.002784,
          -0.123218,
          0.02013,
          0.20287,
          -0.089064,
          0.217795,
          0.055312,
          -0.058988,
          -0.046985,
          -0.164333,
          -0.259824,
          -0.075984,
          -0.148778,
          -0.072231,
          0.006815,
          0.224414,
          -0.167043,
          0.273785,
          0.012,
          0.187464,
          0.18724,
          0.227576,
          0.06016,
          0.101925,
          0.020294,
          0.195395,
          0.04445,
          -0.294929,
          0.154223,
          0.023685,
          0.031703,
          0.029278,
          -0.046015,
          0.097236,
          0.153885,
          -0.098707,
          0.136019,
          0.024549,
          -0.129879,
          0.384728,
          -0.106914,
          0.12981,
          -0.095918,
          0.181734,
          -0.003711,
          0.209624,
          0.141277,
          -0.101232,
          -0.09376,
          0.154142,
          0.187185,
          -0.111833,
          0.058573,
          0.142145,
          -0.163073,
          -0.201341,
          -0.186708,
          -0.301992,
          0.201616,
          0.176579,
          -0.206968,
          -0.095994,
          -0.026601,
          0.089754,
          0.007938,
          -0.024925,
          -0.054125,
          -0.010709,
          -0.039343,
          0.09559,
          0.04906,
          -0.086461,
          0.232942,
          0.048097,
          0.259091,
          0.050306,
          -0.156813,
          -0.046897,
          -0.012942,
          -0.155812,
          0.073564,
          -0.15141,
          0.08189,
          0.159231,
          -0.113093,
          0.036227,
          0.089843,
          -0.018127,
          -0.152869,
          0.065703,
          -0.157888,
          0.052114,
          0.253407,
          0.084636,
          0.266544,
          0.043107,
          0.249845,
          -0.092694,
          -0.037391,
          -0.104876,
          0.272689,
          0.219324,
          0.006008,
          0.070308,
          0.22386,
          -0.182105,
          -0.2432,
          -0.070097,
          -0.127919,
          0.154559,
          -0.097647,
          -0.090583,
          0.09658,
          -0.120491,
          0.048319,
          0.014936,
          -0.105544,
          -0.118432,
          -0.119277,
          0.005947,
          -0.022988,
          0.022607,
          -0.019092,
          -0.121191,
          0.049267,
          0.032979,
          -0.019608,
          -0.057059,
          0.051493,
          -0.005242,
          0.201446,
          0.109679,
          -0.039735,
          -0.185794,
          -0.085938,
          0.015193,
          0.046244,
          0.141109,
          0.115852,
          -0.227125,
          0.117729,
          -0.027675,
          -0.154458,
          0.000928,
          0.088087,
          0.102759,
          -0.053839,
          -0.096661,
          0.082039,
          0.156247,
          0.221887,
          -0.010892,
          0.066945,
          0.097156,
          -0.062132,
          -0.251565,
          -0.074154,
          0.022785,
          -0.160856,
          0.054461,
          0.018523,
          0.227062,
          -0.264713,
          -0.03399,
          0.076553,
          0.173684,
          0.222296,
          -0.197267,
          -0.414094,
          0.228015,
          -0.085162,
          -0.204515,
          -0.039744,
          -0.182795,
          -0.098187,
          -0.011418,
          0.331435,
          0.307262,
          0.086597,
          -0.177414,
          -0.028116,
          -0.07091,
          0.303586,
          -0.117666,
          0.138612,
          0.030867,
          0.174598,
          -0.21586,
          -0.203767,
          -0.058592,
          -0.102804,
          0.079522,
          0.031567,
          -0.051652,
          -0.175042,
          -0.144628,
          0.034611,
          0.038054,
          -0.12288,
          0.172877,
          0.003516,
          0.250022,
          -0.233309,
          -0.159381,
          0.007369,
          -0.082661,
          -0.002788,
          -0.11746,
          -0.189723,
          -0.051075,
          0.023287,
          0.01015,
          0.027729,
          -0.048517,
          -0.224405,
          0.083493,
          -0.114241,
          0.133747,
          -0.142001,
          -0.123646,
          0.027941,
          -0.272408,
          -0.119803,
          -0.354313,
          0.010918,
          -0.168266,
          -0.043223,
          -0.093021,
          0.047164,
          -0.182182,
          -0.13594,
          0.143387,
          0.124597,
          0.05128,
          0.234611,
          0.14434,
          -0.181097,
          -0.094335,
          0.21986,
          0.027424,
          -0.063125,
          -0.324159,
          0.152942,
          0.029018,
          0.022356,
          -0.068167,
          0.141603,
          0.055943,
          -0.125357,
          -0.140761,
          -0.311592,
          -0.128851,
          0.037231,
          0.097225,
          -0.012371,
          0.089437,
          -0.175972,
          0.156244,
          0.105811,
          -0.119079,
          0.10653,
          -0.020368,
          -0.00231,
          -0.176971,
          0.082985,
          0.098776,
          -0.02022,
          -0.124398,
          -0.21513,
          -0.079024,
          0.059836,
          0.153229,
          0.013475,
          0.096106,
          -0.058522,
          0.063513,
          -0.077161,
          0.028463,
          -0.302529,
          0.022485,
          0.070003,
          0.096526,
          -0.162988,
          -0.057429,
          0.028638,
          -0.035434,
          0.021203,
          -0.151922,
          -0.185361,
          0.089978,
          -0.022027,
          -0.112505,
          0.102782,
          0.03299,
          0.177534,
          -0.082889,
          0.06082,
          0.012435,
          0.172723,
          -0.069561,
          -0.222136,
          0.112899,
          0.099656,
          -0.094922,
          0.040128,
          -0.112287,
          0.124593,
          -0.045195,
          0.045633,
          -0.185941,
          -0.245463,
          0.085785,
          -0.182507,
          -0.140601,
          0.154195,
          -0.045735,
          0.019885,
          0.171164,
          -0.053824,
          -0.157311,
          -0.178385,
          0.046798,
          0.163669,
          0.060059,
          -0.046323,
          -0.225343,
          -0.04637,
          -0.137887,
          0.021151,
          0.224154,
          -0.163656,
          -0.037981,
          0.031597,
          -0.062976,
          -0.12258,
          0.121348,
          -0.093619,
          -0.146255,
          0.166426,
          -0.152884,
          -0.179574,
          0.054291,
          -0.228063,
          -0.021854,
          0.037005,
          0.148009,
          -0.126959,
          -0.143061,
          -0.10341,
          -0.217364,
          0.001318,
          0.069041,
          0.135926,
          -0.215003,
          0.213061,
          0.100782,
          0.073117,
          0.003393,
          0.10703,
          0.040331,
          0.078543,
          -0.06678,
          -0.194491,
          -0.12426,
          0.025056,
          -0.113169,
          0.154711,
          0.100531,
          0.199735,
          -0.012949,
          -0.227736,
          0.104393,
          0.071971,
          -0.021282,
          0.061984,
          -0.097526,
          0.023295,
          -0.146744,
          0.0026,
          0.1418,
          0.161181,
          0.095026,
          -0.097021,
          -0.168745,
          0.017555,
          -0.062455,
          0.083859,
          0.186686,
          -0.214341,
          0.102527,
          0.213337,
          0.173682,
          0.056478,
          -0.217871,
          -0.165047,
          -0.066587,
          -0.16515,
          -0.000138,
          0.151922,
          0.014056,
          -0.043321,
          0.013541,
          0.062253,
          0.000499,
          -0.151779,
          -0.084518,
          -0.038647,
          -0.15857,
          0.026146,
          0.209222,
          -0.064509,
          -0.131615,
          -0.000547,
          0.064405,
          0.190546,
          -0.019541,
          -0.133351,
          -0.138221,
          0.037136,
          0.121363,
          -0.075296,
          0.253635,
          0.201414,
          0.182177,
          -0.112391,
          -0.161075,
          -0.099409,
          0.083058,
          -0.120116,
          -0.179377,
          0.254594,
          -0.227068,
          -0.043981,
          -0.069094,
          -0.027074,
          -0.145162,
          0.178758,
          -0.235223,
          0.115987,
          0.017964,
          -0.120989,
          0.189537,
          0.166628,
          -0.020151,
          0.066607,
          -0.134673,
          0.112273,
          -0.064493,
          0.133474,
          -0.090578,
          -0.053276,
          -0.03505,
          0.033321,
          -0.105451,
          0.013111,
          0.192122,
          -0.139762,
          0.171127,
          0.110842,
          0.101797,
          0.188952,
          0.102182,
          -0.020199,
          0.060582,
          0.008552,
          -0.082914,
          -0.263145,
          -0.341793,
          0.140264,
          -0.139327,
          0.189458,
          -0.239929,
          -0.21041,
          0.032563,
          0.015498,
          0.109148,
          0.096854,
          -0.013657,
          0.125231,
          -0.087214,
          -0.12129,
          0.092752,
          -0.063213,
          0.076572,
          -0.213876,
          -0.110082,
          0.207025,
          0.077802,
          -0.051235,
          0.015114,
          -0.09292,
          0.038688,
          -0.138615,
          0.121031,
          -0.206471,
          -0.079657,
          0.110671,
          0.044573,
          0.130601,
          -0.156968,
          0.020027,
          0.08209,
          0.166417,
          -0.252606,
          0.119983,
          0.218519,
          0.141761,
          -0.120981,
          0.231545,
          0.13293,
          -0.162685,
          -0.088695,
          0.017476,
          0.041893,
          -0.063455,
          -0.166293,
          0.244086,
          0.028158,
          -0.106164,
          0.156454,
          0.006573,
          0.178103,
          -0.124226,
          0.066034,
          -0.031246,
          0.15979,
          0.074148,
          -0.208218,
          0.06194,
          -0.016828,
          -0.020586,
          0.064663,
          -0.066103,
          0.081158,
          0.110515,
          0.091806,
          0.094056,
          -0.138034,
          -0.009497,
          0.054901,
          0.045189,
          -0.106904,
          -0.020985,
          0.169758,
          -0.114473,
          0.055615,
          0.001905,
          0.273724,
          -0.007776,
          0.145047,
          0.2329,
          0.172501,
          0.279434,
          -0.198743,
          0.158929,
          0.009825,
          0.117812,
          -0.002486,
          -0.240588,
          -0.166514,
          -0.002057,
          0.011648,
          0.248435,
          0.026413,
          -0.368951,
          0.146755,
          -0.222387,
          -0.137313,
          0.078142,
          -0.04975,
          0.002603,
          0.117641,
          0.090945,
          -0.149012,
          -0.061349,
          -0.130919,
          0.041398,
          -0.030628,
          -0.13003,
          0.054689,
          -0.105801,
          -0.166263,
          -0.163091,
          -0.074908,
          0.244807,
          0.08138,
          0.175017,
          -0.059478,
          -0.007933,
          0.181968,
          0.105175,
          -0.239461,
          -0.08904,
          0.047488,
          -0.11336,
          0.004218,
          0.041041,
          -0.11561,
          0.133176,
          -0.119896,
          -0.069314,
          -0.316005,
          -0.137763,
          0.145494,
          0.00775,
          -0.271523,
          0.090214,
          0.320779,
          0.162017,
          -0.143287,
          0.134995,
          -0.000849,
          -0.115705,
          0.070252,
          0.006034,
          -0.047206,
          0.104848,
          0.038325,
          0.293467,
          0.098256,
          0.041792,
          -0.083849,
          -0.397521,
          0.200008,
          0.088742,
          -0.190749,
          0.042258,
          -0.002521,
          -0.045572,
          -0.32553,
          0.119743,
          -0.184197,
          0.031815,
          0.209153,
          -0.003622,
          -0.079644,
          -0.027604,
          0.069681,
          0.246225,
          0.093369,
          -0.045014,
          0.079769,
          -0.041506,
          0.237416,
          0.128448,
          0.044382,
          -0.157886,
          -0.029582,
          -0.308567,
          0.350675,
          0.10013,
          0.18595,
          0.107504,
          -0.05618,
          -0.079784,
          0.120685,
          -0.025523,
          -0.169326,
          0.086913,
          0.030677,
          -0.174003,
          0.105765,
          -0.008321,
          -0.156134,
          -0.019235,
          0.04058,
          0.178492,
          -0.226106,
          0.332999,
          -0.202722,
          -0.05777,
          -0.152231,
          -0.014449,
          0.203002,
          0.108979,
          0.022732,
          0.256853,
          0.015703,
          -0.069929,
          0.042893,
          0.093988,
          0.090782,
          0.045699,
          0.107126,
          0.080163,
          0.094063,
          -0.054674,
          -0.067281,
          0.109461,
          -0.059674,
          -0.183705,
          -0.283481,
          -0.063385,
          -0.090956,
          0.056737,
          -0.037518,
          -0.07332,
          0.236195,
          0.055202,
          0.053902,
          0.192947,
          0.047502,
          0.027644,
          0.161986,
          -0.014277,
          0.008963,
          -0.156353,
          -0.110091,
          0.329389,
          0.016971,
          -0.061262,
          0.035245,
          0.198486,
          0.034332,
          -0.142767,
          0.064121,
          -0.129188,
          0.00895,
          0.072401,
          0.25582,
          -0.233766,
          -0.083898,
          -0.123467,
          0.004145,
          0.23591,
          0.11595,
          0.132739,
          0.011738,
          0.141683,
          0.334254,
          -0.238165,
          -0.237078,
          -0.016339,
          -0.161093,
          0.179474,
          0.135197,
          -0.075969,
          0.111712,
          -0.107494,
          -0.014983,
          -0.009157,
          0.142683,
          -0.086613,
          0.048052,
          -0.019315,
          -0.060883,
          0.323059,
          0.161562,
          -0.005829,
          0.087792,
          -0.247115,
          -0.205668,
          -0.055681,
          -0.07106,
          -0.184174,
          0.049306,
          0.013337,
          -0.267257,
          -0.032206,
          -0.019434,
          -0.055926
        ],
        "ff2B": [
          -0.021568,
          0.01307,
          0.000989,
          0.005646,
          0.03337,
          -0.010724,
          -0.010823,
          -0.016918,
          -0.009122,
          0.00493,
          0.011822,
          -0.015286,
          0.00062,
          0.026369,
          0.003481,
          -0.038242,
          -0.012184,
          -0.081202,
          0.005556,
          0.000127,
          -0.0312,
          0.010322,
          0.0157,
          -0.004373,
          0.00405,
          0.023561,
          0.015166,
          -0.031957,
          -0.019797,
          -0.007292,
          0.006246,
          0.008602
        ]
      }
    ],
    "lnFGamma": [
      1.727674,
      1.710091,
      1.723652,
      1.662726,
      1.770861,
      1.716735,
      1.765707,
      1.587186,
      1.60231,
      1.781748,
      1.536154,
      1.550219,
      1.692634,
      1.446623,
      1.610311,
      1.675856,
      1.801399,
      1.788988,
      1.618393,
      1.67572,
      1.629779,
      1.716182,
      1.652175,
      1.625145,
      1.686735,
      1.736951,
      1.718497,
      1.663246,
      1.812327,
      1.669831,
      1.682308,
      1.441119
    ],
    "lnFBeta": [
      0.310719,
      0.321986,
      -0.249748,
      0.319869,
      -0.296456,
      0.274078,
      -0.238977,
      0.238495,
      0.295783,
      -0.318705,
      -0.266689,
      0.256363,
      -0.310596,
      -0.271289,
      0.258065,
      0.095803,
      0.249049,
      0.266668,
      0.270835,
      0.268765,
      0.283528,
      0.249751,
      -0.276173,
      -0.287108,
      -0.26728,
      -0.264221,
      -0.287608,
      0.236375,
      -0.343901,
      -0.283198,
      -0.256323,
      -0.254542
    ],
    "headW": [
      -0.004736,
      0.287006,
      0.412925,
      0.499737,
      0.505114,
      -0.227971,
      -0.326167,
      0.056774,
      -0.096881,
      -0.322934,
      0.17631,
      0.388651,
      -0.112278,
      -0.180164,
      -0.548294,
      0.536977,
      -0.569019,
      0.546734,
      -0.627915,
      -0.034082,
      -0.47519,
      -0.285756,
      0.243089,
      0.10921,
      0.326448,
      0.519023,
      0.497521,
      0.627483,
      -0.585562,
      0.182132,
      0.471045,
      0.295128,
      0.328515,
      0.282666,
      -0.234234,
      0.318785,
      -0.507767,
      0.450926,
      -0.555039,
      0.197186,
      -0.597449,
      0.328752,
      -0.750892,
      0.5142,
      -0.532963,
      0.434151,
      -0.160293,
      -0.674559,
      -0.356354,
      0.720853,
      0.319198,
      0.686406,
      -0.817498,
      -0.149808,
      -0.653287,
      -0.324597,
      -0.624243,
      0.407997,
      0.213042,
      -0.636594,
      -0.742128,
      -0.215392,
      0.264941,
      -0.234744,
      -0.610846,
      -0.735039,
      -0.471194,
      -0.31421,
      -0.153329,
      -0.539277,
      -0.569075,
      -0.543423,
      0.465418,
      0.661433,
      -0.054233,
      0.545361,
      0.281213,
      -0.71421,
      -0.06339,
      0.666348,
      0.489552,
      -0.005694,
      0.142038,
      -0.082706,
      -0.665094,
      -0.451887,
      -0.120471,
      -0.715746,
      -0.462585,
      0.68209,
      0.017539,
      0.053414,
      -0.225001,
      -0.68697,
      -0.509074,
      0.108636,
      -0.256545,
      0.056348,
      0.478197,
      0.465251,
      -0.527349,
      0.040645,
      0.056848,
      0.369533,
      -0.119772,
      0.46691,
      0.417753,
      0.31145,
      0.716372,
      -0.396834,
      -0.464344,
      0.437473,
      0.27853,
      0.098727,
      -0.253989,
      0.459696,
      -0.07708,
      -0.838731,
      -0.247292,
      0.06711,
      -0.5711,
      -0.540214,
      -0.521741,
      -0.147777,
      0.216323,
      -0.415858,
      -0.668106,
      -0.442689,
      0.054877,
      -0.056194,
      0.72251,
      0.625514,
      0.009972,
      0.496418,
      -0.521337,
      -0.05363,
      -0.