# Chunk number: 27 of 37

034918,
      -0.105748,
      -0.059177,
      -0.037809,
      0.086509,
      0.089235,
      -0.112488,
      -0.005851,
      -0.088658,
      -0.038149,
      -0.042131,
      0.033139,
      0.008264,
      0.077546,
      0.042929,
      -0.065857,
      0.007023,
      0.06392,
      -0.113126,
      -0.132007,
      0.046892,
      0.011377,
      -0.120677,
      0.023075,
      0.027438,
      0.057506,
      -0.128673,
      -0.112062,
      0.068704,
      -0.018756,
      -0.033879,
      0.01706,
      -0.053379,
      -0.039551,
      0.049546,
      -0.017518,
      -0.141323,
      -0.007898,
      -0.14656,
      -0.036057,
      -0.039228,
      -0.054109,
      -0.121096,
      -0.136658,
      -0.101402,
      0.005535,
      -0.093746,
      0.011618,
      -0.065358,
      0.079807,
      -0.100376,
      0.025841,
      -0.091887,
      -0.059051,
      -0.111586,
      -0.011392,
      0.145085,
      0.005258,
      -0.134121,
      -0.031477,
      -0.129334,
      0.043082,
      -0.037944,
      -0.087857,
      -0.016615,
      -0.088776,
      -0.067754,
      0.081575,
      -0.033485,
      -0.002722,
      -0.053732,
      0.002002,
      0.073878,
      -0.123913,
      -0.017301,
      -0.028084,
      0.029694,
      0.015105,
      -0.083075,
      -0.009294,
      -0.01006,
      -0.104233,
      -0.018278,
      -0.101597,
      0.067039,
      -0.00998,
      -0.077822,
      0.075286,
      0.039051,
      -0.007275,
      -0.081836,
      -0.070111,
      0.017656,
      -0.010575,
      0.023851,
      -0.13488,
      -0.137532,
      0.026856,
      -0.074537,
      -0.03752,
      -0.114751,
      0.039013,
      -0.042493,
      -0.141942,
      -0.121216,
      -0.044391,
      0.042966,
      -0.141381,
      -0.05634,
      -0.000503,
      -0.134057,
      -0.107258,
      -0.14002,
      0.03726,
      -0.106907,
      -0.023296,
      0.058459,
      -0.118342,
      -0.014715,
      0.042739,
      0.048605,
      -0.007301,
      -0.04056,
      0.04122,
      -0.056381,
      -0.139296,
      -0.036714,
      -0.02406,
      -0.071627,
      0.019501,
      0.070277,
      -0.015537,
      -0.043937,
      -0.011964,
      0.004841,
      -0.10915,
      0.058819,
      -0.03083,
      -0.055182,
      0.005001,
      -0.013722,
      -0.086411,
      -0.025804,
      0.038663,
      0.019484,
      -0.016111,
      -0.138492,
      -0.128158,
      -0.044414,
      0.021186,
      -0.119653,
      -0.03599,
      -0.143813,
      -0.068208,
      0.047308,
      0.067441,
      0.036767,
      0.02045,
      -0.127635,
      -0.138092,
      -0.041828,
      -0.070133,
      0.056239,
      0.060857,
      -0.140866,
      0.031301,
      -0.04142,
      0.023578,
      -0.133367,
      -0.14748,
      -0.017321,
      -0.095933,
      -0.085372,
      0.002773,
      0.00687,
      -0.005309,
      -0.116829,
      -0.133427,
      -0.08473,
      -0.045625,
      -0.122058,
      -0.087666,
      -0.047278,
      -0.008181,
      -0.094846,
      -0.019344,
      -0.083606,
      -0.098465,
      -0.058672,
      -0.027741,
      -0.025319,
      0.059431,
      -0.051934,
      -0.159362,
      0.007443,
      0.064736,
      -0.035417,
      -0.118486,
      -0.004368,
      0.035689,
      -0.140267,
      -0.142993,
      -0.139706,
      0.044302,
      -0.125471,
      -0.004563,
      0.067792,
      -0.058749,
      -0.158513,
      -0.13657,
      -0.141864,
      -0.058498,
      0.055614,
      -0.028586,
      0.062096,
      -0.064927,
      -0.019133,
      -0.039751,
      0.031113,
      -0.119582,
      -0.112595,
      0.015905,
      0.018214,
      -0.075187,
      -0.032836,
      -0.08149,
      -0.07154,
      -0.14592,
      -0.052693,
      -0.024609,
      -0.036929,
      -0.041919,
      -0.136629,
      0.016759,
      0.067993,
      -0.096057,
      -0.023245,
      -0.093116,
      0.033352,
      -0.008436,
      0.024744,
      0.022985,
      0.039433,
      -0.129582,
      -0.142314,
      0.021104,
      0.018451,
      0.01868,
      -0.039481,
      -0.135751,
      -0.008887,
      -0.126091,
      -0.034119,
      -0.004364,
      -0.159406,
      0.006201,
      0.002507,
      -0.027091,
      -0.062102,
      0.00674,
      -0.142812,
      0.011584,
      -0.053508,
      0.036018,
      -0.075244,
      0.010953,
      -0.135123,
      0.015233,
      -0.073843,
      -0.093991,
      -0.03205,
      0.018855,
      0.052583,
      -0.105123,
      -0.019898,
      -0.032715,
      0.003896,
      -0.107693,
      0.066214,
      -0.008029,
      -0.034404,
      0.027907,
      0.071036,
      -0.038739,
      -0.085923,
      -0.025046,
      0.021191,
      0.009436,
      0.00742,
      0.053403,
      0.009538,
      -0.076088,
      -0.058513,
      -0.09733,
      -0.117516,
      0.042903,
      -0.073345,
      -0.081658,
      -0.10759,
      0.029011,
      -0.158629,
      -0.132966,
      0.016121,
      -0.029123,
      -0.085622,
      -0.018032,
      -0.094434,
      -0.058206,
      0.004761,
      0.036817,
      -0.110132,
      0.026379,
      0.075494,
      0.088904,
      0.076069,
      -0.085574,
      0.007186,
      -0.126797,
      -0.088514,
      -0.110302,
      -0.065961,
      0.056027,
      0.081403,
      0.044095,
      0.06755,
      -0.002363,
      -0.048278,
      -0.072509,
      -0.070326,
      -0.057691,
      0.046346,
      0.097951,
      -0.006499,
      0.110966,
      -0.032277,
      -0.04806,
      -0.034565,
      -0.095841,
      -0.108263,
      0.130522,
      0.090597,
      0.123284,
      0.000242,
      -0.050037,
      0.013905,
      0.077898,
      -0.039088,
      0.057452,
      -0.048218,
      -0.040805,
      0.12562,
      -0.005368,
      -0.021943,
      0.080173,
      -0.08469,
      -0.075902,
      0.00412,
      0.121343,
      -0.033921,
      0.085548,
      -0.102631,
      0.09162,
      -0.064103,
      0.05224,
      0.126309,
      -0.024768,
      0.028714,
      -0.099113,
      -0.019985,
      0.002468,
      0.040012,
      -0.058877,
      -0.027387,
      0.034117,
      0.05145,
      0.046518,
      0.060052,
      0.066131,
      0.008668,
      0.090018,
      0.021027,
      0.081841,
      -0.028554,
      0.087425,
      0.012125,
      0.118097,
      -0.044595,
      -0.107745,
      0.007391,
      0.040171,
      0.015815,
      -0.005336,
      0.07394,
      0.015566,
      -0.020824,
      -0.015843,
      0.073775,
      0.032504,
      0.105785,
      -0.076349,
      -0.103674,
      -0.026788,
      -0.014444,
      0.037647,
      -0.104693,
      0.059138,
      0.052638,
      -0.011134,
      0.138937,
      -0.078938,
      0.109528,
      0.062457,
      0.094204,
      -0.000499,
      -0.089515,
      0.009919,
      0.101171,
      -0.025484,
      -0.032947,
      0.06459,
      0.003403,
      0.016975,
      0.062867,
      -0.081411,
      -0.029077,
      0.109088,
      -0.022181,
      0.107159,
      0.033921,
      0.031035,
      -0.039641,
      0.035747,
      0.053705,
      0.015293,
      0.08066,
      -0.023303,
      0.024197,
      0.082933,
      -0.091744,
      -0.02367,
      -0.0877,
      0.089818,
      0.020125,
      0.102633,
      -0.034091,
      -0.101495,
      0.104206,
      0.134409,
      -0.013847,
      -0.090952,
      -0.024679,
      0.128189,
      0.08997,
      -0.059364,
      -0.028941,
      0.084655,
      0.038817,
      -0.048836,
      0.012269,
      0.086993,
      0.06605,
      -0.083489,
      0.010566,
      -0.086619,
      0.026563,
      -0.10067,
      -0.071317,
      0.056751,
      -0.094895,
      -0.056568,
      -0.022188,
      -0.055489,
      -0.055777,
      0.06841,
      -0.126308,
      0.070938,
      -0.009557,
      0.054892,
      -0.026478,
      0.022343,
      0.087686,
      0.122253,
      0.025789,
      -0.078684,
      -0.025769,
      0.077909,
      0.083061,
      -0.016812,
      0.049122,
      0.090597,
      0.080367,
      -0.095549,
      -0.062482,
      0.092528,
      -0.004562,
      0.116103,
      -0.0214,
      0.031556,
      0.070568,
      -0.039819,
      0.009687,
      0.067872,
      -0.030897,
      0.013883,
      -0.034899,
      0.028669,
      0.118777,
      0.019951,
      -0.025068,
      0.029512,
      -0.00543,
      0.039135,
      -0.030903,
      0.101983,
      0.126272,
      0.041718,
      0.011701,
      0.045163,
      0.068005,
      0.075277,
      0.05332,
      -0.036605,
      0.049401,
      0.016956,
      0.089991,
      0.014122,
      0.063864,
      0.129765,
      0.124318,
      0.076255,
      -0.088944,
      -0.034925,
      0.002526,
      0.012084,
      0.051182,
      -0.021766,
      -0.015906,
      0.006742,
      0.113115,
      -0.02155,
      -0.032465,
      -0.07742,
      -0.017789,
      -0.011974,
      0.000353,
      -0.029333,
      0.008664,
      -0.0923,
      -0.099131,
      -0.083987,
      -0.075541,
      0.090032,
      -0.021052,
      0.103318,
      -0.047199,
      0.028254,
      0.120223,
      -0.024367,
      0.049984,
      0.048078,
      0.039574,
      -0.037724,
      0.047762,
      0.051465,
      0.032118,
      -0.003579,
      0.063878,
      0.095007,
      -0.086725,
      0.0412,
      -0.019335,
      0.00678,
      -0.028114,
      -0.021104,
      0.078456,
      0.06953,
      0.107917,
      -0.094378,
      0.019388,
      0.075672,
      -0.090156,
      -0.083616,
      -0.008284,
      0.065063,
      -0.037644,
      -0.09354,
      0.127891,
      0.102967,
      -0.057185,
      0.123605,
      0.056413,
      -0.072035,
      0.071912,
      0.041418,
      -0.096983,
      -0.05071,
      0.068939,
      -0.036472,
      0.048049,
      -0.087629,
      0.005482,
      -0.03723,
      -0.056944,
      0.088712,
      -0.029933,
      0.066925,
      0.124013,
      0.032497,
      0.099426,
      0.01033,
      -0.036837,
      0.069769,
      0.057911,
      -0.052236,
      -0.061184,
      -0.090969,
      0.124396,
      -0.089135,
      0.0086,
      0.058696,
      -0.026408,
      0.100056,
      0.021177,
      0.113136,
      -0.098025,
      -0.004941,
      0.060334,
      -0.044545,
      -0.032118,
      0.02557,
      -0.0193,
      0.116367,
      -0.067479,
      0.096855,
      0.058514,
      0.053154,
      0.106156,
      0.018495,
      -0.012792,
      0.001016,
      -0.05682,
      0.092646,
      -0.054157,
      0.018964,
      -0.061927,
      0.108482,
      -0.049796,
      -0.065228,
      0.000894,
      0.054898,
      -0.091942,
      -0.057782,
      0.030362,
      -0.025266,
      0.057265,
      0.063282,
      0.097111,
      0.047646,
      -0.063194,
      -0.103221,
      0.106869,
      -0.096857,
      0.006454,
      0.047713,
      0.122117,
      -0.030668,
      -0.082372,
      0.052355,
      0.019508,
      0.077241,
      0.001135,
      0.030867,
      0.033746,
      0.00627,
      0.001853,
      0.073132,
      0.078028,
      0.038106,
      -0.062354,
      -0.025918,
      0.008069,
      0.044029,
      0.015933,
      0.007658,
      -0.03593,
      0.126187,
      -0.083776,
      -0.053041,
      -0.002551,
      0.11316,
      0.024374,
      0.065856,
      0.033226,
      -0.081326,
      0.102476,
      -0.008833,
      -0.142166,
      0.001095,
      -0.132605,
      -0.167891,
      -0.135463,
      -0.074693,
      -0.04609,
      0.05967,
      -0.017602,
      -0.039469,
      -0.132068,
      0.07367,
      0.041023,
      0.073686,
      -0.081829,
      -0.099864,
      0.086942,
      0.011118,
      -0.10231,
      -0.119648,
      -0.033885,
      -0.083791,
      0.088339,
      0.078599,
      -0.055344,
      0.008992,
      0.034128,
      -0.082625,
      -0.078355,
      -0.050729,
      0.021295,
      -0.098189,
      0.074848,
      -0.068664,
      0.020629,
      0.088426,
      -0.032096,
      -0.109285,
      -0.10298,
      0.114081,
      -0.025264,
      -0.02485,
      0.070258,
      0.039692,
      0.035039,
      -0.019698,
      0.024805,
      0.094864,
      -0.013307,
      0.096731,
      0.05296,
      -0.060895,
      0.05223,
      -0.10402,
      -0.02245,
      -0.106527,
      -0.035793,
      -0.030392,
      0.038795,
      0.119285,
      0.013349,
      0.148194,
      0.03811,
      -0.133016,
      -0.00734,
      0.065922,
      -0.045869,
      -0.053261,
      0.169217,
      0.129073,
      -0.077121,
      0.076011,
      0.088021,
      0.110343,
      -0.080321,
      0.096867,
      -0.002819,
      -0.017829,
      0.086393,
      -0.065498,
      -0.067326,
      0.018962,
      0.125796,
      0.127318,
      0.115248,
      -0.065943,
      0.165233,
      -0.04878,
      -0.112097,
      -0.051295,
      0.117827,
      0.049078,
      0.026219,
      0.054729,
      0.001913,
      -0.030674,
      0.045846,
      0.137905,
      -0.04949,
      0.139632,
      -0.039444,
      0.035909,
      -0.015807,
      -0.02593,
      -0.065094,
      0.147537,
      0.103807,
      0.143154,
      0.039441,
      0.138545,
      0.061252,
      0.097496,
      0.050804,
      0.106329,
      -0.069471,
      0.063105,
      0.046812,
      0.03985,
      0.14332,
      0.112404,
      -0.077453,
      0.069623,
      0.132424,
      0.153448,
      0.051106,
      -0.059454,
      0.026115,
      0.061369,
      -0.082893,
      -0.030423,
      0.038557,
      -0.014245,
      0.115606,
      -0.066621,
      0.079161,
      0.106006,
      0.058506,
      0.013275,
      0.055197,
      0.078556,
      -0.101401,
      0.137907,
      -0.073475,
      0.00048,
      0.145398,
      0.047938,
      0.028729,
      -0.005251,
      0.001073,
      0.099119,
      0.022413,
      -0.030671,
      0.133799,
      0.035873,
      -0.021993,
      0.047263,
      -0.068076,
      0.018067,
      0.00346,
      0.057948,
      -0.033915,
      0.088767,
      0.149505,
      0.121631,
      0.052641,
      -0.040896,
      -0.042776,
      -0.060721,
      0.105275,
      0.037195,
      0.115782,
      0.110886,
      0.098778,
      -0.018961,
      -0.004076,
      0.116408,
      -0.036191,
      0.055242,
      0.109325,
      0.099489,
      0.004953,
      0.160118,
      -0.038984,
      -0.052217,
      0.050277,
      -0.010416,
      0.024898,
      0.104088,
      0.149075,
      0.079337,
      0.094809,
      -0.009224,
      -0.072695,
      0.122034,
      -0.018205,
      0.012361,
      0.069846,
      -0.016695,
      -0.049653,
      0.117733,
      -0.038178,
      0.025113,
      0.053455,
      -0.005536,
      0.079314,
      -0.030352,
      -0.01844,
      0.089361,
      -0.027275,
      0.158673,
      0.004903,
      -0.027295,
      -0.028043,
      0.015155,
      0.151025,
      -0.004417,
      0.095606,
      0.081318,
      0.055271,
      0.088301,
      0.132936,
      -0.042004,
      0.014923,
      0.016373,
      0.054425,
      0.015839,
      0.068732,
      0.01306,
      0.024544,
      0.119057,
      0.110035,
      0.07897,
      0.115942,
      -0.053789,
      -0.058655,
      0.118152,
      0.097463,
      -0.033067,
      0.158913,
      0.085532,
      0.125192,
      0.048978,
      0.064894,
      0.093323,
      0.028652,
      0.156996,
      -0.001436,
      0.000455,
      0.012899,
      -0.029661,
      -0.037661,
      0.104234,
      0.114161,
      0.082705,
      0.134852,
      -0.028725,
      0.044481,
      0.074643,
      0.129656,
      0.065283,
      -0.059143,
      -0.063595,
      0.121884,
      -0.008654,
      -0.061192,
      -0.038947,
      -0.068479,
      -0.06026,
      -0.057573,
      -0.004167,
      0.033197,
      0.025675,
      -0.035306,
      -0.058281,
      0.073856,
      0.131989,
      0.020255,
      -0.030099,
      0.078143,
      0.081256,
      -0.060248,
      -0.06551,
      -0.027833,
      -0.004032,
      -0.045978,
      0.095982,
      0.094985,
      0.088389,
      0.065515,
      -0.064346,
      0.076796,
      0.155728,
      0.058738,
      -0.039611,
      0.141247,
      -0.01791,
      -0.035825,
      -0.011276,
      0.116021,
      0.077496,
      -0.011378,
      0.002374,
      -0.00168,
      0.161431,
      0.022223,
      -0.050314,
      0.102717,
      -0.039603,
      -0.059803,
      -0.063897,
      0.121409,
      0.002192,
      0.140417,
      0.032822,
      0.019265,
      0.027894,
      -0.000431,
      0.149973,
      0.123905,
      0.083853,
      0.050129,
      0.089092,
      -0.061432,
      -0.014481,
      0.149169,
      0.03977,
      0.009284,
      0.006228,
      0.032311,
      0.021065,
      -0.011463,
      0.019104,
      -0.015748,
      0.11901,
      0.116734,
      -0.017923,
      0.00159,
      0.146272,
      0.046189,
      0.022772,
      0.146966,
      0.037716,
      0.154725,
      0.08529,
      0.049284,
      0.029161,
      0.105113,
      0.131775,
      0.045767,
      -0.058391,
      0.061169,
      -0.014487,
      0.068227,
      0.053242,
      0.127012,
      0.114114,
      -0.026934,
      0.124171,
      -0.018867,
      0.075494,
      -0.016276,
      -0.045973,
      0.135473,
      0.08496,
      -0.010189,
      0.022109,
      0.159325,
      -0.003915,
      -0.024706,
      0.01758,
      -0.033646,
      -0.002627,
      0.105021,
      0.072309,
      0.131568,
      0.167678,
      0.062953,
      -0.02715,
      -3.4e-05,
      0.076758,
      0.002726,
      0.061119,
      0.063312,
      0.080745,
      0.139208,
      0.105193,
      -0.00524,
      0.127882,
      -0.059154,
      0.023329,
      -0.05292,
      0.057907,
      0.023371,
      0.122787,
      0.125562,
      0.125249,
      0.103139,
      0.159101,
      0.115992,
      0.161705,
      0.059118,
      -0.022503,
      0.0299,
      -0.057306,
      -0.074351,
      0.151108,
      -0.016227,
      -0.007123,
      -0.104411,
      -0.065392,
      0.100398,
      0.115074,
      0.15712,
      0.002163,
      0.120443,
      -0.067503,
      -0.066253,
      0.066266,
      0.037609,
      0.09749,
      -0.077499,
      0.06892,
      0.050161,
      -0.12579,
      0.074164,
      -0.018009,
      0.055129,
      -0.02545,
      -0.061677,
      -0.022079,
      -0.064397,
      0.142608,
      -0.011339,
      0.002231,
      -0.033024,
      -0.027767,
      0.058011,
      0.011553,
      -0.024639,
      -0.028485,
      0.118026,
      0.052191,
      -0.127072,
      0.073288,
      -0.093652,
      0.091805,
      -0.079794,
      0.033809,
      0.105755,
      0.011043,
      0.0374,
      -0.02486,
      0.07344,
      -0.060004,
      0.046265,
      -0.080475,
      -0.094609,
      -0.11811,
      -0.061597,
      0.006434,
      -0.075543,
      0.006364,
      0.058065,
      0.021262,
      0.078093,
      0.012137,
      -0.015206,
      -0.07481,
      0.062614,
      -0.080357,
      0.031781,
      0.026976,
      0.062529,
      0.04786,
      0.027438,
      -0.116229,
      -0.023399,
      -0.087399,
      -0.098119,
      -0.054312,
      0.091381,
      0.061935,
      0.060952,
      -0.066549,
      -0.039049,
      -0.031187,
      -0.016066,
      -0.040385,
      -0.026893,
      0.062223,
      0.028974,
      0.042929,
      0.035641,
      -0.083201,
      -0.010173,
      -0.014056,
      -0.164055,
      0.008464,
      -0.000901,
      0.072884,
      -0.098256,
      -0.133878,
      0.025751,
      -0.030984,
      0.006193,
      0.020373,
      -0.12925,
      -0.004187,
      0.005832,
      -0.138208,
      -0.140939,
      0.008307,
      -0.042933,
      -0.027455,
      -0.086516,
      0.043001,
      -0.000773,
      0.055018,
      -0.066413,
      0.064229,
      -0.042363,
      -0.03039,
      -0.152789,
      -0.040072,
      0.053708,
      -0.044001,
      -0.071111,
      -0.112575,
      0.083224,
      -0.134405,
      -0.156704,
      -0.138324,
      0.005607,
      -0.060533,
      -0.064558,
      0.060288,
      -0.005622,
      -0.087314,
      -0.111036,
      -0.160647,
      -0.040358,
      0.073827,
      -0.158394,
      0.032822,
      0.054728,
      -0.068422,
      -0.014566,
      -0.152559,
      0.05748,
      -0.123764,
      -0.038886,
      -0.054,
      -0.099458,
      0.061784,
      -0.067747,
      -0.113717,
      0.069977,
      -0.022557,
      -0.016418,
      -0.028452,
      -0.056479,
      -0.119317,
      -0.055226,
      -0.148127,
      0.038852,
      -0.058952,
      -0.146118,
      -0.039986,
      -0.158834,
      -0.023843,
      -0.021862,
      0.035461,
      -0.031353,
      -0.041134,
      -0.112577,
      0.054363,
      -0.088686,
      -0.123251,
      -0.079016,
      0.034834,
      -0.081173,
      -0.04065,
      0.015288,
      0.008786,
      -0.074854,
      -0.001821,
      -0.001849,
      -0.040263,
      -0.077219,
      -0.01909,
      0.071662,
      -0.048736,
      0.004172,
      -0.148199,
      0.060441,
      -0.12525,
      0.004777,
      0.051036,
      0.014557,
      0.003951,
      0.061101,
      -0.003786,
      -0.101378,
      0.073379,
      0.020803,
      -0.142302,
      -0.101456,
      -0.030514,
      -0.065086,
      -0.104612,
      -0.03938,
      0.026465,
      -0.066765,
      -0.027324,
      -0.008371,
      -0.102962,
      -0.147094,
      0.072879,
      -0.024042,
      -0.072661,
      0.054712,
      -0.092464,
      -0.014184,
      -0.163007,
      -0.161109,
      -0.141611,
      0.032563,
      0.021734,
      0.047283,
      0.025235,
      -0.058087,
      -0.108982,
      0.062808,
      -0.067075,
      -0.002399,
      -0.106042,
      -0.137686,
      0.028846,
      -0.018462,
      -0.155241,
      -0.029266,
      -0.156464,
      -0.049496,
      -0.147164,
      -0.155378,
      0.044389,
      -0.128001,
      -0.041107,
      0.041966,
      0.041248,
      -0.064849,
      -0.089394,
      0.044017,
      -0.020857,
      0.042543,
      0.063197,
      0.003416,
      -0.104261,
      -0.011668,
      -0.023935,
      -0.0524,
      -0.129063,
      -0.053019,
      -0.13136,
      -0.096972,
      -0.161013,
      -0.077865,
      0.043767,
      -0.151402,
      -0.108975,
      0.068201,
      0.062753,
      -0.094522,
      -0.004225,
      -0.12315,
      0.057514,
      -0.005669,
      -0.080822,
      0.061974,
      -0.07355,
      -0.034811,
      -0.015852,
      -0.083536,
      0.062835,
      0.024304,
      -0.117689,
      -0.087948,
      -0.031197,
      0.042777,
      0.042802,
      -0.002838,
      0.010558,
      -0.007139,
      0.029444,
      0.028715,
      -0.035786,
      0.03552,
      -0.095092,
      0.005082,
      -0.097191,
      0.054126,
      0.01347,
      0.009697,
      -0.153034,
      0.068611,
      -0.101379,
      0.058902,
      -0.079511,
      -0.005144,
      0.057993,
      0.003373,
      0.037855,
      -0.060673,
      -0.123843,
      -0.125756,
      -0.110082,
      -0.13202,
      -0.12879,
      0.069665,
      -0.047265,
      0.04545,
      -0.087769,
      -0.141103,
      -0.037408,
      0.049178,
      0.059316,
      -0.037711,
      0.01039,
      -0.05116,
      -0.052802,
      -0.135468,
      0.01408,
      -0.113107,
      -0.136161,
      -0.10637,
      0.047258,
      -0.159945,
      -0.073168,
      0.043577,
      -0.021096,
      -0.120654,
      -0.056014,
      -0.041398,
      0.045554,
      -0.127738,
      -0.053735,
      -0.108663,
      -0.136991,
      -0.122297,
      0.061,
      -0.107529,
      0.011505,
      0.053209,
      -0.024403,
      -0.128658,
      0.044032,
      0.04012,
      -0.068695,
      -0.124114,
      -0.070062,
      -0.092571,
      0.000652,
      -0.004014,
      -0.112586,
      0.051333,
      -0.11094,
      -0.058531,
      -0.038358,
      -0.124796,
      0.000425,
      -0.10908,
      0.035857,
      -0.065396,
      -0.113013,
      -0.130395,
      -0.131178,
      -0.0856,
      0.024426,
      -0.102109,
      -0.144455,
      -0.008595,
      0.011023,
      0.004907,
      -0.161106,
      -0.074311,
      0.074516,
      -0.106964,
      -0.053723,
      -0.103499,
      0.020642,
      -0.030381,
      -0.148559,
      -0.088541,
      -0.01126,
      -0.068999,
      -0.115073,
      -0.01573,
      0.114669,
      -0.026558,
      0.044033,
      -0.110623,
      -0.060914,
      -0.088516,
      -0.045335,
      0.010821,
      -0.042298,
      -0.05841,
      -0.115824,
      0.05208,
      -0.144734,
      0.054298,
      -0.074481,
      -0.109252,
      -0.130885,
      -0.123852,
      -0.105212,
      -0.079253,
      -0.089596,
      -0.056403,
      0.066592,
      -0.121698,
      0.008328,
      -0.01422,
      0.117025,
      -0.015702,
      0.032562,
      0.11119,
      -0.032072,
      -0.013656,
      -0.003557,
      0.007103,
      0.011401,
      -0.097848,
      0.014713,
      -0.030078,
      -0.06243,
      -0.10978,
      -0.035478,
      -0.107291,
      -0.108825,
      0.005965,
      0.002685,
      -0.114387,
      -0.075617,
      -0.091158,
      0.05842,
      -0.037774,
      0.146809,
      0.046947,
      -0.021846,
      -0.159318,
      -0.06016,
      -0.030568,
      0.161633,
      0.15273,
      -0.033159,
      0.071293,
      0.030655,
      0.045642,
      -0.155731,
      0.013285,
      -0.10494,
      -0.128899,
      0.128794,
      -0.126368,
      -0.051468,
      -0.061313,
      0.023669,
      -0.064032,
      0.149057,
      0.019599,
      -0.088186,
      0.011212,
      0.001171,
      -0.017245,
      0.037315,
      0.069074,
      0.084085,
      0.07162,
      0.092191,
      0.05795,
      -0.009704,
      -0.004719,
      0.14015,
      0.018794,
      0.048849,
      -0.054931,
      0.001128,
      -0.014391,
      -0.036746,
      0.081241,
      -0.025443,
      0.112494,
      0.156366,
      0.015509,
      0.093587,
      0.018249,
      0.053514,
      0.046282,
      0.054985,
      0.038978,
      0.107989,
      -0.012099,
      0.131761,
      0.054515,
      -0.034074,
      0.07664,
      -0.04952,
      0.076902,
      0.023482,
      0.039728,
      -0.028416,
      0.128322,
      0.105205,
      -0.07675,
      -0.011805,
      -0.093277,
      0.120229,
      0.064452,
      -0.00683,
      -0.014026,
      0.059603,
      0.056498,
      -0.098586,
      0.133688,
      0.040961,
      0.034114,
      0.006944,
      0.004655,
      0.016092,
      0.0529,
      0.063758,
      0.018552,
      0.137887,
      0.083213,
      0.057986,
      -0.050167,
      0.120005,
      -0.069386,
      -0.059295,
      0.011025,
      0.041454,
      -0.015582,
      0.171252,
      0.100486,
      0.014422,
      0.171216,
      0.035181,
      -0.036776,
      0.109101,
      0.146685,
      0.13238,
      -0.031216,
      -0.014006,
      0.0392,
      -0.077389,
      0.016653,
      0.102626,
      0.007772,
      0.059051,
      -0.066312,
      0.037306,
      0.152188,
      0.104456,
      -0.053488,
      0.093919,
      -0.03264,
      0.092988,
      -0.014867,
      0.119996,
      0.111354,
      0.007641,
      -0.010835,
      0.002346,
      0.024277,
      0.061289,
      0.063855,
      -0.059952,
      0.149909,
      0.096339,
      0.084836,
      -0.000649,
      0.061844,
      0.125739,
      -0.010691,
      0.010403,
      0.119072,
      0.026069,
      0.056615,
      0.015144,
      0.044603,
      -0.067647,
      0.131686,
      0.026468,
      -0.024372,
      0.071618,
      -0.010369,
      0.05375,
      -0.007461,
      0.013356,
      -0.01767,
      -0.013196,
      0.133305,
      -0.042109,
      -0.010065,
      0.124362,
      0.132531,
      -0.03499,
      0.010113,
      -0.008968,
      -0.036918,
      0.131833,
      0.13968,
      0.130433,
      -0.060815,
      0.096679,
      0.030193,
      0.101243,
      -0.070417,
      0.079942,
      0.06195,
      0.005677,
      -0.053248,
      0.090748,
      -0.055334,
      -0.051163,
      -0.035643,
      -0.022395,
      -0.05254,
      -0.043284,
      0.044446,
      -0.006434,
      -0.051669,
      0.128223,
      0.084483,
      0.148485,
      -0.072888,
      -0.057192,
      -0.019903,
      0.152637,
      -0.029293,
      0.055385,
      0.00975,
      -0.064992,
      0.038304,
      0.07931,
      -0.060808,
      0.125132,
      0.050658,
      0.040108,
      0.019033,
      0.113635,
      0.038969,
      -0.044338,
      0.157931,
      -0.017969,
      -0.040229,
      0.009287,
      0.08996,
      0.036937,
      0.111503,
      -0.034374,
      0.111093,
      0.114871,
      -0.060785,
      0.12806,
      0.077258,
      0.034195,
      -0.035109,
      -0.059262,
      0.119598,
      0.132624,
      0.102808,
      0.080091,
      0.059203,
      0.007062,
      0.04705,
      0.083661,
      0.076807,
      0.03288,
      0.13945,
      -0.024282,
      -0.010839,
      0.050242,
      -0.024192,
      -0.012244,
      0.070426,
      0.060034,
      0.125561,
      0.14589,
      0.087164,
      0.09566,
      -0.007212,
      -0.053141,
      -0.043688,
      -0.014439,
      -0.003449,
      0.051349,
      0.125188,
      0.128034,
      0.050904,
      0.118836,
      0.001775,
      0.125915,
      -0.004634,
      0.153899,
      0.12122,
      0.079276,
      0.035087,
      -0.067975,
      -0.055807,
      0.043666,
      0.087618,
      -0.062821,
      -0.031683,
      0.107333,
      -0.020582,
      0.087286,
      -0.018563,
      0.107067,
      0.033905,
      -0.043297,
      0.154511,
      0.140804,
      -0.054583,
      0.126827,
      -0.016361,
      -0.035208,
      -0.019827,
      -0.008161,
      0.02298,
      -0.044276,
      0.138584,
      0.124602,
      0.070211,
      0.101895,
      0.158993,
      0.133052,
      0.123962,
      0.000934,
      0.088663,
      0.141225,
      0.091837,
      0.111501,
      0.104962,
      0.125174,
      0.074345,
      -0.036889,
      0.126243,
      0.111064,
      0.002427,
      0.005595,
      0.027073,
      0.032623,
      0.141185,
      0.044145,
      -0.01965,
      0.088444,
      -0.020925,
      0.131431,
      0.11559,
      -0.061357,
      -0.038072,
      0.039541,
      0.12165,
      0.12153,
      0.133827,
      0.153514,
      0.023008,
      -0.054839,
      0.059118,
      0.078206,
      0.078916,
      0.021509,
      0.008939,
      0.12768,
      -0.165088,
      -0.121336,
      -0.020066,
      -0.164217,
      0.020081,
      -0.021091,
      -0.123249,
      -0.148998,
      -0.067229,
      -0.055874,
      -0.077757,
      -0.14204,
      0.010899,
      0.029652,
      0.039115,
      -0.117157,
      -0.036877,
      0.063417,
      0.041635,
      0.086877,
      0.047739,
      0.010345,
      0.018583,
      -0.046315,
      -0.119594,
      0.010948,
      -0.096001,
      0.00565,
      -0.054543,
      0.079807,
      -0.00022,
      0.070664,
      -0.083395,
      0.090448,
      0.086025,
      0.021736,
      -0.046623,
      0.010945,
      -0.101714,
      0.0292,
      -0.149505,
      -0.057018,
      0.11459,
      0.073356,
      0.045215,
      0.059325,
      0.01835,
      0.156617,
      0.092646,
      -0.151739,
      0.038036,
      0.083536,
      0.009299,
      0.104736,
      0.096973,
      0.118873,
      0.093483,
      -0.066287,
      0.074296,
      -0.029335,
      0.014513,
      -0.055875,
      -0.02666,
      0.130411,
      0.080147,
      -0.065365,
      -0.037103,
      -0.027982,
      -0.074456,
      0.118747,
      0.127296,
      0.064757,
      -0.054367,
      0.058398,
      0.030709,
      -0.07579,
      0.050831,
      -0.045929,
      -0.053292,
      0.011076,
      -0.017685,
      -0.04156,
      0.111261,
      0.055775,
      0.019989,
      0.129543,
      -0.081377,
      -0.016614,
      0.016321,
      -0.011311,
      0.000861,
      -0.039539,
      0.096485,
      0.061869,
      -0.074276,
      0.120309,
      0.057013,
      -0.035544,
      0.010496,
      0.129606,
      -0.033184,
      0.042612,
      0.02557,
      -0.063774,
      0.008896,
      0.051577,
      -0.009037,
      0.052837,
      0.094115,
      -0.042749,
      0.105629,
      0.10681,
      0.033959,
      0.003922,
      -0.040969,
      0.130431,
      0.016187,
      -0.001844,
      -0.074378,
      0.073822,
      -0.064638,
      -0.051994,
      -0.054619,
      -0.021122,
      -0.050303,
      -0.02225,
      -0.0693,
      -0.001802,
      0.015311,
      0.002966,
      -0.102576,
      -0.019309,
      -0.058569,
      0.101145,
      0.007609,
      -0.030808,
      0.121442,
      0.140123,
      -0.062333,
      -0.01043,
      0.119318,
      -0.00193,
      0.048521,
      -0.027191,
      0.097974,
      0.005111,
      0.062521,
      -0.065213,
      -0.046966,
      0.018685,
      0.155533,
      -0.077483,
      0.006796,
      0.021162,
      0.072397,
      0.006797,
      -0.038727,
      0.098147,
      0.125473,
      0.086239,
      -0.003202,
      0.019179,
      -0.009022,
      0.003027,
      0.096696,
      -0.019056,
      0.119535,
      0.027158,
      -0.031553,
      -0.03099,
      0.046637,
      0.055888,
      0.073607,
      0.039598,
      -0.05061,
      0.119751,
      -0.042441,
      -0.048518,
      0.115461,
      0.053116,
      -0.070265,
      0.073219,
      -0.007007,
      0.071926,
      -0.010016,
      -0.035225,
      0.100792,
      -0.028727,
      -0.057554,
      0.09455,
      0.01179,
      -0.057671,
      -0.015352,
      -0.068508,
      -0.04904,
      -0.05506,
      -0.016362,
      0.031589,
      0.080908,
      0.072682,
      -0.061229,
      0.120421,
      0.078351,
      0.014641,
      -0.036257,
      0.100408,
      0.014188,
      -0.07171,
      0.066696,
      0.140551,
      -0.024477,
      0.149802,
      -0.011472,
      0.056251,
      -0.060162,
      0.130496,
      0.031586,
      -0.026752,
      0.129996,
      0.014659,
      0.069345,
      -0.060091,
      0.057293,
      -0.065732,
      0.091869,
      -0.05797,
      -0.050612,
      0.024359,
      0.027539,
      0.07762,
      0.037997,
      0.142801,
      0.15388,
      0.004961,
      -0.01135,
      0.090348,
      0.085071,
      0.04325,
      0.149488,
      0.093635,
      0.029837,
      0.154127,
      0.058506,
      0.057371,
      0.078766,
      0.13927,
      0.150829,
      0.091225,
      -0.031109,
      -0.032078,
      0.062585,
      0.049899,
      -0.046989,
      0.099474,
      -0.017763,
      0.083304,
      -0.056296,
      0.018173,
      0.091933,
      0.116049,
      0.009583,
      0.050541,
      0.032095,
      0.119077,
      -0.001551,
      0.073847,
      0.001525,
      0.128421,
      0.030098,
      0.012224,
      0.027977,
      -0.043918,
      -0.031762,
      0.063009,
      -0.043796,
      0.132949,
      -0.010933,
      -0.022721,
      -0.053542,
      -0.005595,
      -0.003919,
      0.135939,
      0.07091,
      0.018557,
      -0.064322,
      0.071634,
      0.097564,
      0.058771,
      0.08297,
      0.061432,
      0.109243,
      0.13167,
      0.141077,
      0.134772,
      -0.022514,
      0.064588,
      -0.0084,
      -0.031207,
      0.065768,
      -0.04399,
      0.054125,
      -0.065873,
      0.010904,
      0.109595,
      0.133054,
      -0.012318,
      0.126382,
      -0.045724,
      0.024704,
      0.042752,
      -0.04743,
      -0.0394,
      0.017264,
      -0.034659,
      -0.070347,
      -0.020615,
      -0.015848,
      0.032787,
      0.04311,
      0.050602,
      -0.062091,
      0.126657,
      0.126709,
      0.065647,
      0.095188,
      0.101546,
      0.103544,
      0.05487,
      -0.05974,
      0.152357,
      0.004137,
      0.038907,
      0.055748,
      -0.066043,
      0.03517,
      0.050272,
      0.124357,
      -0.067673,
      -0.012902,
      0.142103,
      0.045681,
      0.020608,
      0.023614,
      0.073928,
      0.08455,
      0.01301,
      0.119344,
      0.138583,
      0.088669,
      0.13923,
      0.079545,
      0.15056,
      0.13626,
      0.039058,
      -0.052573,
      0.123903,
      0.082759,
      0.097154,
      0.15018,
      0.088535,
      -0.021124,
      -0.061383,
      0.084468,
      0.002457,
      -0.032165,
      0.041234,
      0.120095,
      -0.034868,
      0.121645,
      -0.036035,
      0.036147,
      0.087834,
      0.1407,
      -0.027139,
      0.013896,
      0.130761,
      0.067855,
      0.121238,
      -0.011162,
      0.138513,
      0.045568,
      0.131924,
      -0.013301,
      0.083691,
      0.07097,
      0.135859,
      0.031493,
      -0.026824,
      0.054116,
      0.123228,
      0.032523,
      0.101236,
      0.156342,
      0.158333,
      0.10505,
      -0.071419,
      0.015609,
      0.141935,
      -0.049889,
      -0.032927,
      -0.066588,
      -0.0295,
      -0.041431,
      -0.07272,
      -0.032055,
      0.066629,
      -0.079481,
      -0.028125,
      -0.074685,
      0.129479,
      0.047258,
      0.092648,
      -0.0502,
      -0.123431,
      -0.068789,
      0.000674,
      -0.007204,
      -0.049285,
      -0.116378,
      0.050283,
      0.025325,
      -0.040302,
      -0.010507,
      0.009872,
      -0.078683,
      -0.053602,
      -0.089554,
      -0.107731,
      0.033656,
      -0.125538,
      0.012034,
      -0.12402,
      -0.104743,
      0.021496,
      -0.135543,
      -0.009591,
      0.025738,
      -0.110508,
      0.042862,
      -0.002246,
      0.069792,
      0.011417,
      -0.149281,
      0.070044,
      -0.123257,
      0.066,
      0.049869,
      0.097114,
      -0.048474,
      0.048459,
      -0.055793,
      -0.087995,
      -0.025912,
      0.04119,
      -0.144776,
      -0.030006,
      -0.140294,
      -0.114447,
      -0.080454,
      0.06264,
      0.019422,
      0.034902,
      0.021972,
      0.073589,
      0.048189,
      0.062076,
      -0.061412,
      -0.065965,
      -0.125364,
      -0.066982,
      -0.088303,
      -0.098887,
      -0.100959,
      0.019085,
      0.049256,
      0.087521,
      0.01848,
      0.01008,
      0.040587,
      -0.00481,
      -0.141243,
      -0.153889,
      -0.07303,
      -0.049473,
      0.053817,
      0.001734,
      -0.099989,
      -0.048463,
      -0.040241,
      -0.082486,
      -0.054471,
      0.104111,
      -0.016704,
      -0.080182,
      0.010956,
      -0.011227,
      -0.093444,
      -0.040062,
      0.05797,
      -0.007074,
      0.024677,
      -0.046821,
      0.029705,
      0.069046,
      -0.032118,
      0.067534,
      -0.109916,
      -0.060144,
      -0.008893,
      -0.101382,
      0.06893,
      -0.074103,
      -0.057282,
      -0.063546,
      -0.054615,
      -0.15591,
      0.060268,
      -0.008714,
      -0.124466,
      0.037094,
      -0.001931,
      0.035043,
      -0.072685,
      -0.011295,
      -0.04601,
      0.057359,
      -0.122657,
      -0.031326,
      -0.005602,
      0.015247,
      -0.018247,
      -0.014371,
      -0.053481,
      0.057845,
      -0.039058,
      -0.12586,
      -0.043049,
      -0.030125,
      -0.037124,
      0.071769,
      -0.052297,
      0.025903,
      -0.003863,
      -0.00579,
      0.042908,
      0.067061,
      0.035102,
      0.000221,
      -0.020107,
      -0.135188,
      -0.106368,
      -0.074418,
      0.072643,
      0.017846,
      0.049458,
      0.043078,
      -0.090433,
      0.06341,
      0.08272,
      0.036924,
      -0.07411,
      -0.117252,
      0.023324,
      -0.11942,
      0.001694,
      -0.03684,
      0.066996,
      -0.086309,
      -0.055617,
      -0.129953,
      0.045044,
      -0.005433,
      -0.12963,
      -0.097085,
      -0.058265,
      -0.061927,
      -0.146929,
      -0.146353,
      0.002635,
      -0.144552,
      0.042139,
      -0.011974,
      0.009113,
      0.061268,
      0.016504,
      -0.089275,
      -0.080882,
      -0.089819,
      0.060861,
      -0.060603,
      -0.029877,
      -0.053625,
      0.032746,
      -0.144247,
      -0.096299,
      -0.127039,
      -0.063817,
      -0.027809,
      -0.032489,
      -0.070109,
      0.018861,
      0.059633,
      -0.021338,
      -0.074578,
      -0.054339,
      0.052455,
      -0.101115,
      -0.041462,
      -0.060893,
      0.01661,
      0.006485,
      -0.125934,
      -0.124309,
      0.000161,
      -0.039165,
      -0.0521,
      -0.046807,
      -0.145466,
      -0.040807,
      0.026309,
      -0.093418,
      -0.001212,
      0.06698,
      -0.094872,
      0.004381,
      -0.122617,
      0.01253,
      -0.128105,
      0.078218,
      -0.010459,
      -0.04285,
      0.067407,
      -0.119997,
      0.04937,
      -0.056162,
      -0.017219,
      0.07662,
      0.012599,
      -0.109366,
      0.009318,
      -0.000456,
      -0.10816,
      -0.123712,
      -0.071939,
      -0.105825,
      -0.089044,
      -0.118343,
      -0.111119,
      0.014908,
      -0.018398,
      -0.109307,
      0.053862,
      0.052423,
      -0.050855,
      -0.109983,
      -0.099511,
      -0.064528,
      0.013346,
      -0.146744,
      -0.11716,
      -0.093533,
      -0.038187,
      0.074381,
      -0.128187,
      0.01574,
      0.02881,
      -0.051064,
      -0.087333,
      0.009226,
      -0.010533,
      0.005045,
      0.073121,
      0.028556,
      0.008724,
      0.02823,
      -0.106842,
      0.039961,
      0.017665,
      -0.098004,
      -0.112679,
      -0.122377,
      -0.044691,
      -0.09717,
      -0.037674,
      0.021182,
      -0.10633,
      -0.135467,
      0.052464,
      -0.030839,
      -0.03617,
      -0.00155,
      -0.129811,
      -0.009844,
      0.021384,
      -0.102239,
      -0.146056,
      0.070923,
      0.078596,
      0.035093,
      -0.156876,
      -0.065636,
      -0.09693,
      -0.030457,
      -0.066366,
      -0.088253,
      -0.14014,
      -0.157032,
      -0.048153,
      -0.124495,
      -0.089018,
      0.005799,
      0.056415,
      -0.079292,
      -0.017593,
      -0.078949,
      0.066463,
      -0.028265,
      -0.111609,
      -0.024278,
      -0.050373,
      -0.087721,
      0.002636,
      -0.094924,
      0.024724,
      0.037404,
      -0.101921,
      -0.145479,
      -0.112315,
      -0.105964,
      -0.013151,
      -0.067995,
      0.009942,
      -0.090733,
      -0.037743,
      -0.055073,
      -0.027999,
      -0.096449,
      -0.114386,
      -0.040603,
      -0.109924,
      -0.093729,
      0.020386,
      -0.039376,
      -0.013692,
      -0.079221,
      -0.069184,
      -0.04768,
      -0.142761,
      -0.030522,
      -0.119034,
      -0.029357,
      -0.100584,
      -0.062619,
      0.027377,
      -0.069316,
      -0.155775,
      0.071385,
      -0.054214,
      -0.020746,
      -0.09923,
      0.007041,
      0.073948,
      -0.141693,
      -0.150662,
      -0.089594,
      -0.038448,
      -0.040856,
      -0.145061,
      -0.122644,
      0.023996,
      -0.079463,
      -0.038248,
      -0.128921,
      0.021063,
      -0.147638,
      0.067827,
      0.050539,
      0.065149,
      0.059428,
      -0.075205,
      -0.054647,
      0.04014,
      0.038456,
      -0.129578,
      -0.07414,
      0.159008,
      0.008129,
      0.003572,
      0.123195,
      -0.003854,
      0.090579,
      0.136275,
      -0.013288,
      0.008066,
      0.05763,
      -0.046231,
      -0.023183,
      0.105874,
      -0.04939,
      0.075139,
      -0.057275,
      0.046092,
      0.085035,
      0.035337,
      0.077193,
      0.112252,
      0.035859,
      0.087431,
      0.124563,
      -0.05163,
      -0.093431,
      -0.017831,
      0.082323,
      0.099046,
      -0.038598,
      0.059931,
      -0.04435,
      0.032591,
      -0.078797,
      0.12973,
      0.080053,
      -0.11915,
      0.107591,
      0.048236,
      0.066211,
      -0.165623,
      0.138513,
      0.048423,
      -0.067796,
      0.032802,
      -0.044041,
      -0.009212,
      -0.102036,
      -0.121787,
      0.07254,
      0.039917,
      -0.042628,
      -0.04796,
      -0.159901,
      0.086334,
      0.027757,
      0.059512,
      -0.056501,
      -0.013496,
      0.097566,
      -0.132972,
      0.090211,
      0.037967,
      -0.054131,
      -0.114063,
      -0.073451,
      0.098028,
      0.126484,
      0.013643,
      0.064975,
      -0.112393,
      0.074935,
      0.051044,
      -0.043724,
      -0.081275,
      0.046955,
      -0.131068,
      -0.064469,
      0.069358,
      -0.11035,
      0.071158,
      0.045946,
      0.017848,
      0.026439,
      0.14709,
      -0.010473,
      -0.060863,
      0.014055,
      -0.093929,
      0.010687,
      -0.023028,
      0.05222,
      0.027678,
      -0.064967,
      0.071498,
      0.149275,
      -0.070018,
      0.020316,
      0.055373,
      0.059572,
      0.012399,
      -0.117585,
      0.022023,
      -0.119516,
      -0.108254,
      -0.041859,
      -0.112669,
      0.016205,
      0.04208,
      0.026586,
      -0.061281,
      0.022455,
      -0.008085,
      0.008624,
      -0.098253,
      0.03153,
      -0.116906,
      -0.095428,
      -0.03321,
      0.030107,
      -0.015046,
      -0.050684,
      -0.101676,
      0.046896,
      0.000332,
      -0.106934,
      0.032311,
      0.009996,
      0.029404,
      0.047809,
      0.026927,
      -0.013596,
      0.005106,
      0.079749,
      0.081417,
      -0.084122,
      0.016365,
      -0.060734,
      -0.094632,
      -0.073077,
      -0.085374,
      0.064944,
      0.13205,
      -0.001442,
      -0.079124,
      -0.074082,
      0.025244,
      0.063255,
      0.076332,
      -0.136744,
      0.007335,
      -0.133982,
      -0.00012,
      0.048044,
      -0.112446,
      -0.060999,
      -0.070755,
      -0.0033,
      -0.049771,
      0.10102,
      -0.100626,
      0.070561,
      -0.127314,
      -0.10074,
      -0.036007,
      0.014989,
      -0.067606,
      0.125741,
      -0.05914,
      0.050067,
      -0.025203,
      -0.054838,
      0.026177,
      0.013371,
      0.060882,
      -0.008368,
      0.060161,
      0.106422,
      -0.091062,
      -0.135628,
      0.044385,
      0.012926,
      0.017909,
      -0.13484,
      -0.065482,
      -0.100995,
      -0.095752,
      0.007421,
      -0.012457,
      0.054215,
      -0.029131,
      -0.047742,
      -0.011029,
      -0.003526,
      -0.0041,
      0.107166,
      -0.031343,
      -0.026251,
      0.095463,
      -0.145,
      -0.069292,
      -0.012694,
      -0.077773,
      -0.008158,
      0.041435,
      0.026144,
      -0.052272,
      -0.002362,
      -0.086808,
      -0.019875,
      0.011681,
      -0.142132,
      0.06761,
      -0.116247,
      -0.115286,
      0.040836,
      0.018539,
      -0.110648,
      -0.093173,
      -0.104465,
      0.076923,
      -0.072133,
      0.075449,
      -0.004368,
      -0.045331,
      0.045906,
      0.035824,
      -0.004821,
      -0.014582,
      -0.075532,
      0.007513,
      -0.024268,
      -0.122996,
      -0.081463,
      -0.074734,
      -0.120506,
      -0.050847,
      0.012595,
      0.060559,
      0.00227,
      -0.068703,
      -0.112007,
      -0.122042,
      -0.043701,
      -0.055656,
      0.072888,
      -0.124181,
      0.00689,
      -0.051504,
      0.037991,
      -0.108563,
      -0.033993,
      -0.118228,
      -0.117602,
      0.01236,
      -0.060767,
      -0.135415,
      0.070978,
      -0.010531,
      -0.018238,
      -0.013162,
      0.036687,
      -0.090807,
      0.006542,
      0.002051,
      -0.04921,
      -0.044984,
      -0.13442,
      0.070169,
      -0.115595,
      0.000657,
      -0.07257,
      0.057594,
      0.086095,
      -0.050479,
      -0.067605,
      0.060857,
      -0.054239,
      -0.070796,
      0.042501,
      0.070214,
      -0.065327,
      -0.113318,
      -0.014845,
      -0.091106,
      0.022113,
      -0.133334,
      0.075028,
      0.066176,
      0.085143,
      0.0681,
      -0.021468,
      -0.044521,
      -0.034702,
      0.050519,
      -0.076157,
      0.012,
      0.066322,
      0.062305,
      -0.105952,
      -0.003241,
      0.075494,
      -0.138105,
      -0.05869,
      -0.11151,
      -0.10285,
      -0.074591,
      -0.133259,
      -0.100266,
      0.034854,
      -0.062113,
      0.068743,
      -0.068104,
      -0.121063,
      -0.073428,
      0.023246,
      0.070852,
      -0.045219,
      -0.048603,
      -0.095944,
      -0.016842,
      -0.098698,
      -0.012591,
      -0.051712,
      -0.075495,
      -0.081494,
      0.047128,
      -0.109962,
      -0.075848,
      -0.00015,
      -0.111344,
      0.018223,
      -0.056903,
      -0.12933,
      -0.049218,
      -0.003423,
      0.039533,
      -0.12077,
      -0.004584,
      -0.111105,
      0.038903,
      -0.049886,
      -0.042999,
      0.055021,
      -0.068156,
      -0.007201,
      -0.018373,
      0.046068,
      -0.13798,
      -0.044558,
      -0.085429,
      0.074733,
      -0.101969,
      -0.104514,
      0.089805,
      -0.119031,
      -0.057599,
      -0.112371,
      0.069483,
      -0.091778,
      -0.1559,
      0.039712,
      -0.015666,
      -0.033304,
      -0.092223,
      -0.036864,
      0.02945,
      -0.075836,
      0.033893,
      -0.064156,
      -0.108531,
      -0.110546,
      0.046004,
      -0.036216,
      -0.117453,
      -0.131622,
      -0.083295,
      0.009776,
      0.060298,
      -0.019488,
      -0.125483,
      -0.13108,
      -0.06273,
      -0.025946,
      -0.01451,
      0.081873,
      -0.125813,
      -0.002847,
      0.081532,
      -0.138868,
      0.066543,
      0.048174,
      -0.082197,
      0.120506,
      -0.02256,
      0.134196,
      0.05165,
      -0.006311,
      -0.07657,
      0.017586,
      -0.03643,
      0.070428,
      0.017597,
      0.162812,
      0.001085,
      0.066627,
      0.010731,
      0.121764,
      -0.024352,
      8.6e-05,
      -0.000699,
      0.018607,
      -0.076717,
      0.096016,
      0.010023,
      -0.055561,
      0.13219,
      -0.075218,
      -0.074155,
      0.076487,
      0.015797,
      -0.084097,
      0.130142,
      -0.024437,
      0.110761,
      0.10285,
      -0.089643,
      -0.069324,
      -0.054731,
      0.138673,
      -0.0165,
      0.057666,
      0.02101,
      0.08489,
      -0.054858,
      -0.079775,
      -0.035174,
      -0.055257,
      0.030929,
      -0.000348,
      0.055267,
      0.025267,
      0.083591,
      0.053318,
      0.0679,
      0.089943,
      0.00086,
      -0.077238,
      0.014733,
      0.080983,
      -0.02854,
      0.021881,
      -0.030927,
      0.053639,
      -0.107154,
      0.154178,
      0.046422,
      0.13599,
      0.024492,
      -0.1104,
      0.013823,
      -0.163762,
      -0.143363,
      0.058918,
      0.002634,
      -0.023186,
      0.013142,
      0.073214,
      0.118406,
      -0.057793,
      0.077205,
      -0.028478,
      -0.06627,
      -0.008904,
      -0.064854,
      0.073338,
      0.0502,
      -0.038455,
      -0.013215,
      0.039408,
      -0.117457,
      -0.059015,
      -0.052507,
      0.101247,
      -0.041658,
      0.080092,
      0.06332,
      -0.081283,
      0.05767,
      0.073653,
      -0.010768,
      -0.028967,
      0.050854,
      0.046874,
      -0.011474,
      0.03782,
      0.088346,
      -0.029057,
      0.067116,
      -0.029769,
      0.037011,
      -0.06501,
      0.044428,
      -0.044789,
      -0.078554,
      0.029626,
      0.048526,
      0.093796,
      -0.010908,
      -0.102377,
      -0.038574,
      -0.069322,
      0.037123,
      -0.076748,
      0.02158,
      -0.133642,
      -0.065795,
      -0.104635,
      -0.106777,
      0.055338,
      0.041427,
      0.025475,
      -0.072896,
      -0.048732,
      -0.08444,
      -0.034334,
      -0.057363,
      -0.09152,
      -0.096988,
      -0.128726,
      0.038281,
      -0.058939,
      0.006403,
      0.074741,
      0.039244,
      -0.038115,
      0.005601,
      -0.060462,
      -0.057354,
      0.003897,
      -0.079904,
      0.037354,
      -0.071375,
      -0.116099,
      -0.031462,
      -0.1442,
      -0.127361,
      0.019243,
      -0.074142,
      -0.115528,
      0.089372,
      -0.028477,
      -0.091856,
      0.028651,
      0.059744,
      0.077709,
      0.003007,
      -0.033255,
      -0.13049,
      -0.167261,
      -0.034484,
      0.01914,
      0.045545,
      -0.133462,
      -0.043527,
      0.047131,
      -0.088217,
      -0.06159,
      -0.016019,
      0.022952,
      -0.164389,
      -0.148159,
      -0.146016,
      -0.104598,
      -0.11057,
      -0.11217,
      -0.113666,
      -0.036135,
      0.080625,
      -0.113301,
      0.080733,
      -0.109282,
      0.022876,
      -0.108004,
      0.037506,
      -0.083958,
      0.079092,
      -0.040981,
      -0.051969,
      -0.103216,
      -0.135869,
      -0.04457,
      0.08561,
      -0.048675,
      0.081299,
      0.035045,
      0.056752,
      0.051243,
      0.009473,
      -0.074247,
      0.072867,
      -0.028968,
      0.028871,
      -0.133381,
      -0.012974,
      -0.01257,
      0.024473,
      -0.085785,
      -0.027073,
      -0.154041,
      0.059812,
      -0.074187,
      0.021811,
      -0.157061,
      0.001627,
      0.072185,
      -0.088704,
      0.035024,
      0.022439,
      -0.072508,
      -0.138092,
      0.071508,
      -0.015575,
      0.013153,
      -0.089336,
      0.073295,
      0.073123,
      -0.043479,
      -0.018203,
      -0.129085,
      0.021163,
      -0.077475,
      -0.034816,
      -0.034775,
      -0.05464,
      0.015961,
      -0.03368,
      -0.090067,
      -0.030543,
      -0.024111,
      0.043994,
      0.078356,
      -0.028984,
      -0.097278,
      -0.102008,
      -0.129876,
      -0.001346,
      -0.018453,
      0.000868,
      -0.122128,
      -0.114658,
      -0.071096,
      0.0583,
      -0.090537,
      -0.142252,
      -0.004429,
      0.039996,
      -0.038476,
      -0.125897,
      -0.026392,
      -0.02592,
      -0.149842,
      -0.072713,
      -0.081896,
      0.001251,
      0.047507,
      -0.132478,
      -0.134678,
      -0.16198,
      -0.068418,
      -0.092315,
      -0.10252,
      0.035715,
      0.019386,
      -0.122002,
      -0.118301,
      -0.015365,
      -0.128298,
      0.074764,
      -0.052752,
      -0.109881,
      -0.11558,
      -0.101699,
      -0.054514,
      -0.080552,
      -0.001585,
      -0.050613,
      -0.135683,
      0.009518,
      -0.004732,
      -0.113055,
      -0.136326,
      -0.062951,
      -0.008869,
      -0.010127,
      0.040965,
      -0.16347,
      -0.072385,
      -0.076607,
      -0.144771,
      0.073769,
      -0.16464,
      -0.079147,
      -0.160624,
      -0.118589,
      -0.068823,
      -0.109927,
      -0.079566,
      -0.126984,
      -0.0243,
      -0.042441,
      -0.108077,
      -0.009792,
      -0.097644,
      -0.094449,
      0.081466,
      -0.072807,
      0.048274,
      -0.057832,
      0.045531,
      -0.04231,
      -0.101168,
      -0.131128,
      -0.079941,
      -0.105643,
      0.045154,
      -0.150629,
      -0.085108,
      -0.138843,
      -0.003744,
      -0.038897,
      0.045969,
      0.069207,
      -0.075884,
      -0.128025,
      -0.022123,
      -0.007112,
      -0.156813,
      -0.063322,
      0.068061,
      -0.015761,
      -0.088171,
      0.003692,
      -0.055518,
      -0.107207,
      -0.068424,
      0.078184,
      -0.04583,
      0.004679,
      -0.083527,
      0.083245,
      -0.060956,
      -0.095589,
      -0.14067,
      0.026959,
      -0.100644,
      -0.078205,
      -0.011406,
      0.028797,
      0.007977,
      -0.032991,
      0.016173,
      -0.027095,
      -0.029972,
      -0.002974,
      -0.094919,
      0.051169,
      -0.003255,
      -0.044181,
      -0.127634,
      -0.055985,
      -0.021623,
      -0.017422,
      -0.070113,
      -0.090208,
      -0.163189,
      -0.118987,
      -0.079331,
      -0.16001,
      8.7e-05,
      0.053529,
      -0.106116,
      -0.132301,
      0.051173,
      0.031078,
      0.100069,
      -0.052263,
      0.013123,
      -0.075724,
      0.026081,
      -0.002556,
      0.137611,
      -0.018842,
      0.125256,
      0.090319,
      -0.025433,
      0.107884,
      0.041608,
      0.004979,
      0.01081,
      -0.03581,
      -0.037166,
      -0.009692,
      -0.054284,
      0.134422,
      0.025529,
      -0.007,
      -0.014488,
      0.064485,
      0.093604,
      0.043425,
      -0.044453,
      -0.04874,
      0.113036,
      -0.052867,
      -0.021865,
      -0.074044,
      -0.032601,
      0.034303,
      -0.070567,
      0.099786,
      -0.031426,
      0.063557,
      -0.017064,
      0.083256,
      -0.136122,
      -0.026223,
      0.012931,
      0.064577,
      0.129337,
      -0.035115,
      0.038508,
      0.084787,
      0.07842,
      0.102919,
      0.03428,
      -0.023261,
      0.032647,
      -0.029785,
      0.060972,
      -0.024915,
      0.006901,
      -0.036142,
      0.022167,
      -0.119181,
      -0.119162,
      0.063043,
      0.051518,
      -0.024126,
      -0.062627,
      0.006378,
      0.091024,
      0.062456,
      -0.069299,
      0.011995,
      0.00014,
      -0.113544,
      -0.046867,
      -0.089291,
      -0.029022,
      -0.061218,
      -0.018397,
      -0.074447,
      -0.000602,
      0.030086,
      -0.014354,
      0.056529,
      0.039788,
      -0.076629,
      -0.071951,
      -0.054539,
      -0.134091,
      0.013135,
      -0.08807,
      -0.115922,
      0.069945,
      0.009357,
      -0.101358,
      0.123983,
      0.07179,
      -0.054562,
      -0.054506,
      0.060543,
      -0.05819,
      0.026524,
      -0.036117,
      0.026022,
      -0.071386,
      0.083772,
      -0.045448,
      0.067227,
      0.039685,
      -0.156958,
      -0.117477,
      0.027524,
      0.007937,
      0.022362,
      0.0428,
      0.050572,
      -0.11342,
      0.046482,
      0.073283,
      -0.029859,
      0.060331,
      0.053699,
      -0.102808,
      -0.060044,
      0.009574,
      0.035701,
      -0.108002,
      -0.054689,
      -0.076614,
      -0.017275,
      -0.063694,
      -0.055665,
      -0.004232,
      -0.151218,
      -0.104377,
      -0.115115,
      -0.046197,
      0.079948,
      0.020068,
      -0.024263,
      0.020952,
      -0.102589,
      -0.123664,
      -0.111282,
      0.065768,
      0.004277,
      -0.136874,
      0.001334,
      0.025715,
      0.047432,
      -0.158424,
      0.037094,
      0.054953,
      0.008226,
      -0.069369,
      -0.074944,
      -0.123231,
      0.136577,
      0.054136,
      0.044567,
      0.054782,
      -0.065886,
      0.016837,
      -0.02377,
      -0.068896,
      0.004342,
      0.029087,
      -0.018637,
      -0.103597,
      -0.11904,
      -0.098258,
      -0.077688,
      0.043939,
      -0.091409,
      -0.065184,
      -0.079502,
      -0.116461,
      -0.113706,
      0.078014,
      0.063578,
      -0.130877,
      -0.001781,
      -0.026346,
      -0.073437,
      -0.089786,
      0.03033,
      -0.028739,
      0.043956,
      0.009386,
      -0.041501,
      -0.102537,
      -0.065995,
      -0.117423,
      0.079701,
      -0.145806,
      0.066887,
      -0.15057,
      0.035075,
      -0.148537,
      -0.152819,
      -0.043351,
      0.042247,
      -0.024448,
      -0.027825,
      0.020518,
      0.018389,
      0.02301,
      -0.054202,
      -0.147903,
      0.021627,
      -0.061195,
      0.035008,
      -0.071056,
      -0.030288,
      -0.130137,
      -0.04429,
      -0.052279,
      -0.131112,
      -0.154255,
      0.048887,
      -0.059143,
      0.006685,
      0.000201,
      -0.12511,
      -0.061408,
      -0.143454,
      0.037861,
      -0.098652,
      -0.106922,
      0.069267,
      -0.048119,
      -0.152843,
      -0.011893,
      -0.011367,
      -0.024216,
      -0.083417,
      -0.0829,
      -0.037884,
      -0.163228,
      -0.147135,
      -0.078503,
      -0.051427,
      -0.087868,
      0.049817,
      -0.015678,
      -0.114566,
      -0.034435,
      -0.015062,
      0.023928,
      -0.125407,
      0.009093,
      -0.051911,
      -0.160823,
      -0.069197,
      -0.125551,
      0.006446,
      -0.009919,
      0.01189,
      -0.086421,
      -0.157223,
      -0.076968,
      -0.03236,
      -0.108898,
      -0.105135,
      0.037829,
      -0.096444,
      0.07277,
      -0.02762,
      0.016284,
      0.002996,
      0.012986,
      -0.164559,
      -0.094672,
      -0.14649,
      0.015889,
      0.049591,
      -0.040719,
      -0.099632,
      -0.006362,
      0.001421,
      -0.00441,
      -0.127231,
      0.060056,
      -0.086347,
      -0.112012,
      0.011079,
      -0.008183,
      0.057014,
      0.048868,
      -0.017764,
      -0.058524,
      -0.152266,
      -0.143239,
      0.057588,
      -0.043266,
      -0.149958,
      -0.09297,
      0.02616,
      -0.110582,
      -0.073215,
      -0.053557,
      -0.086977,
      0.057301,
      -0.095101,
      -0.134608,
      -0.046239,
      -0.136981,
      -0.018295,
      -0.008087,
      -0.031991,
      -0.043473,
      -0.1479,
      -0.018371,
      -0.100549,
      -0.001728,
      -0.067041,
      -0.124434,
      -0.034206,
      -0.059283,
      -0.08592,
      -0.061239,
      -0.022442,
      -0.159731,
      -0.077388,
      -0.145226,
      -0.066743,
      -0.154669,
      -0.156055,
      -0.133722,
      -0.065281,
      -0.073393,
      0.031797,
      -0.134695,
      -0.037672,
      -0.079269,
      0.013804,
      -0.009293,
      0.068445,
      -0.136294,
      0.003465,
      -0.004169,
      -0.081255,
      0.001971,
      -0.076219,
      -0.130911,
      -0.0964,
      -0.066828,
      -0.048616,
      -0.148106,
      0.037695,
      -0.126443,
      0.021061,
      -0.048602,
      0.050869,
      -0.082092,
      0.056425,
      -0.035764,
      -0.016358,
      0.051305,
      -0.008221,
      0.01921,
      -0.110067,
      0.023085,
      0.049414,
      -0.099513,
      0.026157,
      -0.11123,
      0.04276,
      -0.03591,
      -0.138611,
      -0.009491,
      0.011995,
      -0.021597,
      -0.13698,
      0.052165,
      0.044905,
      0.003327,
      0.039088,
      -0.151649,
      -0.145325,
      -0.147282,
      -0.059918,
      -0.100259,
      -0.122318,
      -0.06701,
      -0.081962,
      -0.099866,
      -0.115843,
      -0.118343,
      -0.022889,
      -0.057751,
      0.000293,
      0.15088,
      0.083447,
      0.079429,
      -0.058539,
      -0.015541,
      0.010786,
      0.132323,
      0.036616,
      0.053114,
      0.055924,
      0.106393,
      0.134505,
      0.068922,
      0.137924,
      0.084777,
      -0.035152,
      -0.03239,
      -0.011927,
      0.032065,
      -0.018416,
      -0.033291,
      0.045032,
      0.053494,
      -0.056436,
      -0.035683,
      0.135527,
      -0.018378,
      -0.085305,
      0.026875,
      0.09312,
      0.051844,
      -0.026785,
      0.00539,
      -0.057599,
      -0.062022,
      0.013395,
      0.01409,
      -0.011483,
      -0.063689,
      0.002036,
      0.121162,
      -0.074844,
      -0.042631,
      0.111437,
      0.095623,
      0.018406,
      -0.08056,
      0.032209,
      0.045094,
      0.063134,
      0.026833,
      -0.015334,
      -0.095039,
      -0.098561,
      0.041171,
      -0.0669,
      0.048341,
      0.017266,
      -0.075962,
      -0.055393,
      0.004549,
      0.077906,
      -0.029957,
      0.082121,
      0.149812,
      -0.089304,
      0.039717,
      0.070052,
      -0.088274,
      0.072935,
      -0.032952,
      -0.045902,
      -0.004021,
      0.032202,
      0.061843,
      0.118947,
      0.10936,
      -0.07615,
      -0.021395,
      -0.060345,
      -0.08137,
      -0.087248,
      0.068469,
      -0.080032,
      0.031414,
      -0.001625,
      -0.052697,
      -0.01654,
      0.126178,
      -0.012133,
      -0.121583,
      0.032734,
      0.058025,
      0.011242,
      0.008834,
      -0.051137,
      -0.093296,
      -0.129255,
      -0.086441,
      -0.057883,
      -0.061099,
      -0.018321,
      -0.047019,
      -0.005391,
      0.088519,
      -0.119293,
      0.054666,
      -0.06731,
      -0.043324,
      0.020089,
      -0.100659,
      -0.064364,
      0.013882,
      -0.14263,
      0.07953,
      0.083151,
      0.015662,
      0.04637,
      -0.043631,
      -0.038985,
      -0.105731,
      -0.036029,
      -0.10851,
      -0.119323,
      -0.046981,
      -0.027963,
      0.037343,
      -0.065191,
      -0.029036,
      0.051134,
      -0.116248,
      -0.0329,
      0.013485,
      0.074472,
      0.018954,
      0.013696,
      -0.115363,
      0.064149,
      -0.027369,
      -0.136113,
      0.084121,
      -0.083922,
      0.073475,
      0.068502,
      -0.081372,
      0.03425,
      0.119682,
      -0.05861,
      0.0427,
      -0.136477,
      0.045692,
      -0.082228,
      -0.086964,
      -0.040967,
      -0.058477,
      -0.094732,
      0.011782,
      -0.054486,
      -0.01876,
      -0.116014,
      -0.164169,
      -0.090386,
      0.029248,
      -0.065352,
      -0.07809,
      -0.081751,
      -0.141713,
      -0.034762,
      -0.105033,
      -0.012943,
      0.041718,
      -0.046363,
      -0.017127,
      -0.018921,
      -0.139083,
      -0.111879,
      -0.061394,
      0.049073,
      0.031167,
      0.054952,
      0.023305,
      0.072897,
      -0.007615,
      0.033117,
      -0.095327,
      0.065369,
      0.025586,
      -0.132394,
      -0.145436,
      0.0132,
      -0.051005,
      -0.154523,
      -0.124557,
      -0.120077,
      -0.093678,
      -0.075588,
      -0.049346,
      -0.001944,
      0.062304,
      0.046429,
      -0.003546,
      0.061319,
      -0.104228,
      -0.10555,
      -0.030185,
      -0.004132,
      -0.136663,
      0.032205,
      0.041925,
      0.052041,
      0.033881,
      -0.106393,
      -0.117163,
      -0.063206,
      -0.015359,
      -0.102702,
      0.072106,
      -0.134862,
      -0.029383,
      -0.010843,
      -0.148818,
      -0.092761,
      -0.036991,
      -0.001,
      -0.10673,
      -0.108607,
      -0.077289,
      -0.029216,
      -0.03342,
      -0.028674,
      -0.061836,
      -0.023429,
      0.02977,
      -0.107621,
      0.040364,
      -0.041779,
      -0.043138,
      -0.075368,
      -0.11208,
      -0.074878,
      0.066666,
      -0.104372,
      0.049676,
      -0.097898,
      -0.058076,
      -0.155119,
      -0.051692,
      -0.14801,
      -0.053193,
      0.021788,
      -0.067291,
      -0.014146,
      -0.162755,
      -0.115671,
      -0.120424,
      -0.128943,
      -0.086203,
      -0.038553,
      0.06812,
      -0.115277,
      0.018016,
      -0.144861,
      -0.07789,
      -0.112379,
      -0.045692,
      0.048649,
      -0.14,
      0.017041,
      -0.047233,
      -0.018993,
      0.019995,
      -0.069616,
      -0.050385,
      -0.087909,
      0.044874,
      -0.130742,
      0.064535,
      -0.036356,
      -0.150058,
      -0.055349,
      -0.089405,
      -0.035588,
      0.051593,
      -0.090724,
      -0.147391,
      -0.088021,
      -0.028983,
      0.056535,
      -0.142404,
      -0.097585,
      -0.045392,
      -0.041609,
      -0.092489,
      -0.033721,
      -0.065712,
      -0.13534,
      -0.003474,
      0.041136,
      0.037187,
      0.002,
      -0.066396,
      -0.006575,
      -0.104225,
      0.059595,
      -0.102114,
      0.044728,
      0.030657,
      0.007491,
      0.027711,
      -0.0678,
      0.033271,
      -0.078993,
      -0.047315,
      0.007623,
      -0.009196,
      -0.066081,
      -0.076882,
      0.038777,
      -0.053321,
      0.02674,
      -0.131822,
      -0.14912,
      -0.011482,
      -0.054599,
      -0.086175,
      -0.038327,
      -0.119461,
      -0.126561,
      -0.07929,
      -0.021142,
      -0.111214,
      -0.088552,
      -0.112827,
      0.032434,
      -0.05879,
      0.055092,
      0.067072,
      -0.04568,
      -0.0623,
      -0.100373,
      0.032091,
      0.015122,
      -0.150637,
      -0.01662,
      -0.133571,
      -0.140611,
      -0.087379,
      0.019199,
      -0.159128,
      0.006712,
      0.038515,
      0.074215,
      -0.03041,
      -0.029664,
      -0.014526,
      -0.12852,
      -0.104534,
      -0.041232,
      0.023449,
      0.017697,
      0.027765,
      0.02435,
      -0.064831,
      -0.045948,
      -0.038109,
      -0.013592,
      -0.003407,
      0.061464,
      -0.110866,
      -0.006953,
      -0.107565,
      -0.031006,
      -0.077508,
      0.008721,
      -0.051118,
      -0.098582,
      -0.050444,
      -0.10029,
      -0.025936,
      -0.048816,
      0.031247,
      -0.013341,
      -0.084702,
      -0.13517,
      -0.101036,
      -0.09172,
      -0.066296,
      -0.02752,
      -0.063049,
      -0.048609,
      -0.109535,
      -0.07534,
      0.13413,
      0.084022,
      0.006233,
      -0.065327,
      -0.072892,
      -0.025056,
      0.020856,
      -0.041208,
      -0.070809,
      0.055165,
      0.008686,
      0.0839,
      0.077522,
      0.09375,
      -0.061674,
      0.08632,
      -0.026302,
      -0.003036,
      0.129733,
      0.049189,
      -0.080288,
      0.119526,
      0.046478,
      -0.072252,
      0.026093,
      0.092947,
      -0.006245,
      0.127023,
      -0.036427,
      0.04174,
      0.004407,
      -0.021518,
      -0.056367,
      0.04887,
      0.104194,
      -0.103861,
      -0.0392,
      -0.086331,
      -0.066155,
      -0.044021,
      -0.058469,
      0.039349,
      0.114525,
      0.034618,
      -0.006963,
      0.056706,
      -0.011112,
      0.042324,
      -0.094921,
      0.032081,
      0.087263,
      -0.11554,
      0.07257,
      0.00465,
      0.008539,
      -0.087702,
      0.040392,
      -0.108875,
      -0.025246,
      0.102269,
      -0.025843,
      0.121681,
      0.029245,
      0.001438,
      0.042832,
      0.020135,
      -0.041187,
      -0.014518,
      0.057802,
      -0.109342,
      0.093999,
      0.074454,
      -0.05753,
      -0.054278,
      0.12886,
      0.069717,
      -0.073487,
      -0.098582,
      -0.072195,
      -0.113569,
      -0.103685,
      -0.098423,
      0.071271,
      -0.003932,
      -0.063786,
      0.04987,
      -0.013181,
      0.051959,
      -0.029755,
      -0.016197,
      -0.130004,
      0.052453,
      -0.069816,
      0.001938,
      -0.016905,
      -0.013086,
      0.023555,
      -0.075743,
      0.103211,
      -0.074531,
      -0.09935,
      -0.020563,
      0.071677,
      0.019142,
      -0.019022,
      -0.05578,
      0.021109,
      -0.01279,
      -0.117925,
      -0.040212,
      0.029234,
      -0.015729,
      -0.073058,
      -0.057184,
      -0.109014,
      -0.081155,
      0.025949,
      -0.039333,
      -0.000654,
      0.040236,
      -0.099581,
      -0.143408,
      -0.146146,
      0.037526,
      -0.07617,
      0.050827,
      0.022102,
      -0.011679,
      0.070951,
      -0.070545,
      -0.115193,
      0.075284,
      -0.122528,
      0.041945,
      0.042098,
      -0.022128,
      -0.017828,
      0.058825,
      0.025973,
      0.060787,
      0.080335,
      -0.049348,
      -0.055882,
      -0.018231,
      -0.082847,
      0.064915,
      0.087512,
      -0.023858,
      -0.011082,
      -0.158256,
      -0.097669,
      0.085923,
      0.038378,
      0.035721,
      0.068346,
      0.089553,
      0.069065,
      -0.047543,
      -0.04387,
      -0.140516,
      -0.146648,
      -0.095325,
      0.016868,
      -0.061768,
      -0.135068,
      -0.154942,
      0.012134,
      0.044106,
      0.01122,
      0.008679,
      -0.143805,
      -0.080591,
      -0.115932,
      -0.145148,
      -0.034191,
      0.054574,
      -0.066405,
      -0.105697,
      4.1e-05,
      -0.103334,
      0.046153,
      -0.000321,
      -0.097232,
      -0.036195,
      -0.062325,
      -0.080394,
      -0.112742,
      -0.016795,
      0.030125,
      -0.121387,
      -0.096699,
      -0.009505,
      0.071499,
      -0.06552,
      -0.016527,
      0.031357,
      -0.087484,
      0.024518,
      -0.085557,
      -0.064459,
      -0.095285,
      -0.143932,
      -0.104475,
      0.037475,
      -0.038255,
      0.024935,
      -0.080476,
      -0.110348,
      -0.046442,
      0.047436,
      -0.021813,
      0.02585,
      -0.01929,
      0.000111,
      -0.015841,
      0.07378,
      0.04578,
      -0.125747,
      -0.023585,
      0.036399,
      0.065664,
      0.027692,
      -0.046526,
      -0.046772,
      0.051347,
      0.058698,
      -0.149418,
      -0.118181,
      0.021828,
      -0.116842,
      0.050141,
      0.073429,
      0.059964,
      -0.087525,
      -0.003603,
      -0.040978,
      -0.065747,
      -0.077984,
      0.070181,
      -0.041657,
      -0.13306,
      0.034114,
      -0.088529,
      0.018447,
      -0.011012,
      -0.156357,
      0.052201,
      -0.091921,
      -0.126257,
      0.051135,
      0.075269,
      -0.080875,
      0.027571,
      -0.011168,
      0.069424,
      -0.056719,
      -0.096853,
      0.01416,
      -0.046206,
      -0.157585,
      -0.165277,
      0.05992,
      -0.027489,
      0.019516,
      0.041861,
      0.011225,
      -0.066093,
      0.062525,
      -0.086406,
      0.000161,
      -0.094987,
      -0.004101,
      -0.097507,
      -0.131637,
      -0.108777,
      -0.00884,
      -0.087106,
      -0.062903,
      -0.01891,
      -0.073314,
      -0.048768,
      -0.055671,
      -0.004864,
      -0.099393,
      -0.062828,
      0.077755,
      0.076941,
      -0.095349,
      -0.101452,
      -0.160901,
      0.065714,
      -0.13436,
      -0.068948,
      -0.073515,
      0.068294,
      -0.093882,
      -0.015275,
      -0.080869,
      0.043321,
      -0.030092,
      -0.038639,
      -0.025105,
      -0.100613,
      -0.020392,
      -0.042438,
      -0.052082,
      0.07466,
      -0.023976,
      -0.141172,
      0.042019,
      -0.027354,
      0.072735,
      -0.04622,
      -0.121778,
      -0.111427,
      -0.134659,
      -0.078244,
      -0.128902,
      0.027617,
      -0.162517,
      0.008805,
      0.029424,
      -0.099864,
      -0.061674,
      0.069754,
      0.041634,
      -0.064978,
      -0.011477,
      -0.130435,
      0.062013,
      0.074996,
      -0.079174,
      -0.151696,
      -0.06445,
      -0.039232,
      0.045688,
      -0.11473,
      -0.083794,
      -0.005949,
      -0.098052,
      -0.062036,
      -0.054452,
      -0.126948,
      -0.149814,
      0.050749,
      -0.074494,
      0.028347,
      -0.042227,
     