# Chunk number: 9 of 37

0.071864,
      -0.045985,
      0.080541,
      -0.117769,
      -0.159248,
      0.12406,
      -0.075301,
      -0.059507,
      0.010242,
      0.017152,
      -0.040048,
      -0.052502,
      0.03163,
      -0.09246,
      -0.112863,
      -0.183232,
      0.060423,
      -0.049033,
      -0.046209,
      -0.009827,
      0.048981,
      0.156256,
      -0.079094,
      -0.102195,
      0.021035,
      -0.048564,
      -0.123842,
      -0.005656,
      0.021348,
      -0.072891,
      -0.130618,
      0.052922,
      -0.15827,
      0.046162,
      -0.142356,
      0.099369,
      0.015633,
      0.14153,
      0.12622,
      0.041427,
      -0.104197,
      -0.084933,
      -0.004317,
      -0.084797,
      -0.039181,
      0.035841,
      0.079941,
      -0.136773,
      0.004034,
      0.0507,
      -0.106931,
      -0.072103,
      -0.098188,
      -0.144675,
      -0.046591,
      -0.100005,
      -0.064901,
      -0.002044,
      -0.097776,
      0.021354,
      -0.10756,
      -0.170081,
      -0.025166,
      0.038651,
      0.002645,
      -0.071252,
      -0.05232,
      -0.116747,
      -0.021802,
      -0.147088,
      -0.065583,
      -0.091722,
      -0.026215,
      -0.095443,
      0.044465,
      -0.138775,
      -0.120454,
      0.035466,
      -0.114613,
      -0.031534,
      -0.101294,
      -0.098475,
      -0.019626,
      -0.046132,
      0.045704,
      -0.133866,
      0.039511,
      -0.14394,
      0.042124,
      -0.098012,
      -0.053801,
      0.085009,
      -0.058701,
      -0.029192,
      -0.078469,
      -0.015006,
      -0.161522,
      -0.082648,
      -0.134713,
      0.078094,
      -0.065775,
      -0.140081,
      0.136228,
      -0.080036,
      -0.052039,
      -0.124759,
      0.016832,
      -0.114662,
      -0.200429,
      -0.019273,
      -0.044948,
      -0.083569,
      -0.098003,
      -0.08989,
      -0.006213,
      -0.115998,
      -0.023117,
      -0.116645,
      -0.144921,
      -0.165497,
      0.0755,
      -0.085985,
      -0.184145,
      -0.172793,
      -0.055447,
      0.024511,
      0.046321,
      0.002386,
      -0.080841,
      -0.183609,
      -0.0908,
      -0.021152,
      -0.016243,
      0.086196,
      -0.106284,
      -0.03188,
      0.116162,
      -0.185085,
      0.045706,
      0.082298,
      -0.113003,
      0.124201,
      0.021479,
      0.149388,
      0.020731,
      -0.045423,
      -0.080335,
      0.048097,
      -0.053357,
      0.130048,
      0.066039,
      0.218844,
      -0.048839,
      0.087479,
      0.059573,
      0.141428,
      -0.047184,
      0.073835,
      0.073101,
      -0.001517,
      -0.121243,
      0.124267,
      0.086433,
      -0.078229,
      0.181262,
      -0.119427,
      -0.015297,
      0.12034,
      0.078003,
      -0.052961,
      0.147308,
      0.032625,
      0.172703,
      0.062028,
      -0.141114,
      -0.055464,
      -0.100382,
      0.169276,
      -0.026583,
      0.059552,
      -0.005972,
      0.023938,
      0.003089,
      -0.068166,
      -0.013083,
      -0.070459,
      -0.0224,
      0.080544,
      0.088822,
      -0.004006,
      0.061022,
      0.091237,
      0.02036,
      0.10538,
      -0.020881,
      -0.132288,
      0.057121,
      0.054125,
      0.014272,
      -0.014935,
      0.042639,
      0.005315,
      -0.172629,
      0.189217,
      0.063435,
      0.156545,
      0.082835,
      -0.163934,
      -0.042998,
      -0.233235,
      -0.141936,
      0.08888,
      0.06654,
      0.017649,
      0.031085,
      0.024413,
      0.175181,
      -0.013569,
      0.116039,
      0.023098,
      -0.11835,
      -0.037028,
      0.010398,
      0.098381,
      -0.003255,
      -0.120127,
      0.00666,
      0.060816,
      -0.101456,
      -0.10352,
      -0.119729,
      0.065071,
      -0.106592,
      0.126861,
      0.084577,
      -0.135965,
      0.021203,
      0.072317,
      0.008178,
      0.032915,
      0.079483,
      0.048815,
      0.047572,
      0.045373,
      0.017625,
      -0.056009,
      0.084783,
      -0.061635,
      -0.020681,
      -0.073631,
      0.068519,
      -0.082359,
      -0.110539,
      0.049679,
      0.001919,
      0.12242,
      0.003308,
      -0.069858,
      -0.019175,
      -0.132596,
      0.03926,
      -0.135005,
      0.042696,
      -0.090618,
      -0.03246,
      -0.080029,
      -0.136388,
      0.019096,
      0.018523,
      0.051302,
      -0.089305,
      -0.047766,
      -0.0857,
      -0.010308,
      -0.125018,
      -0.073533,
      -0.100156,
      -0.0997,
      0.047099,
      -0.039513,
      0.025083,
      0.117924,
      0.040838,
      -0.035411,
      0.058189,
      -0.096256,
      -0.054915,
      -0.044124,
      -0.117506,
      0.022007,
      -0.034932,
      -0.117657,
      -0.057783,
      -0.206024,
      -0.11869,
      0.014112,
      -0.067193,
      -0.178557,
      0.110273,
      -0.064379,
      -0.06666,
      0.006857,
      0.075105,
      0.110808,
      0.002907,
      -0.087823,
      -0.184784,
      -0.184558,
      -0.052431,
      -0.023603,
      0.040433,
      -0.147231,
      -0.056614,
      0.061862,
      -0.166999,
      -0.051473,
      -0.015505,
      -0.016516,
      -0.211869,
      -0.187574,
      -0.102859,
      -0.069794,
      -0.080873,
      -0.102756,
      -0.101435,
      -0.020824,
      0.032011,
      -0.098578,
      0.07625,
      -0.158684,
      0.021963,
      -0.122532,
      0.032372,
      -0.086014,
      0.050238,
      -0.088005,
      -0.05182,
      -0.137344,
      -0.180259,
      -0.084013,
      0.089562,
      -0.05001,
      0.073608,
      0.017459,
      0.038993,
      0.02895,
      -0.0102,
      -0.08579,
      0.073053,
      -0.034778,
      -0.004824,
      -0.134196,
      -0.053776,
      -0.02248,
      0.029528,
      -0.108287,
      -0.008165,
      -0.157133,
      0.054895,
      -0.098898,
      0.018726,
      -0.184485,
      -0.025643,
      0.027991,
      -0.122616,
      0.025679,
      0.01254,
      -0.082718,
      -0.184959,
      0.045212,
      -0.037038,
      -0.015097,
      -0.118589,
      0.049855,
      0.06148,
      -0.084684,
      -0.036643,
      -0.151452,
      0.028567,
      -0.115901,
      -0.063755,
      -0.070629,
      -0.082828,
      -0.028752,
      -0.075184,
      -0.133698,
      -0.050176,
      -0.051651,
      0.048914,
      0.080405,
      -0.053504,
      -0.129441,
      -0.14399,
      -0.174415,
      -0.023633,
      -0.014741,
      -0.028575,
      -0.15964,
      -0.106564,
      -0.083117,
      0.034367,
      -0.116714,
      -0.168511,
      0.000991,
      0.025428,
      -0.044751,
      -0.110723,
      -0.040076,
      -0.053625,
      -0.190986,
      -0.087558,
      -0.125624,
      -0.002154,
      0.006451,
      -0.13715,
      -0.13384,
      -0.193997,
      -0.08287,
      -0.099193,
      -0.120817,
      0.028509,
      0.008279,
      -0.129488,
      -0.152364,
      0.002597,
      -0.154735,
      0.058009,
      -0.074071,
      -0.105722,
      -0.164231,
      -0.143951,
      -0.08387,
      -0.084734,
      -0.007024,
      -0.056782,
      -0.148396,
      -0.005993,
      -0.024743,
      -0.146654,
      -0.16209,
      -0.095295,
      -0.034525,
      -0.039459,
      0.018934,
      -0.192889,
      -0.087317,
      -0.107213,
      -0.169395,
      0.040884,
      -0.189281,
      -0.109334,
      -0.183734,
      -0.141141,
      -0.08323,
      -0.14264,
      -0.10598,
      -0.116646,
      -0.047893,
      -0.068399,
      -0.1246,
      -0.036662,
      -0.109646,
      -0.11011,
      0.075115,
      -0.094223,
      0.028033,
      -0.08548,
      0.021624,
      -0.060587,
      -0.13664,
      -0.153152,
      -0.092746,
      -0.121367,
      0.009247,
      -0.181229,
      -0.097296,
      -0.168898,
      -0.021267,
      -0.074595,
      0.016931,
      0.045267,
      -0.093813,
      -0.157408,
      -0.05522,
      -0.038198,
      -0.19019,
      -0.078088,
      0.059791,
      -0.045782,
      -0.104793,
      -0.01301,
      -0.080734,
      -0.126801,
      -0.082554,
      0.043108,
      -0.078034,
      -0.017091,
      -0.112503,
      0.071585,
      -0.083987,
      -0.113034,
      -0.142286,
      0.007989,
      -0.115113,
      -0.092757,
      -0.018822,
      0.003525,
      -0.015211,
      -0.044181,
      0.003015,
      -0.044256,
      -0.038113,
      -0.034328,
      -0.119486,
      0.051091,
      -0.019729,
      -0.078157,
      -0.153344,
      -0.085791,
      -0.048926,
      -0.040999,
      -0.0801,
      -0.122829,
      -0.201923,
      -0.151712,
      -0.104769,
      -0.194544,
      -0.018797,
      0.02355,
      -0.126703,
      -0.170818,
      0.080827,
      0.066179,
      0.149309,
      -0.016081,
      0.028013,
      -0.098339,
      0.05428,
      0.032319,
      0.10347,
      0.027021,
      0.174687,
      0.133548,
      -0.017423,
      0.059228,
      0.013391,
      0.062769,
      -0.024273,
      -0.0425,
      0.002237,
      0.060912,
      -0.089108,
      0.175185,
      0.090655,
      0.053537,
      0.001942,
      0.105633,
      0.110239,
      0.124005,
      5.8e-05,
      -0.040862,
      0.168673,
      -0.052622,
      -0.03447,
      -0.011031,
      -0.021546,
      -0.035623,
      -0.079815,
      0.107317,
      -0.082079,
      0.101185,
      -0.073057,
      0.075384,
      -0.198481,
      0.02357,
      0.001482,
      0.095363,
      0.08671,
      -0.110075,
      0.024725,
      0.140858,
      0.039374,
      0.124232,
      0.00601,
      0.030244,
      0.035896,
      -0.037042,
      0.021524,
      -0.058122,
      -0.021197,
      -0.087801,
      0.07735,
      -0.089333,
      -0.166137,
      0.004119,
      0.038865,
      -0.010094,
      -0.124398,
      0.084915,
      0.073612,
      -0.011858,
      -0.155458,
      -0.02662,
      -0.058895,
      -0.071844,
      -0.036086,
      -0.083637,
      -0.008232,
      -0.046802,
      -0.075593,
      -0.041212,
      0.016306,
      0.090746,
      -0.082954,
      0.104665,
      0.095202,
      -0.156222,
      -0.069508,
      -0.06515,
      -0.205879,
      0.033885,
      -0.132262,
      -0.157743,
      0.060021,
      -0.059565,
      -0.165336,
      0.084855,
      0.00477,
      -0.089316,
      -0.023182,
      0.026866,
      -0.033405,
      0.018759,
      -0.031726,
      0.026601,
      -0.069973,
      0.023364,
      -0.092105,
      0.028057,
      0.087856,
      -0.214762,
      -0.17834,
      -0.022342,
      -0.025622,
      0.016404,
      0.072498,
      0.041677,
      -0.119544,
      0.050435,
      0.093744,
      -0.0605,
      0.023272,
      0.032667,
      -0.171592,
      -0.11413,
      0.063296,
      0.013272,
      -0.113111,
      -0.083647,
      -0.022178,
      -0.047625,
      -0.080479,
      0.00658,
      -0.038442,
      -0.198452,
      -0.136661,
      -0.161135,
      -0.078297,
      0.044043,
      0.05156,
      -0.084578,
      -0.051207,
      -0.0923,
      -0.195502,
      -0.168445,
      0.073067,
      -0.038713,
      -0.204522,
      -0.067869,
      0.013012,
      0.064178,
      -0.200431,
      0.057851,
      0.016578,
      0.013302,
      -0.112185,
      -0.135607,
      -0.151087,
      0.087225,
      0.019079,
      0.093678,
      0.029827,
      -0.008984,
      -0.002943,
      -0.05917,
      -0.136313,
      0.001838,
      0.042286,
      -0.04742,
      -0.163102,
      -0.119926,
      -0.16359,
      -0.088362,
      0.016026,
      -0.139656,
      -0.032232,
      -0.117274,
      -0.161774,
      -0.147262,
      0.036145,
      0.038832,
      -0.148938,
      0.012727,
      -0.082065,
      -0.075734,
      -0.113698,
      -0.006186,
      -0.05583,
      -0.004741,
      0.000736,
      -0.074855,
      -0.163961,
      -0.075992,
      -0.15458,
      0.040394,
      -0.170891,
      0.064797,
      -0.209945,
      0.002377,
      -0.162974,
      -0.197209,
      -0.05827,
      0.024611,
      -0.032585,
      -0.042762,
      -0.020234,
      0.023464,
      0.009872,
      -0.074396,
      -0.193138,
      0.026153,
      -0.093256,
      0.010674,
      -0.099685,
      -0.058365,
      -0.166231,
      -0.074368,
      -0.092505,
      -0.177296,
      -0.185306,
      0.031068,
      -0.131629,
      -0.009015,
      -0.018996,
      -0.145819,
      -0.099852,
      -0.187574,
      0.013113,
      -0.085996,
      -0.139417,
      -0.002067,
      -0.07792,
      -0.190846,
      0.01533,
      -0.03333,
      -0.050869,
      -0.110139,
      -0.124775,
      -0.075901,
      -0.212188,
      -0.190601,
      -0.104451,
      -0.075656,
      -0.111967,
      0.011589,
      -0.037625,
      -0.160952,
      -0.081467,
      -0.044513,
      0.009375,
      -0.149372,
      -0.026603,
      -0.053513,
      -0.213048,
      -0.104964,
      -0.171353,
      -0.01147,
      -0.022684,
      -0.020386,
      -0.132873,
      -0.170235,
      -0.110786,
      -0.063355,
      -0.142697,
      -0.140836,
      0.008306,
      -0.135668,
      0.033772,
      -0.04359,
      -0.013878,
      -0.032158,
      -0.025566,
      -0.201202,
      -0.125913,
      -0.181634,
      -0.038888,
      0.035672,
      -0.080962,
      -0.131813,
      -0.04672,
      -0.037137,
      -0.036345,
      -0.153448,
      0.039508,
      -0.110457,
      -0.139726,
      -0.016166,
      -0.038744,
      0.022477,
      0.048136,
      -0.023009,
      -0.083682,
      -0.200134,
      -0.124154,
      0.029245,
      -0.087934,
      -0.185171,
      -0.118893,
      -0.002395,
      -0.14418,
      -0.106511,
      -0.092985,
      -0.12196,
      0.024413,
      -0.127757,
      -0.173407,
      -0.083404,
      -0.172402,
      -0.049833,
      -0.032428,
      -0.068765,
      -0.074396,
      -0.189376,
      -0.052701,
      -0.140723,
      -0.034037,
      -0.107503,
      -0.159102,
      -0.065584,
      -0.090983,
      -0.11305,
      -0.107521,
      -0.058072,
      -0.191052,
      -0.111142,
      -0.198219,
      -0.104208,
      -0.189764,
      -0.203133,
      -0.175588,
      -0.09697,
      -0.113535,
      0.004274,
      -0.157619,
      -0.069344,
      -0.125685,
      -0.022226,
      -0.038027,
      0.039352,
      -0.172831,
      -0.03688,
      -0.046274,
      -0.116297,
      -0.038895,
      -0.107598,
      -0.170938,
      -0.129661,
      -0.107636,
      -0.090595,
      -0.184539,
      0.001134,
      -0.162928,
      -0.009498,
      -0.091654,
      0.052576,
      -0.117283,
      0.017539,
      -0.058628,
      -0.049123,
      0.023912,
      -0.047226,
      -0.011901,
      -0.142095,
      -0.015613,
      0.01831,
      -0.129476,
      0.001131,
      -0.149828,
      0.007607,
      -0.072854,
      -0.168336,
      -0.050914,
      -0.023961,
      -0.045784,
      -0.174323,
      0.012784,
      0.014425,
      -0.0307,
      0.005571,
      -0.185859,
      -0.181672,
      -0.17377,
      -0.084465,
      -0.131999,
      -0.159882,
      -0.106369,
      -0.120322,
      -0.143077,
      -0.152886,
      -0.15075,
      -0.062401,
      -0.089901,
      -0.043807,
      0.184884,
      0.105053,
      0.106833,
      -0.036401,
      -0.013623,
      -0.017252,
      0.153032,
      0.009517,
      0.084123,
      0.090473,
      0.119753,
      0.133596,
      0.074962,
      0.109122,
      0.110248,
      -0.033987,
      0.006097,
      -0.043649,
      0.051359,
      0.013339,
      -0.063269,
      0.010722,
      0.040237,
      -0.032702,
      -0.101116,
      0.127893,
      -0.077647,
      -0.077433,
      0.050438,
      0.122844,
      0.023892,
      0.008112,
      0.019122,
      -0.048251,
      -0.10544,
      -0.043816,
      0.014416,
      -0.062846,
      -0.031548,
      -0.058553,
      0.06063,
      -0.143957,
      -0.088494,
      0.117855,
      0.132313,
      0.014207,
      -0.12309,
      -0.036713,
      0.078748,
      0.03268,
      -0.02957,
      -0.069777,
      -0.118983,
      -0.131269,
      0.062907,
      -0.080128,
      0.056764,
      -0.013275,
      -0.099394,
      -0.085815,
      0.040066,
      0.096346,
      -0.0607,
      0.130988,
      0.148015,
      -0.12479,
      0.0704,
      0.072123,
      -0.154698,
      0.032733,
      0.003208,
      -0.034347,
      -0.037379,
      0.014274,
      0.072933,
      0.119017,
      0.048175,
      -0.082732,
      -0.069538,
      -0.025274,
      -0.115053,
      -0.15122,
      0.062814,
      -0.061137,
      0.025054,
      0.023804,
      -0.027646,
      -0.036604,
      0.177773,
      -0.084344,
      -0.185775,
      -0.008401,
      -0.007608,
      -0.03333,
      0.018582,
      -0.111701,
      -0.128314,
      -0.147683,
      -0.116024,
      -0.038623,
      -0.026452,
      0.00789,
      -0.077445,
      -0.017528,
      0.076676,
      -0.197684,
      0.024442,
      -0.095272,
      -0.102098,
      -0.003417,
      -0.054662,
      -0.106131,
      -0.019996,
      -0.171685,
      0.070913,
      0.028059,
      0.060392,
      0.030835,
      -0.091699,
      -0.021083,
      -0.157256,
      -0.001956,
      -0.166859,
      -0.191414,
      -0.050856,
      -0.011521,
      0.019627,
      -0.07794,
      -0.009891,
      0.027895,
      -0.184913,
      -0.074538,
      -0.028574,
      0.032862,
      0.020045,
      0.007282,
      -0.09889,
      0.083004,
      -0.076481,
      -0.110231,
      0.126664,
      -0.102549,
      0.133416,
      0.102826,
      -0.022794,
      0.021277,
      0.149318,
      -0.058177,
      0.021064,
      -0.192723,
      0.01519,
      -0.073408,
      -0.081411,
      -0.068758,
      -0.103499,
      -0.096835,
      0.002162,
      -0.098541,
      -0.06455,
      -0.177484,
      -0.167596,
      -0.120114,
      0.011777,
      -0.052429,
      -0.101741,
      -0.134606,
      -0.182439,
      -0.067608,
      -0.13588,
      -0.027989,
      -0.025605,
      -0.09319,
      -0.013068,
      -0.02363,
      -0.161215,
      -0.156404,
      -0.062806,
      0.047321,
      0.003584,
      0.036265,
      -0.005039,
      0.068984,
      0.016749,
      0.025488,
      -0.124867,
      0.037844,
      -0.00778,
      -0.162593,
      -0.16328,
      -0.05625,
      -0.09718,
      -0.163569,
      -0.117768,
      -0.183591,
      -0.087815,
      -0.103293,
      -0.080673,
      -0.01048,
      0.058372,
      0.074286,
      -0.027525,
      0.056869,
      -0.076439,
      -0.096793,
      -0.046779,
      -0.000836,
      -0.173468,
      0.012305,
      0.029779,
      0.044664,
      0.022983,
      -0.124168,
      -0.129423,
      -0.083748,
      -0.022368,
      -0.129763,
      0.073436,
      -0.13027,
      -0.030234,
      -0.031146,
      -0.212485,
      -0.079285,
      -0.039313,
      -0.024097,
      -0.142103,
      -0.129477,
      -0.097496,
      -0.045865,
      -0.038927,
      -0.092381,
      -0.080565,
      -0.035658,
      0.012564,
      -0.140275,
      0.022833,
      -0.083437,
      -0.069287,
      -0.08985,
      -0.12883,
      -0.084509,
      0.038388,
      -0.123956,
      0.031867,
      -0.123268,
      -0.092045,
      -0.187488,
      -0.086505,
      -0.182196,
      -0.075141,
      0.01412,
      -0.07661,
      -0.033864,
      -0.19865,
      -0.142335,
      -0.152703,
      -0.127681,
      -0.096309,
      -0.064251,
      0.076048,
      -0.122974,
      0.005355,
      -0.160129,
      -0.102474,
      -0.132116,
      -0.058384,
      0.038698,
      -0.143277,
      -0.000281,
      -0.064253,
      -0.039873,
      -0.006852,
      -0.082039,
      -0.080397,
      -0.084586,
      0.00875,
      -0.139354,
      0.064179,
      -0.053891,
      -0.148896,
      -0.061609,
      -0.105363,
      -0.056313,
      0.038764,
      -0.109166,
      -0.173289,
      -0.111126,
      -0.053467,
      0.04132,
      -0.187493,
      -0.107554,
      -0.05741,
      -0.069595,
      -0.114548,
      -0.055351,
      -0.076937,
      -0.148561,
      -0.026266,
      0.019264,
      0.020624,
      -0.02015,
      -0.091594,
      -0.030416,
      -0.127044,
      0.034167,
      -0.128212,
      0.02256,
      0.012489,
      -0.011815,
      0.007324,
      -0.095743,
      0.012148,
      -0.097906,
      -0.068309,
      -0.012949,
      -0.021876,
      -0.09076,
      -0.093914,
      0.017131,
      -0.077179,
      -0.001843,
      -0.150999,
      -0.169132,
      -0.025694,
      -0.078704,
      -0.107956,
      -0.063491,
      -0.143124,
      -0.157527,
      -0.1068,
      -0.043732,
      -0.141165,
      -0.10831,
      -0.133124,
      0.014547,
      -0.088107,
      0.037999,
      0.045958,
      -0.067384,
      -0.091415,
      -0.129953,
      0.008938,
      -0.009174,
      -0.168855,
      -0.040165,
      -0.1612,
      -0.16308,
      -0.110562,
      0.001726,
      -0.180308,
      -0.015405,
      0.010973,
      0.050794,
      -0.054962,
      -0.045435,
      -0.033723,
      -0.160857,
      -0.132105,
      -0.061436,
      -0.000758,
      1.9e-05,
      0.009451,
      0.005415,
      -0.074834,
      -0.074898,
      -0.058838,
      -0.037897,
      -0.017405,
      0.042897,
      -0.133882,
      -0.027998,
      -0.122728,
      -0.054947,
      -0.097698,
      -0.012933,
      -0.071295,
      -0.122709,
      -0.064824,
      -0.125921,
      -0.045978,
      -0.074683,
      0.008604,
      -0.034455,
      -0.101632,
      -0.151748,
      -0.127288,
      -0.118222,
      -0.091028,
      -0.048359,
      -0.082606,
      -0.076133,
      -0.131395,
      -0.097135,
      0.164025,
      0.098443,
      0.018074,
      -0.050654,
      -0.099918,
      -0.050291,
      0.03119,
      -0.090193,
      -0.048614,
      0.079691,
      0.051915,
      0.122992,
      0.122457,
      0.064437,
      -0.051969,
      0.125922,
      -0.014552,
      -0.028455,
      0.191494,
      0.114689,
      -0.101826,
      0.094392,
      0.051578,
      -0.010689,
      -0.042072,
      0.127993,
      -0.070595,
      0.199924,
      0.015609,
      0.037263,
      -0.005684,
      0.000329,
      -0.013914,
      0.106771,
      0.071414,
      -0.148471,
      -0.057537,
      -0.141335,
      -0.059228,
      -0.117866,
      -0.095674,
      -0.02749,
      0.082264,
      0.08632,
      0.018835,
      0.099596,
      -0.034464,
      -0.03125,
      -0.0328,
      0.090351,
      0.051196,
      -0.187213,
      0.118562,
      -0.047586,
      -0.03503,
      -0.146157,
      0.039242,
      -0.159627,
      -0.063716,
      0.167634,
      -0.015894,
      0.199372,
      -0.009063,
      0.016364,
      0.054175,
      0.075968,
      -0.029204,
      0.02543,
      -0.011537,
      -0.176914,
      0.107938,
      0.133905,
      -0.122841,
      0.014861,
      0.188469,
      0.115229,
      -0.144629,
      -0.048666,
      -0.096135,
      -0.054472,
      -0.087079,
      -0.166138,
      0.05712,
      0.068485,
      -0.018353,
      0.025276,
      -0.011589,
      0.096372,
      0.017964,
      -0.078789,
      -0.204546,
      -0.021803,
      -0.147825,
      -0.029361,
      -0.009155,
      -0.08096,
      -0.002292,
      -0.089579,
      0.131126,
      -0.057079,
      -0.045656,
      0.039948,
      0.041845,
      0.034803,
      -0.026092,
      -0.139577,
      0.001061,
      -0.032403,
      -0.194666,
      -0.045148,
      0.048431,
      0.003172,
      -0.124629,
      -0.116842,
      -0.065127,
      -0.134023,
      0.089842,
      -0.032434,
      0.062968,
      0.05437,
      -0.172622,
      -0.118621,
      -0.201899,
      0.024092,
      -0.073941,
      0.065451,
      0.030837,
      -0.042265,
      0.075579,
      -0.098871,
      -0.12004,
      0.054957,
      -0.17005,
      -0.002552,
      0.071026,
      -0.022598,
      0.028264,
      0.106009,
      0.0906,
      0.084885,
      0.061334,
      0.015565,
      -0.067709,
      -0.013214,
      -0.004131,
      0.098955,
      0.073429,
      -0.065629,
      -0.052718,
      -0.227596,
      -0.133515,
      0.136544,
      0.030589,
      0.001494,
      0.031679,
      0.12909,
      0.064268,
      -0.068815,
      -0.073583,
      -0.16636,
      -0.111067,
      -0.09481,
      -0.010794,
      -0.058915,
      -0.11109,
      -0.223238,
      -0.026548,
      0.002819,
      -0.034323,
      0.009301,
      -0.217859,
      -0.035472,
      -0.127077,
      -0.183168,
      -0.020404,
      0.002497,
      -0.074002,
      -0.10419,
      -0.022443,
      -0.124164,
      0.017477,
      0.012352,
      -0.092586,
      -0.032582,
      -0.055001,
      -0.104639,
      -0.112259,
      -0.035718,
      0.042736,
      -0.133922,
      -0.148173,
      -0.009172,
      0.06273,
      -0.095743,
      0.00165,
      0.013884,
      -0.090553,
      0.017522,
      -0.102715,
      -0.061939,
      -0.118209,
      -0.141537,
      -0.112307,
      0.056104,
      -0.056629,
      0.041888,
      -0.113361,
      -0.140648,
      -0.071213,
      0.054739,
      -0.034455,
      0.015485,
      -0.023033,
      -0.017581,
      -0.02384,
      0.093884,
      0.029493,
      -0.133163,
      -0.018557,
      0.046968,
      0.024539,
      0.054274,
      -0.038979,
      -0.078647,
      0.022776,
      0.049555,
      -0.160016,
      -0.151613,
      0.021457,
      -0.163239,
      0.028318,
      0.063263,
      0.048257,
      -0.126541,
      -0.017687,
      -0.078324,
      -0.086494,
      -0.083785,
      0.064615,
      -0.045767,
      -0.166613,
      0.014758,
      -0.109923,
      0.000527,
      -0.028605,
      -0.185866,
      0.025529,
      -0.125278,
      -0.157148,
      0.056594,
      0.068755,
      -0.083398,
      0.006651,
      -0.022201,
      0.051015,
      -0.068287,
      -0.09432,
      -0.009769,
      -0.051803,
      -0.148059,
      -0.182345,
      0.044889,
      -0.047652,
      0.002073,
      0.042777,
      -0.016297,
      -0.089293,
      0.062008,
      -0.09016,
      -0.017074,
      -0.118785,
      -0.01585,
      -0.130945,
      -0.160976,
      -0.146231,
      -0.008693,
      -0.101878,
      -0.077168,
      -0.025338,
      -0.085734,
      -0.060227,
      -0.058323,
      -0.017175,
      -0.114903,
      -0.092278,
      0.077529,
      0.056824,
      -0.116475,
      -0.142213,
      -0.159397,
      0.053832,
      -0.167429,
      -0.106686,
      -0.086605,
      0.059275,
      -0.102706,
      -0.0389,
      -0.095179,
      0.035115,
      -0.04958,
      -0.062718,
      -0.047538,
      -0.119952,
      -0.047414,
      -0.060978,
      -0.07481,
      0.062622,
      -0.043162,
      -0.161814,
      0.01631,
      -0.043435,
      0.054256,
      -0.062769,
      -0.137138,
      -0.121312,
      -0.152857,
      -0.09795,
      -0.13579,
      0.004753,
      -0.190325,
      -0.009178,
      0.020803,
      -0.11124,
      -0.079962,
      0.043803,
      0.009,
      -0.084459,
      -0.033748,
      -0.155304,
      0.048329,
      0.038059,
      -0.0973,
      -0.159204,
      -0.07527,
      -0.067494,
      0.027489,
      -0.130568,
      -0.107507,
      -0.030393,
      -0.118445,
      -0.084264,
      -0.083757,
      -0.145305,
      -0.168751,
      0.025133,
      -0.093871,
      0.007224,
      -0.058269,
      0.041355,
      -0.03115,
      -0.182141,
      -0.003716,
      -0.06214,
      -0.074576,
      -0.021917,
      -0.040337,
      -0.130895,
      -0.156038,
      -0.166855,
      -0.002381,
      -0.016707,
      -0.063594,
      -0.150231,
      0.015546,
      -0.038104,
      -0.05,
      0.005488,
      -0.156102,
      0.027247,
      -0.050767,
      -0.099408,
      0.022846,
      -0.101369,
      -0.095196,
      -0.140924,
      0.042542,
      -0.064705,
      0.024922,
      -0.133631,
      -0.158211,
      -0.051239,
      0.047488,
      -0.133842,
      -0.136722,
      0.017968,
      -0.175935,
      -0.047836,
      0.013218,
      -0.04134,
      -0.180709,
      -0.066777,
      -0.05,
      0.166565,
      0.177863,
      0.054183,
      0.17399,
      0.096328,
      -0.124561,
      -0.01311,
      -0.078036,
      0.189348,
      -0.002505,
      0.148834,
      -0.023357,
      0.098795,
      -0.141274,
      0.170904,
      0.084936,
      0.108724,
      -0.078712,
      0.131076,
      0.174838,
      -0.045362,
      -0.097458,
      -0.131935,
      0.023167,
      -0.055605,
      0.027513,
      -0.075024,
      0.042249,
      0.106008,
      -0.062472,
      -0.062042,
      0.156766,
      0.143522,
      0.003722,
      -0.097297,
      -0.01821,
      0.091319,
      -0.014818,
      -0.084233,
      -0.173834,
      0.119289,
      -0.10514,
      -0.05195,
      0.068039,
      0.001162,
      0.013736,
      0.008871,
      -0.178016,
      0.069945,
      0.038983,
      0.11701,
      -0.04592,
      0.119381,
      -0.016293,
      -0.007012,
      -0.077062,
      -0.100248,
      -0.05254,
      -0.022303,
      0.128379,
      0.074921,
      0.012311,
      -0.056265,
      0.00928,
      -0.051663,
      0.18464,
      -0.10185,
      -0.09164,
      -0.061027,
      0.015204,
      -0.017002,
      0.077677,
      -0.084362,
      0.077684,
      0.071474,
      0.027098,
      -0.067751,
      0.10314,
      0.015181,
      0.053445,
      0.166162,
      -0.100895,
      0.056273,
      -0.04728,
      0.118414,
      -0.097379,
      -0.044359,
      0.060012,
      0.089624,
      0.047566,
      -0.044057,
      -0.056227,
      -0.176162,
      -0.079523,
      0.077993,
      -0.083994,
      -0.168082,
      0.014703,
      0.003803,
      0.102858,
      0.034417,
      -0.035802,
      -0.139884,
      -0.005321,
      0.033646,
      -0.102914,
      0.009786,
      0.094159,
      -0.182088,
      -0.195441,
      -0.108055,
      -0.0984,
      -0.125297,
      -0.184037,
      0.041535,
      -0.141854,
      0.014544,
      0.082988,
      -0.004817,
      0.065025,
      -0.17176,
      -0.062994,
      -0.074887,
      -0.077909,
      0.021645,
      -0.127596,
      0.066451,
      -0.038023,
      -0.088557,
      -0.179835,
      -0.071574,
      0.00148,
      -0.155161,
      -0.061494,
      0.090077,
      0.090386,
      0.021922,
      -0.009383,
      0.038941,
      -0.126845,
      -0.087897,
      0.042093,
      -0.129338,
      -0.089199,
      0.118423,
      -0.076029,
      -0.132047,
      0.113386,
      0.005703,
      0.022668,
      -0.068029,
      0.13128,
      -0.051397,
      -0.065872,
      -0.194987,
      0.021888,
      0.056646,
      -0.077344,
      -0.135695,
      0.144702,
      0.08909,
      0.021758,
      0.035242,
      0.013034,
      0.040107,
      -0.223563,
      -0.093879,
      -0.168046,
      -0.128116,
      -0.137732,
      -0.092815,
      0.058528,
      0.01955,
      0.026167,
      0.065268,
      -0.091228,
      -0.039323,
      -0.003879,
      -0.190597,
      -0.011783,
      -0.05529,
      0.087891,
      -0.076017,
      -0.007288,
      -0.012983,
      -0.117306,
      0.032789,
      -0.003141,
      -0.127486,
      0.009649,
      -0.149378,
      -0.001853,
      -0.1231,
      -0.05196,
      0.043207,
      -0.144465,
      -0.204324,
      -0.167637,
      0.014978,
      -0.134655,
      -0.149938,
      -0.133321,
      -0.013498,
      -0.072239,
      -0.062916,
      -0.078856,
      -0.028309,
      -0.019432,
      0.048456,
      0.045039,
      0.028477,
      -0.006878,
      -0.062969,
      -0.086888,
      -0.149247,
      -0.020089,
      -0.102473,
      -0.048305,
      -0.109163,
      -0.075247,
      -0.143423,
      -0.068924,
      0.029398,
      -0.081308,
      0.037419,
      -0.157866,
      -0.03824,
      -0.155384,
      -0.075489,
      -0.21347,
      -0.113595,
      0.012528,
      -0.074558,
      -0.157554,
      -0.084964,
      -0.068391,
      -0.155008,
      0.020591,
      -0.089316,
      -0.066288,
      -0.030353,
      0.025606,
      -0.040439,
      -0.159235,
      -0.178299,
      0.025073,
      -0.000744,
      0.024849,
      -0.047597,
      -0.090931,
      -0.16723,
      -0.121069,
      -0.162715,
      -0.104044,
      -0.15779,
      -0.068894,
      -0.114398,
      0.025531,
      -0.086177,
      0.019616,
      -0.067685,
      -0.015475,
      -0.166185,
      -0.059114,
      -0.143484,
      -0.038683,
      -0.065365,
      -0.119822,
      -0.150517,
      0.008274,
      -0.148215,
      0.046974,
      0.020531,
      -0.110168,
      -0.182595,
      -0.159449,
      -0.114265,
      -0.089972,
      -0.032417,
      -0.108717,
      -0.024105,
      -0.040904,
      -0.048658,
      -0.16304,
      -0.109903,
      -0.103811,
      -0.121166,
      -0.073008,
      -0.06605,
      -0.057374,
      -0.099274,
      -0.157625,
      -0.165127,
      -0.010962,
      -0.126889,
      -0.073022,
      -0.096537,
      -0.124986,
      -0.023234,
      -0.137806,
      -0.01706,
      0.01179,
      -0.027622,
      -0.037925,
      0.008667,
      0.028473,
      -0.076142,
      -0.061463,
      -0.056233,
      -0.033134,
      0.047894,
      -0.15001,
      -0.090354,
      -0.033159,
      -0.153266,
      -0.104189,
      -0.065994,
      -0.117047,
      -0.049163,
      -0.048241,
      -0.054976,
      -0.150281,
      -0.00897,
      0.049443,
      -0.107215,
      -0.098881,
      0.028029,
      -0.149898,
      -0.088621,
      -0.078589,
      -0.131276,
      0.008241,
      -0.023138,
      0.046552,
      0.009388,
      -0.060548,
      0.044069,
      -0.061463,
      -0.016398,
      -0.109725,
      -0.076412,
      -0.071858,
      -0.001178,
      -0.149699,
      -0.088487,
      -0.02586,
      -0.105254,
      -0.117494,
      0.023018,
      -0.006543,
      -0.167556,
      -0.096364,
      -0.152644,
      -0.159366,
      -0.156183,
      -0.075511,
      -0.076093,
      -0.031079,
      0.01834,
      -0.063717,
      0.054146,
      -0.098745,
      -0.168414,
      -0.175637,
      -0.119759,
      -0.149954,
      -0.139461,
      -0.012477,
      0.011382,
      -0.038403,
      0.000305,
      -0.11206,
      -0.014857,
      0.028018,
      0.040274,
      -0.050164,
      -0.106752,
      -0.003114,
      -0.143066,
      0.01531,
      -0.122855,
      -0.03022,
      -0.10618,
      -0.003873,
      -0.088957,
      -0.035172,
      0.016041,
      -0.127689,
      0.000212,
      -0.150074,
      -0.09671,
      -0.027021,
      0.169456,
      -0.079656,
      0.047297,
      0.172078,
      -0.062052,
      -0.000776,
      -0.092028,
      0.112408,
      -0.020634,
      0.13697,
      0.075451,
      -0.010454,
      0.131494,
      0.038218,
      0.0633,
      0.015128,
      0.182059,
      -0.061959,
      0.209542,
      0.139152,
      0.036534,
      -0.077625,
      -0.021826,
      -0.018402,
      -0.073235,
      -0.011029,
      0.003204,
      -0.039511,
      0.170087,
      0.085566,
      -0.100101,
      0.001531,
      -0.024125,
      0.104655,
      -0.02321,
      0.004895,
      0.100281,
      -0.102381,
      0.003641,
      0.005948,
      -0.034816,
      -0.132261,
      -0.025165,
      0.024065,
      -0.084311,
      0.186252,
      -0.021757,
      -0.075353,
      0.029671,
      -0.053254,
      0.035339,
      -0.16973,
      0.085031,
      0.097127,
      0.06641,
      0.147374,
      -0.078822,
      0.052945,
      -0.151381,
      0.079299,
      -0.001127,
      -0.000443,
      -0.073409,
      -0.044077,
      0.122391,
      0.139093,
      0.06481,
      0.0918,
      -0.11165,
      -0.064891,
      -0.027177,
      0.19794,
      -0.087636,
      -0.042365,
      -0.017208,
      0.078351,
      -0.086143,
      0.097093,
      0.179765,
      -0.03718,
      -0.067333,
      -0.157864,
      0.007971,
      0.129008,
      0.106476,
      -0.040428,
      -0.006005,
      0.016692,
      -0.1333,
      0.127676,
      -0.171556,
      0.029406,
      -0.176197,
      -0.042733,
      0.117234,
      -0.134897,
      -0.201827,
      -0.193507,
      0.050269,
      -0.049106,
      0.139743,
      0.125382,
      0.039696,
      -0.105136,
      -0.074402,
      -0.154057,
      -0.151981,
      -0.074685,
      -0.160895,
      -0.047324,
      0.058429,
      0.110536,
      -0.089384,
      -0.147406,
      -0.094092,
      -0.149227,
      0.057101,
      0.071133,
      0.124837,
      -0.001582,
      -0.064451,
      -0.085539,
      -0.136192,
      0.046331,
      0.115528,
      -0.001029,
      0.045771,
      -0.176111,
      -0.203813,
      -0.096928,
      0.006611,
      -0.055849,
      -0.084227,
      -0.117631,
      0.015519,
      -0.128306,
      -0.099303,
      0.012845,
      0.028165,
      -0.063944,
      0.103351,
      0.025623,
      0.019707,
      -0.104462,
      -0.126211,
      0.039305,
      -0.222279,
      0.096311,
      -0.021807,
      -0.173383,
      0.020192,
      -0.021362,
      -0.112151,
      -0.020594,
      -0.028133,
      -0.032213,
      0.008129,
      0.106302,
      -0.188605,
      -0.030503,
      0.002063,
      -0.142509,
      -0.093752,
      0.051378,
      0.121751,
      -0.091798,
      -0.202607,
      0.000396,
      -0.143616,
      0.014944,
      -0.201911,
      0.083304,
      -0.075715,
      -0.102315,
      -0.074357,
      -0.062568,
      -0.010113,
      0.057911,
      -0.00149,
      -0.06751,
      0.012994,
      -0.070862,
      0.092102,
      -0.092891,
      -0.065242,
      -0.055275,
      -0.121634,
      -0.075102,
      0.052549,
      0.083331,
      -0.165404,
      -0.049474,
      -0.012821,
      -0.09231,
      -0.114434,
      -0.20662,
      -0.121349,
      -0.129146,
      -0.193533,
      -0.197696,
      0.019349,
      0.024616,
      -0.009387,
      -0.008613,
      -0.152799,
      0.000309,
      0.018061,
      -0.11202,
      -0.177447,
      0.062003,
      0.008387,
      -0.200347,
      -0.073987,
      -0.027523,
      -0.035873,
      -0.032662,
      -0.179182,
      -0.142373,
      -0.099504,
      0.050788,
      -0.138481,
      0.033359,
      -0.185351,
      -0.078734,
      -0.065269,
      -0.125466,
      0.029313,
      -0.111139,
      -0.060833,
      -0.140607,
      -0.142833,
      -0.142703,
      -0.029957,
      -0.138787,
      -0.061273,
      0.013815,
      -0.048648,
      0.03943,
      0.022479,
      -0.081677,
      -0.012178,
      -0.011327,
      -0.158478,
      -0.107948,
      0.000688,
      -0.034807,
      -0.112622,
      -0.007569,
      -0.017941,
      -0.025556,
      -0.108589,
      0.022477,
      -0.039421,
      -0.221051,
      -0.105877,
      -0.001182,
      -0.056193,
      -0.039077,
      0.001367,
      0.065462,
      -0.09779,
      -0.105663,
      0.020003,
      -0.198742,
      -0.061223,
      0.013124,
      -0.043294,
      -0.146555,
      0.033501,
      -0.08764,
      -0.061186,
      -0.025771,
      -0.06465,
      -0.041977,
      -0.170461,
      0.015813,
      -0.007894,
      -0.099982,
      -0.175014,
      0.012772,
      -0.140549,
      -0.151191,
      -0.139233,
      -0.097833,
      -0.060105,
      -0.086531,
      -0.024965,
      0.015289,
      0.005756,
      0.052102,
      -0.016364,
      0.008561,
      -0.058548,
      -0.146275,
      -0.15631,
      -0.074146,
      0.024498,
      -0.15296,
      -0.172878,
      -0.12572,
      0.021015,
      -0.031645,
      0.024535,
      -0.152865,
      -0.138056,
      -0.108271,
      -0.009042,
      -0.15299,
      -0.197959,
      -0.073046,
      -0.152885,
      -0.057305,
      -0.012594,
      -0.012067,
      0.014904,
      -0.107424,
      -0.109651,
      -0.033619,
      -0.107365,
      -0.141551,
      -0.018921,
      -0.127059,
      -0.128668,
      0.012397,
      -0.128873,
      -0.174748,
      -0.097344,
      -0.084408,
      -0.035756,
      -0.029979,
      -0.029211,
      -0.001046,
      -0.170832,
      -0.057679,
      0.018066,
      -0.196043,
      -0.129728,
      -0.166257,
      -0.010161,
      -0.038895,
      -0.01813,
      -0.020802,
      -0.080788,
      -0.121884,
      -0.098431,
      -0.194055,
      -0.023167,
      -0.005891,
      -0.126604,
      0.000434,
      -0.124519,
      -0.018841,
      0.026852,
      -0.045215,
      0.003011,
      -0.166485,
      -0.028029,
      -0.18242,
      -0.102388,
      -0.001316,
      -0.168235,
      -0.098173,
      -0.025734,
      -0.072082,
      -0.116339,
      -0.096545,
      -0.151584,
      0.017962,
      0.010603,
      -0.142129,
      -0.044662,
      -0.012283,
      -0.118844,
      0.024064,
      0.003046,
      -0.114482,
      -0.116987,
      -0.087858,
      -0.106562,
      -0.063865,
      -0.060314,
      -0.13707,
      -0.15615,
      -0.045916,
      -0.119854,
      -0.105969,
      -0.147715,
      -0.055561,
      -0.112251,
      -0.105579,
      -0.107422,
      -0.125117,
      -0.025304,
      -0.190525,
      -0.210635,
      0.033277,
      0.001185,
      -0.033076,
      -0.181138,
      -0.140568,
      0.073574,
      -0.188181,
      -0.054167,
      -0.00546,
      -0.049999,
      -0.014071,
      -0.059802,
      -0.131708,
      0.052723,
      -0.006262,
      -0.039468,
      -0.157505,
      -0.141674,
      0.023885,
      -0.152988,
      -0.068517,
      0.057419,
      0.058851,
      -0.143062,
      -0.049907,
      -0.083636,
      -0.022954,
      -0.133888,
      0.12245,
      0.159044,
      -0.022174,
      -0.087803,
      0.012382,
      0.12634,
      -0.004387,
      0.106008,
      -0.148701,
      0.108018,
      0.091309,
      -0.146867,
      0.135079,
      -0.014161,
      -0.095043,
      0.139541,
      0.068891,
      0.207163,
      -0.022511,
      -0.093991,
      0.002021,
      0.027848,
      -0.040655,
      -0.013812,
      0.051268,
      -0.115056,
      -0.004535,
      -0.066569,
      0.018678,
      -0.079927,
      0.092896,
      0.160323,
      -0.182465,
      0.057607,
      -0.014504,
      0.192416,
      -0.015006,
      0.092749,
      -0.199918,
      -0.073358,
      0.193405,
      0.124912,
      0.065968,
      0.119571,
      0.173301,
      -0.026676,
      -0.014843,
      0.004497,
      0.000713,
      0.08795,
      0.062386,
      -0.087603,
      0.046055,
      0.052054,
      -0.157589,
      -0.086328,
      0.108705,
      0.017513,
      0.042611,
      -0.013786,
      -0.013431,
      0.013926,
      0.087289,
      0.180098,
      -0.045407,
      -0.159286,
      0.004295,
      0.004156,
      -0.011295,
      0.032264,
      0.069311,
      0.032825,
      0.105524,
      -0.062334,
      0.201339,
      -0.0429,
      0.190316,
      -0.096613,
      -0.08783,
      0.028723,
      -0.023621,
      -0.016712,
      0.06951,
      -0.030909,
      -0.137257,
      0.098062,
      0.023399,
      0.189427,
      -0.029115,
      -0.08207,
      -0.061566,
      0.027311,
      0.172904,
      -0.0181,
      0.059637,
      0.189548,
      -0.00886,
      -0.022374,
      -0.011874,
      0.095263,
      -0.139054,
      0.200013,
      0.147616,
      0.116164,
      -0.07002,
      0.084208,
      0.098232,
      -0.011002,
      0.045475,
      0.061833,
      0.00167,
      -0.004646,
      0.07889,
      -0.078426,
      0.211957,
      0.144948,
      0.207253,
      -0.0555,
      0.064214,
      0.011932,
      0.207085,
      0.138766,
      -0.071271,
      0.077036,
      0.127146,
      0.089504,
      0.177755,
      0.089988,
      -0.204769,
      -0.023661,
      0.017535,
      -0.048674,
      0.13724,
      0.12397,
      0.061289,
      0.119964,
      0.073593,
      0.134598,
      0.065289,
      -0.003008,
      0.09712,
      0.122499,
      0.146066,
      0.168271,
      -0.070192,
      0.021938,
      0.126224,
      0.087096,
      0.059213,
      -0.014844,
      0.13244,
      0.039517,
      0.116226,
      0.082241,
      0.043664,
      0.108577,
      0.13834,
      -0.006409,
      0.150969,
      0.11493,
      -0.057656,
      -0.019346,
      0.216941,
      -0.03988,
      -0.070273,
      0.071895,
      0.011966,
      0.139444,
      0.04158,
      -0.059694,
      -0.030958,
      -0.090876,
      0.088606,
      0.043828,
      0.036933,
      0.154557,
      0.12375,
      0.015621,
      0.075242,
      0.03417,
      0.103943,
      0.011646,
      0.063564,
      0.114712,
      0.107345,
      -0.001977,
      0.107286,
      0.157908,
      0.074542,
      0.108627,
      -0.020825,
      -0.073561,
      0.075462,
      -0.019269,
      0.133259,
      0.16817,
      0.131959,
      0.101072,
      0.128771,
      0.018346,
      0.122884,
      0.066842,
      0.096773,
      0.015803,
      -0.024022,
      -0.03513,
      0.096667,
      0.083422,
      0.09511,
      0.117293,
      0.099031,
      -0.037643,
      0.040309,
      -0.015564,
      0.085456,
      0.118626,
      0.091834,
      0.07717,
      0.027229,
      0.168975,
      0.121035,
      0.090252,
      0.10916,
      0.122078,
      0.045053,
      0.17791,
      -0.004708,
      0.109562,
      0.055975,
      -0.022129,
      0.174511,
      0.1535,
      0.162625,
      0.084047,
      0.165978,
      0.211551,
      -0.006901,
      0.049851,
      -0.016244,
      0.10317,
      0.194306,
      0.107914,
      0.152137,
      0.130491,
      -0.005428,
      0.118315,
      -0.015902,
      -0.014615,
      -0.033195,
      0.001807,
      0.089827,
      0.134184,
      0.042498,
      0.086755,
      0.066905,
      0.073081,
      0.097098,
      0.154222,
      -0.013556,
      0.098073,
      0.055139,
      0.087495,
      0.016072,
      0.165004,
      0.197912,
      0.171309,
      0.147835,
      0.178951,
      0.1718,
      0.045352,
      0.059738,
      -0.018644,
      0.106375,
      0.086861,
      0.060614,
      0.110104,
      0.042773,
      -0.025293,
      0.12549,
      0.067334,
      0.052319,
      0.051737,
      0.027535,
      0.043005,
      0.039522,
      0.146761,
      0.040032,
      0.065938,
      0.001892,
      0.175251,
      0.02069,
      0.0765,
      -0.02431,
      0.21577,
      0.052251,
      0.066879,
      0.134655,
      0.015463,
      0.092025,
      0.078363,
      0.169144,
      0.059619,
      0.109001,
      0.178449,
      0.163215,
      0.042769,
      -0.00546,
      -0.02806,
      0.094092,
      -0.001965,
      0.034313,
      0.023541,
      0.186193,
      0.080995,
      0.054621,
      0.001859,
      -0.006301,
      0.101643,
      0.162691,
      0.131638,
      0.099001,
      0.053587,
      0.104771,
      0.163526,
      0.161708,
      0.045884,
      0.101808,
      0.021934,
      0.118389,
      0.105921,
      0.010861,
      0.132696,
      0.149412,
      -0.021039,
      0.045328,
      0.161399,
      0.009058,
      0.004988,
      0.168314,
      0.064992,
      0.009663,
      0.190494,
      -0.041558,
      -0.021172,
      0.213576,
      0.093633,
      0.025571,
      0.017351,
      0.094434,
      0.053273,
      0.084548,
      0.026517,
      -0.020589,
      -0.013091,
      -0.016583,
      0.173204,
      0.065762,
      0.109085,
      0.063196,
      0.107794,
      0.022432,
      -0.077427,
      -0.214691,
      -0.186216,
      -0.160451,
      0.055254,
      -0.118856,
      0.00427,
      9.3e-05,
      0.089959,
      -0.077707,
      0.080188,
      0.071905,
      0.026908,
      0.031652,
      0.02413,
      0.128203,
      -0.02503,
      -0.093613,
      0.100601,
      0.137417,
      -0.054144,
      -0.182225,
      0.024633,
      0.102551,
      0.055309,
      -0.016829,
      0.058654,
      0.14688,
      0.196947,
      0.155957,
      0.093578,
      -0.036985,
      -0.011032,
      0.016448,
      -0.005508,
      0.011469,
      -0.000359,
      -0.147036,
      -0.009584,
      0.116816,
      0.158829,
      0.055313,
      -0.077089,
      0.053544,
      0.026195,
      0.135974,
      -0.143233,
      -0.199753,
      0.003678,
      0.013258,
      0.109139,
      0.049915,
      0.084296,
      0.081249,
      0.058314,
      0.161529,
      -0.08011,
      0.122213,
      0.028343,
      0.121489,
      -0.040978,
      0.043758,
      -0.053107,
      -0.027714,
      0.159029,
      0.069166,
      0.046398,
      0.106566,
      -0.212859,
      0.070362,
      -0.109796,
      -0.01129,
      0.110314,
      0.100299,
      0.009423,
      0.15573,
      0.014821,
      0.066434,
      0.184487,
      -0.001719,
      0.022452,
      0.118001,
      -0.073859,
      0.165161,
      -0.000152,
      -0.006879,
      -0.095896,
      0.177403,
      -0.051047,
      0.062385,
      -0.022637,
      -0.189048,
      0.10819,
      -0.168859,
      0.045478,
      0.013521,
      -0.148365,
      -0.119978,
      0.143155,
      0.109452,
      0.205272,
      0.17528,
      0.082653,
      -0.004199,
      -0.002113,
      0.101294,
      -0.062469,
      -0.032537,
      0.030184,
      -0.1024,
      0.016392,
      0.191048,
      0.010906,
      -0.03949,
      0.155332,
      -0.050541,
      0.157506,
      0.011068,
      0.154896,
      0.17821,
      0.012321,
      0.057025,
      -0.194924,
      0.038991,
      0.01298,
      0.09997,
      0.129583,
      0.124806,
      0.167339,
      -0.050044,
      0.08896,
      0.071122,
      0.025834,
      -0.094789,
      0.04123,
      0.01706,
      0.176509,
      -0.092784,
      0.151687,
      0.031159,
      0.186593,
      0.199488,
      0.083628,
      0.122336,
      0.014631,
      0.104773,
      -0.110653,
      0.177671,
      0.078602,
      -0.03489,
      0.116569,
      0.010928,
      -0.042708,
      -0.019391,
      -0.060751,
      0.043938,
      0.008949,
      0.04734,
      -0.006289,
      0.202962,
      0.1025,
      0.193544,
      0.050283,
      -0.066927,
      0.092615,
      0.002712,
      -0.053523,
      -0.03632,
      -0.055823,
      0.083685,
      -0.115403,
      0.085592,
      0.111996,
      -0.002975,
      0.059575,
      0.016968,
      0.114292,
      0.153189,
      0.057591,
      -0.004002,
      -0.030147,
      0.185148,
      0.04135,
      0.169744,
      0.170059,
      0.008357,
      0.20538,
      -0.039484,
      0.191037,
      0.180533,
      -0.002566,
      0.0663,
      0.116831,
      0.174197,
      0.078514,
      0.129715,
      -0.072649,
      0.051603,
      -0.115179,
      -0.012877,
      0.082787,
      0.075297,
      0.107943,
      0.042256,
      -0.06032,
      0.08391,
      0.037484,
      0.026117,
      0.096974,
      -0.010327,
      0.126222,
      0.083843,
      -0.007171,
      0.025694,
      0.012251,
      0.155681,
      0.098717,
      0.072505,
      0.021468,
      0.126118,
      -0.026954,
      0.140128,
      -0.016965,
      0.127538,
      -0.045119,
      0.08343,
      0.099308,
      -0.001094,
      0.022654,
      -0.047613,
      -0.018523,
      0.059488,
      0.052349,
      -0.071994,
      -0.018664,
      0.140903,
      -0.033297,
      0.038058,
      0.057029,
      0.020677,
      -0.018843,
      0.092938,
      0.101029,
      -0.066655,
      0.095477,
      0.068656,
      0.041012,
      0.122358,
      0.132307,
      0.092873,
      0.110888,
      0.073986,
      0.076732,
      -0.066894,
      -0.079771,
      0.142187,
      0.031311,
      0.183121,
      -0.031721,
      0.199499,
      0.00574,
      -0.053647,
      0.017338,
      0.070386,
      0.034235,
      0.141455,
      0.072152,
      0.195668,
      0.129806,
      -0.017189,
      0.108948,
      0.125928,
      -0.051264,
      0.187174,
      -0.02056,
      -0.045978,
      0.039699,
      0.006264,
      0.139283,
      0.085211,
      0.151711,
      -0.015203,
      0.035297,
      0.103197,
      0.085651,
      0.023479,
      0.073006,
      0.0065,
      0.057552,
      0.139996,
      0.079141,
      0.060537,
      0.039556,
      0.199151,
      0.080542,
      -0.022844,
      0.087062,
      0.070077,
      0.004624,
      0.130767,
      -0.038585,
      -0.020749,
      0.090113,
      0.104493,
      -0.018468,
      -0.011272,
      0.104295,
      0.064266,
      0.158656,
      -0.008434,
      0.081114,
      -0.046987,
      -0.026728,
      0.052668,
      0.112816,
      -0.002594,
      0.056063,
      0.004424,
      0.075013,
      0.09334,
      0.028821,
      0.098857,
      0.102402,
      0.085806,
      0.041132,
      0.145884,
      0.150869,
      -0.029827,
      0.065995,
      -0.030547,
      0.118253,
      -0.024832,
      0.073522,
      0.146851,
      0.11647,
      -0.011022,
      0.008584,
      0.083759,
      0.018816,
      0.070774,
      0.089266,
      0.002972,
      0.046002,
      0.048546,
      0.1239,
      -0.049017,
      0.032931,
      -0.014766,
      0.000701,
      0.112735,
      0.101989,
      0.086489,
      -0.038824,
      0.144442,
      -0.014296,
      -0.023255,
      0.075313,
      0.066749,
      0.081887,
      0.078449,
      0.0993,
      0.097856,
      0.144254,
      0.124401,
      0.063397,
      0.102521,
      -0.003329,
      0.063163,
      0.054485,
      0.038994,
      0.094159,
      0.113821,
      0.00294,
      0.13038,
      0.105591,
      0.025697,
      0.048963,
      0.039436,
      0.091168,
      0.036232,
      0.167911,
      0.058839,
      0.152453,
      0.137203,
      0.12595,
      0.008451,
      -0.048766,
      0.056957,
      0.090857,
      -0.003156,
      0.026139,
      -0.036517,
      -0.1811,
      0.007462,
      -0.085016,
      -0.030128,
      -0.135896,
      -0.011786,
      0.026633,
      -0.02703,
      -0.089768,
      -0.039816,
      0.092702,
      0.064159,
      -0.100452,
      -0.016189,
      -0.17832,
      0.137947,
      -0.164952,
      0.05406,
      0.019141,
      0.095857,
      -0.040737,
      -0.058618,
      -0.058909,
      -0.039942,
      0.131757,
      0.035919,
      0.088594,
      0.016626,
      -0.000188,
      0.059779,
      -0.009713,
      -0.071745,
      0.071554,
      -0.020902,
      0.05074,
      0.111388,
      -0.152415,
      0.068838,
      -0.091471,
      0.12007,
      0.205792,
      0.117492,
      -0.052288,
      0.119063,
      -0.121074,
      0.073744,
      0.063618,
      -0.005005,
      -0.098653,
      0.078467,
      0.049459,
      -0.079227,
      0.144356,
      0.15814,
      -0.057673,
      -0.121167,
      0.018425,
      -0.063187,
      0.018063,
      -0.068849,
      -0.121868,
      -0.034001,
      -0.063013,
      0.111699,
      0.128101,
      0.097625,
      -0.102392,
      0.031928,
      0.136944,
      0.163243,
      0.038221,
      -0.07629,
      0.096429,
      -0.015875,
      -0.131206,
      0.105755,
      -0.039791,
      0.17033,
      0.052641,
      0.062945,
      0.109664,
      0.091599,
      -0.07331,
      0.053187,
      0.157411,
      0.097477,
      0.169928,
      0.053573,
      -0.109215,
      0.20148,
      0.062853,
      0.001304,
      0.021951,
      0.088113,
      0.076714,
      0.072979,
      0.166396,
      0.005517,
      0.184634,
      0.116443,
      -0.03841,
      0.06673,
      -0.019289,
      0.004221,
      0.176536,
      0.193324,
      0.055686,
      0.102204,
      -0.038361,
      -0.046869,
      -0.103445,
      -0.043844,
      -0.011796,
      0.104627,
      -0.001182,
      0.028641,
      0.099423,
      0.208535,
      0.193043,
      -0.028846,
      0.015949,
      -0.096108,
      0.22078,
      -0.051207,
      0.180526,
      0.001863,
      0.189151,
      -0.019936,
      0.125214,
      -0.052345,
      0.05444,
      0.224691,
      -0.139206,
      -0.110166,
      0.01458,
      0.029483,
      -0.002357,
      0.075809,
      0.022383,
      -0.091633,
      -0.144476,
      0.083381,
      0.001369,
      -0.105364,
      0.072528,
      -0.024013,
      -0.084476,
      -0.008621,
      0.143912,
      0.1235,
      0.171459,
      0.131354,
      0.000867,
      0.015273,
      0.166286,
      -0.13883,
      0.131062,
      0.131164,
      0.030842,
      0.152139,
      0.027492,
      0.044753,
      -0.025077,
      -0.114677,
      0.061458,
      -0.028378,
      0.015195,
      0.167584,
      -0.049944,
      0.139092,
      0.029133,
      0.100932,
      0.052439,
      -0.099521,
      0.023115,
      0.13628,
      0.110566,
      0.023039,
      0.145758,
      0.1195,
      0.018621,
      -0.01994,
      0.031732,
      0.11989,
      -0.035739,
      0.035639,
      0.223972,
      0.012055,
      0.038943,
      0.127446,
      0.0135,
      0.001968,
      0.049004,
      -0.020346,
      0.126468,
      0.00339,
      0.095286,
      -0.059392,
      0.027519,
      0.066038,
      0.139041,
      0.044061,
      -0.128026,
      0.135361,
      0.004734,
      0.038831,
      0.109987,
      0.028449,
      0.175887,
      -0.011218,
      0.064482,
      0.030255,
      -0.032291,
      -0.031637,
      -0.025275,
      0.046447,
      0.001865,
      -0.104239,
      -0.070323,
      0.182578,
      0.155219,
      0.01021,
      -0.002888,
      0.140534,
      0.126902,
      -0.006985,
      0.15913,
      0.02816,
      -0.054805,
      -0.043958,
      -0.043592,
      0.029006,
      0.072619,
      0.160462,
      0.031241,
      0.13673,
      0.097264,
      0.181649,
      -0.043571,
      0.059817,
      -0.044588,
      0.182495,
      -0.0349,
      0.108838,
      0.044986,
      0.124668,
      0.042365,
      0.107666,
      -0.035535,
      0.13543,
      -0.046978,
      0.086281,
      0.035918,
      0.173685,
      0.005125,
      0.132736,
      0.02825,
      0.158953,
      0.095497,
      0.090148,
      0.109069,
      0.012392,
      0.051014,
      0.027061,
      -0.015126,
      0.065279,
      0.044629,
      -0.022538,
      -0.01113,
      -0.048208,
      0.158619,
      0.039825,
      0.002372,
      0.00197,
      0.078698,
      -0.064311,
      0.022103,
      0.124154,
      0.104868,
      -0.04264,
      0.038093,
      0.054848,
      -0.005913,
      -0.084665,
      0.16019,
      -0.013949,
      0.051361,
      0.059701,
      -0.018492,
      -0.005568,
      0.027448,
      0.144022,
      0.163643,
      0.115206,
      -0.012063,
      0.13613,
      0.088931,
      0.051216,
      0.019468,
      -0.037865,
      0.064898,
      -0.005773,
      -0.029747,
      0.081714,
      0.170249,
      0.047948,
      0.041231,
      0.046835,
      -0.048338,
      0.002746,
      0.027368,
      0.09591,
      -0.00197,
      0.013485,
      0.058781,
      -0.036469,
      -0.039521,
      0.191284,
      0.012221,
      0.124564,
      0.119509,
      0.047171,
      0.003372,
      -0.009205,
      -0.074846,
      0.027043,
      0.040198,
      0.102486,
      0.132167,
      0.018581,
      0.151428,
      0.034846,
      -0.049351,
      0.135143,
      0.011197,
      0.05961,
      0.027535,
      0.039647,
      0.129778,
      0.120542,
      -0.003976,
      0.131005,
      0.019536,
      -0.033304,
      0.01439,
      0.05189,
      0.026416,
      0.035979,
      0.130533,
      -0.045131,
      0.127656,
      -0.005444,
      0.069165,
      0.026707,
      -0.027548,
      0.075883,
      0.001146,
      0.081027,
      0.036379,
      0.116921,
      -0.016395,
      0.172068,
      0.029412,
      -0.005655,
      -0.033468,
      0.143806,
      0.141536,
      0.170082,
      0.04063,
      0.010324,
      0.13713,
      0.144729,
      0.015375,
      0.044494,
      0.04843,
      0.148607,
      0.080304,
      0.017686,
      0.09656,
      0.048274,
      0.017499,
      0.120653,
      -0.028001,
      0.108027,
      -0.044291,
      -0.023181,
      0.153038,
      0.100904,
      0.006787,
      0.062924,
      0.13769,
      0.106388,
      -0.062211,
      -0.111871,
      0.023181,
      -0.167715,
      -0.099206,
      -0.124272,
      -0.007786,
      -0.130315,
      -0.097863,
      0.088749,
      -0.144929,
      -0.019603,
      -0.162208,
      -0.055016,
      -0.103473,
      -0.02558,
      0.012242,
      0.082671,
      -0.001949,
      0.01232,
      0.065232,
      0.075726,
      0.079176,
      -0.143073,
      -0.149086,
      -0.108467,
      -0.007127,
      -0.043805,
      -0.066864,
      -0.185662,
      0.018316,
      -0.007348,
      -0.130359,
      -0.035704,
      0.09695,
      -0.107557,
      -0.004729,
      -0.039045,
      0.065088,
      0.013735,
      -0.097671,
      0.051465,
      0.013499,
      -0.158609,
      -0.020782,
      -0.153163,
      0.019164,
      -0.156782,
      -0.170793,
      -0.074779,
      -0.144929,
      -0.054087,
      -0.053053,
      0.031967,
      0.205426,
      0.057922,
      0.010984,
      0.011492,
      -0.085062,
      -0.009831,
      -0.067537,
      -0.07462,
      -0.005997,
      0.00628,
      -0.10277,
      -0.04877,
      -0.017436,
      0.032196,
      0.03179,
      -0.048838,
      0.194019,
      -0.090425,
      -0.094467,
      -0.144963,
      -0.073766,
      -0.123177,
      -0.022338,
      0.019246,
      0.00388,
      -0.035006,
      -0.01525,
      -0.032549,
      -0.068805,
      -0.09846,
      -0.028558,
      0.039339,
      0.214607,
      -0.174038,
      0.167184,
      -0.054579,
      -0.08072,
      -0.085307,
      0.03159,
      -0.043719,
      0.073208,
      0.129623,
      0.18385,
      0.058673,
      0.042725,
      -0.096747,
      -0.007468,
      -0.100825,
      0.129415,
      -0.012591,
      0.086593,
      -0.023035,
      -0.021099,
      -0.082974,
      0.025692,
      -0.002859,
      0.032233,
      -0.098711,
      0.05133,
      -0.018381,
      -0.078554,
      0.043142,
      0.039032,
      -0.016527,
      0.004299,
      -0.041541,
      0.156192,
      -0.01274,
      0.008841,
      0.009594,
      0.083571,
      -0.04013,
      -0.070823,
      0.066928,
      0.118166,
      0.055074,
      0.035961,
      -0.006185,
      0.204917,
      0.051178,
      0.089271,
      0.098578,
      0.12817,
      -0.015855,
      -0.031394,
      -0.04003,
      0.096908,
      -0.003838,
      0.107612,
      0.014815,
      -0.09322,
      0.053456,
      0.176449,
      0.150126,
      0.127218,
      0.052967,
      -0.01228,
      -0.101579,
      0.170327,
      0.136721,
      0.121751,
      0.109869,
      0.10686,
      -0.054153,
      0.086539,
      0.00367,
      0.074455,
      -0.035781,
      -0.032856,
      0.081556,
      0.089886,
      0.168195,
      -0.012748,
      0.072469,
      -0.02441,
      -0.015322,
      0.079725,
      0.014235,
      -0.060576,
      0.079058,
      -0.061846,
      0.030807,
      0.173817,
      0.093522,
      0.023746,
      0.064779,
      0.126778,
      0.038746,
      0.078109,
      0.028077,
      0.062479,
      -0.018863,
      -0.102047,
      0.003733,
      -0.087136,
      -0.095596,
      -0.060464,
      -0.043995,
      0.125925,
      0.06144,
      0.176986,
      0.09091,
      0.097019,
      0.050488,
      0.099781,
      0.169417,
      0.108761,
      0.069649,
      0.170721,
      -0.002729,
      0.034211,
      0.112744,
      0.161396,
      0.041554,
      0.062383,
      0.103392,
      0.131776,
      -0.04992,
      -0.027301,
      -0.012332,
      -0.050194,
      0.068042,
      0.056988,
      0.115882,
      0.038978,
      0.110249,
      -0.064751,
      0.107784,
      -0.016277,
      0.042397,
      0.105233,
      0.089576,
      0.033798,
      -0.012396,
      0.08728,
      -0.00124,
      -0.017699,
      0.148443,
      0.175892,
      -0.03829,
      -0.035789,
      -0.060161,
      0.006892,
      0.163965,
      0.08646,
      -0.035881,
      0.047272,
      0.17246,
      0.032865,
      0.034879,
      0.120852,
      0.156091,
      0.135476,
      -0.038072,
      0.121838,
      0.067151,
      0.072756,
      -0.051182,
      0.010917,
      0.009128,
      0.152008,
      0.112668,
      -0.07756,
      -0.040768,
      -0.033396,
      0.098948,
      -0.009186,
      -0.007521,
      0.049772,
      0.001485,
      0.154371,
      -0.009659,
      0.024365,
      0.086922,
      -0.059646,
      0.067691,
      0.049853,
      0.183414,
      0.084948,
      -0.043575,
      0.151132,
      -0.050765,
      0.079794,
      0.069847,
      0.085311,
      -0.052611,
      0.056221,
      0.128724,
      -0.045847,
      0.099055,
      0.1459,
      0.144048,
      0.156315,
      0.176594,
      0.0375,
      0.154713,
      -0.017223,
      0.134658,
      -0.055855,
      0.138879,
      0.027522,
      -0.043966,
      0.134093,
      0.08631,
      0.140069,
      -0.030146,
      -0.012413,
      0.136716,
      0.112779,
      0.077084,
      0.059216,
      0.003818,
      0.113087,
      -0.005894,
      0.140004,
      0.086585,
      -0.038938,
      0.0384,
      0.131627,
      -0.037417,
      0.104928,
      0.028722,
      -0.060427,
      0.135273,
      0.089103,
      0.014174,
      0.025779,
      0.156498,
      0.041758,
      0.074375,
      0.107343,
      0.011373,
      -0.053463,
      -0.047362,
      0.017318,
      0.018038,
      0.161833,
      0.065138,
      -0.048687,
      -0.018988,
      0.015866,
      0.157512,
      -0.051833,
      -0.035512,
      -0.020139,
      0.161522,
      -0.015932,
      0.018869,
      0.063899,
      0.017252,
      0.090659,
      -0.004884,
      0.11109,
      0.145478,
      0.061765,
      0.163479,
      0.014085,
      0.140095,
      -0.051794,
      0.163823,
      0.090887,
      0.170574,
      0.086477,
      0.120872,
      -0.03871,
      0.149791,
      0.069855,
      -0.02461,
      -0.049596,
      0.153171,
      -0.015949,
      0.056807,
      0.004972,
      -0.002191,
      0.067359,
      0.135699,
      0.012204,
      0.005937,
      0.12335,
      0.011274,
      0.114375,
      0.114169,
      -0.012218,
      -0.025397,
      0.146747,
      0.08682,
      -0.058764,
      0.098236,
      0.135668,
      0.006065,
      0.097643,
      0.058298,
      0.005509,
      0.012427,
      0.108547,
      0.139734,
      -0.016787,
      0.068423,
      -0.12069,
      -0.156909,
      0.014514,
      -0.209114,
      -0.121225,
      0.06077,
      -0.148498,
      -0.006532,
      -0.079731,
      -0.091526,
      -0.135604,
      -0.147015,
      -0.040057,
      0.093554,
      0.004108,
      -0.195085,
      -0.027335,
      -0.069625,
      0.021523,
      0.008935,
      0.056671,
      0.059762,
      -0.024651,
      -0.10737,
      -0.078123,
      0.02216,
      -0.060353,
      -0.163804,
      -0.134549,
      -0.005928,
      0.071391,
      0.00852,
      -0.117597,
      -0.133897,
      0.107504,
      -0.087818,
      0.005337,
      -0.063137,
      0.086274,
      0.049845,
      -0.224646,
      -0.133534,
      0.066467,
      -0.203608,
      0.035946,
      -0.11552,
      0.006953,
      0.178004,
      -0.02659,
      -0.075481,
      -0.169779,
      0.128648,
      -0.148519,
      -0.008159,
      0.149601,
      -0.136012,
      0.193681,
      0.00453,
      0.037427,
      -0.090587,
      0.105965,
      -0.023108,
      -0.012572,
      0.098626,
      -0.126533,
      0.029722,
      0.199173,
      -0.016898,
      0.048089,
      -0.138156,
      0.014582,
      0.083775,
      0.041592,
      -0.086658,
      0.050396,
      0.051489,
      0.105188,
      0.016462,
      0.031467,
      -0.204534,
      -0.213318,
      -0.060755,
      0.105254,
      -0.050254,
      -0.049452,
      0.087917,
      -0.005128,
      -0.048311,
      0.206048,
      -0.09529,
      0.058237,
      0.059177,
      0.099487,
      0.192371,
      -0.122029,
      0.087309,
      0.209455,
      -0.014584,
      -0.124575,
      -0.161417,
      -0.090969,
      0.016403,
      -0.009267,
      -0.050203,
      -0.00726,
      -0.115781,
      0.014657,
      0.015921,
      -0.010657,
      0.024774,
      -0.003766,
      -0.127876,
      0.036829,
      -0.009083,
      -0.107858,
      0.050968,
      -0.093516,
      -0.072834,
      -0.089458,
      -0.040654,
      -0.02626,
      0.046053,
      0.063541,
      -0.139805,
      -0.073465,
      0.056975,
      -0.119659,
      0.138291,
      -0.120442,
      0.012101,
      -0.155058,
      -0.028562,
      0.125329,
      0.152256,
      -0.12864,
      -0.104309,
      -0.05562,
      -0.091093,
      -0.13789,
      0.098707,
      0.01593,
      -0.171609,
      0.184115,
      -0.005267,
      0.03405,
      -0.099047,
      0.129658,
      0.170527,
      -0.080079,
      0.121826,
      -0.027917,
      0.031662,
      0.099406,
      -0.02957,
      0.029548,
      0.218695,
      0.028815,
      -0.00828,
      -0.006848,
      0.008492,
      -0.098839,
      -0.101649,
      0.144898,
      0.063118,
      -0.006197,
      0.080693,
      0.213966,
      -0.023103,
      -0.009883,
      -0.067407,
      0.084507,
      -0.005812,
      -0.069776,
      -0.002021,
      -0.160279,
      0.015547,
      -0.040815,
      -0.020684,
      0.142446,
      0.019099,
      -0.042825,
      -0.027166,
      0.180023,
      0.031146,
      -0.005675,
      -0.023623,
      -0.078443,
      0.156868,
      -0.025154,
      -0.030326,
      0.102954,
      0.025748,
      -0.028333,
      -0.011822,
      -0.005047,
      0.099234,
      0.01849,
      0.007083,
      0.039414,
      0.052508,
      0.203991,
      0.037155,
      -0.014131,
      0.056702,
      0.082082,
      0.132367,
      0.083651,
      0.016193,
      0.076224,
      0.057281,
      0.151894,
      -0.009518,
      0.152789,
      0.178762,
      0.121142,
      -0.002489,
      0.03232,
      0.14762,
      -0.049536,
      0.014248,
      0.004165,
      0.10394,
      0.028251,
      0.152808,
      -0.029429,
      0.202153,
      0.116537,
      0.115573,
      -0.043697,
      0.164324,
      0.042755,
      0.095218,
      0.177375,
      0.179595,
      0.054546,
      0.017259,
      -0.018101,
      0.013039,
      0.025275,
      0.112537,
      -0.011478,
      -0.050531,
      0.152222,
      0.096255,
      0.025386,
      0.129063,
      0.00988,
      0.037741,
      0.081946,
      0.126956,
      0.170422,
      0.065044,
      0.058182,
      0.123232,
      0.005366,
      -0.048848,
      0.057116,
      -0.034583,
      0.153393,
      0.102531,
      0.02094,
      0.003378,
      0.04826,
      -0.026773,
      0.096704,
      0.146837,
      0.107301,
      0.052719,
      0.11759,
      0.031247,
      0.053857,
      -0.000675,
      -0.015988,
      -0.047154,
      -0.005757,
      0.079915,
      0.104229,
      0.031135,
      0.097453,
      -0.003124,
      0.001663,
      0.077312,
      0.118312,
      0.128292,
      0.097616,
      -0.092584,
      0.006323,
      0.136155,
      0.077464,
      0.084563,
      0.049568,
      0.195856,
      0.141343,
      0.126238,
      -0.024779,
      0.0991,
      0.00766,
      0.030091,
      0.186905,
      0.108291,
      0.153498,
      -0.014632,
      0.130983,
      -0.0003,
      -0.003595,
      0.138013,
      0.172272,
      -0.026064,
      0.172574,
      0.07182,
      0.002296,
      0.036369,
      0.034899,
      0.022047,
      0.036221,
      0.113057,
      -0.03536,
      0.127406,
      0.00638,
      0.183353,
      0.175793,
      0.123032,
      0.177269,
      0.086059,
      0.033413,
      0.169688,
      0.120723,
      0.149245,
      0.126396,
      0.093607,
      0.08462,
      0.104969,
      0.127112,
      0.12915,
      0.126061,
      0.024301,
      0.09125,
      0.052272,
      0.091953,
      0.066129,
      0.026119,
      0.070021,
      0.195954,
      0.12306,
      -0.009503,
      0.083671,
      0.004864,
      0.193005,
      -0.044478,
      -0.007849,
      0.086809,
      -0.034532,
      0.169405,
      -0.024082,
      0.159699,
      0.026345,
      0.010915,
      0.14278,
      -0.029526,
      0.139048,
      -0.030438,
      0.046523,
      0.149916,
      -0.004969,
      0.040058,
      -0.003687,
      0.066039,
      0.034093,
      0.184342,
      0.16425,
      0.106226,
      0.119577,
      -0.032577,
      -0.023862,
      0.093985,
      0.105589,
      0.077724,
      0.108318,
      0.119397,
      0.188563,
      0.09029,
      0.182253,
      0.039668,
      0.00621,
      0.017556,
      0.140691,
      0.142914,
      0.005684,
      0.040636,
      -0.02497,
      0.018272,
      -0.027046,
      0.203949,
      -0.07385,
      0.033554,
      0.089891,
      0.065791,
      0.123584,
      0.042062,
      -0.012872,
      0.111607,
      0.115228,
      0.041645,
      0.061555,
      -0.053808,
      0.135152,
      0.134962,
      0.062741,
      0.178492,
      0.015212,
      -0.100975,
      -0.01495,
      -0.022272,
      0.076671,
      0.071319,
      -0.024532,
      -0.05062,
      0.014666,
      0.107425,
      -0.007902,
      -0.124439,
      0.101404,
      -0.055776,
      0.107226,
      0.065613,
      0.069193,
      0.05003,
      -0.017685,
      -0.03506,
      0.173462,
      0.123901,
      -0.026601,
      0.035271,
      0.186212,
      0.015926,
      0.041252,
      0.128998,
      -0.086779,
      -0.1548,
      -0.037006,
      -0.035065,
      -0.007824,
      -0.047354,
      -0.12318,
      0.020756,
      0.15564,
      0.157882,
      0.035052,
      -0.041604,
      -0.115717,
      -0.027945,
      -0.124304,
      0.013662,
      -0.021399,
      -0.019535,
      -0.067344,
      -0.081076,
      -0.101811,
      0.081398,
      0.055842,
      0.175956,
      -0.00713,
      0.071778,
      -0.035145,
      0.085801,
      0.015166,
      0.007729,
      -0.134016,
      -0.045724,
      -0.066574,
      0.025531,
      0.03381,
      -0.040388,
      0.125924,
      -0.090683,
      -0.057516,
      -0.004783,
      0.027837,
      0.050083,
      -0.07688,
      0.128634,
      0.012963,
      -0.146257,
      -0.170574,
      0.015352,
      -0.018861,
      0.069637,
      0.052883,
      0.03113,
      -0.176566,
      0.194588,
      -0.052778,
      -0.100264,
      -0.183641,
      0.068527,
      0.04424,
      0.044047,
      0.203291,
      -0.089203,
      0.049449,
      -0.175049,
      0.002675,
      0.008621,
      -0.042232,
      -0.083547,
      0.042246,
      -0.063339,
      -0.128752,
      -0.183398,
      -0.090968,
      -0.09043,
      0.065023,
      -