# Chunk number: 15 of 37

 0.151456,
          0.257448,
          0.280151,
          -0.29437,
          -0.173506,
          0.245085,
          0.061699,
          -0.021573,
          -0.164076,
          0.002271,
          -0.212762,
          -0.172973,
          0.127561,
          0.043963,
          -0.063765,
          -0.305754,
          0.336863,
          -0.225936,
          -0.014896,
          -0.187278,
          0.321557,
          -0.136736,
          -0.228892,
          0.245328,
          0.031749,
          -0.074487,
          -0.232908,
          0.025779,
          -0.038584,
          -0.21103,
          0.180647,
          0.348998,
          0.279491,
          -0.292319,
          0.166006,
          0.184863,
          -0.121303,
          0.171964,
          -0.018821,
          -0.198392,
          0.316094,
          -0.158586,
          -0.054243,
          -0.16549,
          -0.020957,
          0.221696,
          -0.098046,
          0.225933,
          0.201792,
          -0.108597,
          0.29407,
          -0.11889,
          -0.074655,
          0.001072,
          0.034165,
          -0.050366,
          0.15348,
          0.13945,
          -0.075175,
          0.199325,
          0.283926,
          0.017814,
          0.011482,
          0.208145,
          0.173207,
          0.143366,
          -0.13366,
          0.124145,
          0.125251,
          0.015327,
          0.13692,
          0.173394,
          0.168533,
          -0.144477,
          -0.10764,
          0.100832,
          0.045783,
          -0.20215,
          0.201436,
          0.056166,
          -0.153839,
          -0.12391,
          0.015711,
          0.036223,
          -0.218829,
          -0.061659,
          0.159828,
          0.104781,
          -0.200888,
          -0.025707,
          -0.199966,
          -0.217762,
          -0.1828,
          0.158438,
          -0.057489,
          -0.220206,
          0.032745,
          0.019698,
          0.00317,
          0.038826,
          0.180413,
          -0.333849,
          -0.142089,
          -0.087168,
          -0.062747,
          0.010907,
          -0.080672,
          -0.13478,
          0.260455,
          -0.028886,
          -0.070872,
          0.09956,
          -0.025497,
          -0.204228,
          -0.213805,
          0.206167,
          0.11568,
          0.072969,
          -0.141707,
          0.184308,
          -0.110347,
          0.222427,
          -0.311102,
          -0.01593,
          0.299911,
          -0.030554,
          -0.056311,
          -0.097894,
          -0.233022,
          -0.232697,
          0.247364,
          0.31604,
          -0.229221,
          -0.173246,
          0.037909,
          -0.213063,
          -0.150208,
          -0.137396,
          0.13375,
          0.109601,
          0.024885,
          -0.137817,
          0.135859,
          -0.050905,
          -0.206703,
          -0.052852,
          -0.063158,
          -0.213805,
          0.143609,
          0.151643,
          0.098893,
          0.149673,
          -0.074749,
          -0.054009,
          0.117023,
          -0.339543,
          -0.107326,
          -0.251165,
          -0.047213,
          0.111047,
          -0.170979,
          -0.227349,
          -0.244126,
          -0.046761,
          -0.027081,
          0.385187,
          -0.106338,
          -0.195951,
          -0.250798,
          -0.145512,
          0.069658,
          0.23425,
          -0.343489,
          -0.303047,
          0.084128,
          0.188701,
          -0.089105,
          -0.147037,
          0.095759,
          0.120018,
          -0.205258,
          -0.326724,
          -0.251548,
          0.069222,
          0.021692,
          0.194615,
          0.214685,
          0.016557,
          -0.061981,
          0.336333,
          -0.122313,
          -0.240172,
          0.042064,
          0.067686,
          -0.034443,
          -0.126195,
          0.095001,
          -0.118825,
          0.210982,
          0.055595,
          0.267878,
          0.10553,
          -0.20798,
          -0.022574,
          -0.08892,
          0.074235,
          -0.173038,
          -0.207402,
          -0.279734,
          0.202981,
          -0.159751,
          -0.271593,
          0.109623,
          -0.204518,
          0.228209,
          0.086922,
          -0.138008,
          -0.241364,
          -0.203389,
          -0.064534,
          0.188858,
          0.257336,
          0.219933,
          0.13289,
          -0.064269,
          0.128256,
          -0.204678,
          0.170562,
          0.005826,
          -0.112506,
          0.144932,
          -0.141793,
          -0.264304,
          0.098967,
          0.158838,
          -0.031399,
          0.040879,
          -0.022021,
          -0.340898,
          -0.161652,
          0.046883,
          -0.162417,
          0.196723,
          0.27368,
          0.025833,
          -0.160319,
          -0.064287,
          0.184776,
          -0.002473,
          0.283265,
          -0.012076,
          0.244399,
          0.120031,
          0.25642,
          0.196012,
          0.003901,
          -0.187939,
          -0.15225,
          0.298102,
          0.089209,
          -0.167835,
          -0.176182,
          -0.003588,
          -0.152068,
          0.130813,
          -0.05494,
          -0.132511,
          -0.011381,
          -0.358298,
          -0.332168,
          -0.057459,
          -0.268275,
          0.25899,
          0.145057,
          0.114995,
          0.049726,
          -0.093773,
          -0.039249,
          -0.20725,
          -0.014295,
          -0.21712,
          0.285084,
          0.15287,
          -0.053748,
          -0.002084,
          -0.257697,
          -0.048358,
          -0.134584,
          -0.309394,
          -0.042787,
          0.126313,
          0.103061,
          -0.338809,
          -0.154441,
          0.17056,
          -0.123549,
          -0.017607,
          -0.20307,
          -0.242511,
          -0.028571,
          0.245586,
          0.019758,
          0.026335,
          0.102088,
          -0.245583,
          0.037905,
          -0.341854,
          0.062187,
          0.087328,
          0.126591,
          0.02994,
          0.295996,
          0.009913,
          -0.262784,
          0.147032,
          0.151373,
          0.025674,
          0.077765,
          -0.044256,
          -0.263075,
          0.365388,
          0.152549,
          0.17868,
          0.17767,
          0.181162,
          0.289332,
          -0.287122,
          -0.09152,
          0.18333,
          -0.168688,
          0.013716,
          0.238319,
          0.169917,
          0.304468,
          0.022324,
          -0.052275,
          0.372349,
          -0.055589,
          0.020943,
          0.163274,
          -0.081414,
          -0.249888,
          0.218444,
          -0.149937,
          0.103987,
          -0.252419,
          -0.153153,
          -0.146694,
          -0.160483,
          0.14746,
          -0.046632,
          0.171138,
          0.140813,
          -0.042304,
          -0.260981,
          0.063392,
          0.059686,
          0.105867,
          -0.138587,
          0.072701,
          -0.016111,
          0.174908,
          -0.181564,
          -0.226547,
          -0.154687,
          0.289773,
          0.136853,
          0.081368,
          -0.140365,
          0.089064,
          0.148976,
          0.149484,
          -0.102674,
          -0.006206,
          0.181261,
          0.260239,
          0.062415,
          -0.113133,
          -0.197683,
          -0.229878,
          0.005091,
          0.143892,
          -0.002548,
          -0.240164,
          0.332065,
          0.29058,
          -0.01616,
          0.153014,
          -0.224848,
          0.112072,
          -0.293522,
          -0.348852,
          0.076293,
          0.202297,
          -0.120637,
          0.218259,
          0.16579,
          0.049727,
          0.284645,
          0.088073,
          -0.097422,
          -0.152324,
          -0.07206,
          0.089477,
          0.196677,
          -0.174088,
          0.094801,
          -0.3063,
          0.236943,
          0.037319,
          -0.071273,
          -0.312015,
          -0.117192,
          -0.088881,
          -0.400281,
          0.230094,
          -0.166596,
          0.002571,
          0.078375,
          0.279403,
          -0.147576,
          0.286542,
          -0.15855,
          0.103959,
          -0.100434,
          0.005871,
          -0.098032,
          -0.199024,
          0.129892,
          0.0351,
          0.15607,
          -0.077944,
          -0.222446,
          0.104808,
          -0.132614,
          -0.183174,
          -0.05722,
          -0.269539,
          -0.008021,
          0.309709,
          -0.293119,
          -0.141889,
          0.266495,
          -0.173459,
          -0.300022,
          -0.059137,
          0.086472,
          0.09634,
          0.19518,
          0.010993,
          -0.176019,
          0.237477,
          0.221691,
          0.310925,
          -0.020837,
          -0.067177,
          0.074632,
          0.261513,
          0.224947,
          -0.037874,
          0.18139,
          0.252272,
          -0.088202,
          -0.27208,
          0.257844,
          0.080429,
          -0.268784
        ],
        "bO": [
          -0.01993,
          -0.038091,
          -0.001819,
          -0.033397,
          0.019228,
          0.029489,
          -0.023387,
          -0.00084,
          0.029986,
          -0.021332,
          -0.009941,
          -0.042323,
          0.064844,
          -0.014269,
          0.02208,
          0.014035,
          0.035531,
          0.031879,
          -0.021901,
          -0.017824,
          -0.003145,
          0.019162,
          -0.012593,
          -0.00429,
          -0.05889,
          0.07807,
          0.013455,
          -0.038216,
          -0.009602,
          0.062709,
          1.2e-05,
          -0.012236
        ],
        "ln2Gamma": [
          1.156272,
          1.120668,
          1.080057,
          1.0184,
          1.145601,
          1.003577,
          1.175051,
          1.117379,
          1.187703,
          1.148989,
          0.999834,
          1.025289,
          1.366805,
          1.02536,
          1.170387,
          1.030927,
          1.209133,
          1.035158,
          1.024544,
          0.963674,
          1.029577,
          1.118069,
          1.298625,
          1.05619,
          1.004671,
          1.326685,
          1.094,
          1.07381,
          1.120264,
          1.034727,
          1.158064,
          1.017614
        ],
        "ln2Beta": [
          -0.028421,
          -0.03528,
          0.003314,
          -0.023227,
          -0.005381,
          0.061431,
          -0.026881,
          0.001699,
          0.021047,
          -0.045875,
          0.000853,
          -0.023809,
          0.046544,
          -0.011296,
          0.002223,
          0.020211,
          0.046029,
          0.003832,
          -0.030049,
          -0.017112,
          0.002862,
          0.017163,
          -0.101208,
          0.041456,
          -0.06231,
          0.033832,
          -0.006685,
          0.018651,
          -0.037011,
          0.002577,
          0.035129,
          0.018702
        ],
        "ff1W": [
          0.301584,
          -0.106171,
          -0.144392,
          -0.035063,
          0.002836,
          -0.110598,
          -0.041868,
          -0.034763,
          0.245845,
          0.197701,
          0.124601,
          -0.190109,
          0.154673,
          0.22525,
          0.027862,
          -0.039928,
          0.025778,
          -0.065945,
          0.287831,
          -0.096604,
          -0.072352,
          -0.047343,
          -0.031321,
          0.009249,
          0.205994,
          -0.074514,
          0.107349,
          0.253215,
          0.329493,
          -0.040315,
          -0.136213,
          -0.047066,
          0.110827,
          0.285947,
          -0.064612,
          -0.09294,
          0.341495,
          0.005221,
          -0.24525,
          -0.144985,
          0.217233,
          -0.195832,
          0.155763,
          -0.127234,
          0.014369,
          0.08423,
          -0.070997,
          -0.097463,
          -0.415435,
          -0.089054,
          0.046617,
          0.01411,
          -0.221415,
          0.389974,
          0.248055,
          -0.040572,
          -0.052298,
          -0.079382,
          -0.141794,
          -0.263019,
          0.114466,
          -0.124221,
          -0.163536,
          0.019818,
          0.220569,
          -0.130584,
          -0.130827,
          0.004881,
          -0.214182,
          -0.110731,
          -0.122397,
          0.235019,
          0.180997,
          -0.117754,
          0.143066,
          -0.094842,
          -0.062646,
          0.126095,
          0.064844,
          -0.267319,
          -0.048065,
          -0.06181,
          0.256373,
          0.100295,
          -0.016108,
          -0.061069,
          0.08195,
          0.249653,
          0.165012,
          0.027461,
          -0.092169,
          0.028062,
          -0.14168,
          -0.211886,
          -0.144057,
          0.059718,
          -0.13124,
          -0.071023,
          -0.014215,
          0.271998,
          0.173312,
          0.007009,
          0.001843,
          -0.164513,
          -0.019763,
          -0.013217,
          -0.088827,
          -0.074068,
          -0.024242,
          0.069404,
          0.089671,
          -0.155371,
          0.063979,
          0.025592,
          0.008622,
          0.089276,
          0.110656,
          -0.034336,
          0.028778,
          -0.095845,
          -0.101904,
          -0.028025,
          -0.114918,
          0.196286,
          -0.201345,
          -0.054938,
          0.168238,
          -0.141926,
          0.242758,
          0.086682,
          0.000355,
          -0.049303,
          0.021088,
          0.118121,
          0.132739,
          0.334657,
          -0.185877,
          0.036843,
          -0.312254,
          -0.076898,
          -0.203312,
          0.020848,
          0.08184,
          -0.013624,
          0.015511,
          0.107348,
          -0.020071,
          0.113347,
          -0.065206,
          -0.15602,
          0.147648,
          0.155449,
          0.048278,
          0.228839,
          0.30849,
          -0.200997,
          -0.046356,
          0.111015,
          0.24638,
          0.091639,
          -0.080879,
          -0.047807,
          -0.234749,
          -0.086247,
          -0.056998,
          0.019786,
          0.067967,
          0.068587,
          0.160895,
          -0.001274,
          0.026113,
          -0.032163,
          0.023826,
          -0.181465,
          0.125524,
          0.093801,
          -0.14499,
          0.104296,
          -0.041665,
          -0.071707,
          -0.034324,
          -0.029215,
          -0.058208,
          0.156881,
          -0.212818,
          -0.175711,
          0.025257,
          0.177114,
          0.108665,
          -0.129746,
          -0.062575,
          0.102744,
          -0.137541,
          0.162331,
          0.0755,
          0.103504,
          0.176117,
          0.16205,
          -0.080246,
          -0.047469,
          -0.125143,
          -0.181865,
          -0.005654,
          -0.149644,
          0.128818,
          0.151328,
          -0.047081,
          -0.098414,
          0.059537,
          -0.314961,
          0.21242,
          -0.164725,
          0.07608,
          -0.129018,
          -0.035279,
          0.011681,
          0.07038,
          0.000245,
          0.007611,
          0.01716,
          -0.030293,
          -0.052352,
          0.209343,
          0.096137,
          -0.005754,
          -0.171525,
          0.121002,
          -0.048198,
          0.239642,
          0.020465,
          -0.012782,
          0.072275,
          0.044346,
          -0.194831,
          0.02728,
          0.075323,
          -0.170722,
          -0.133911,
          -0.195536,
          0.071072,
          0.110383,
          0.091986,
          0.034342,
          -0.155907,
          0.261515,
          0.019235,
          0.169449,
          -0.238492,
          -0.002293,
          -0.18012,
          0.17872,
          -0.366538,
          0.176671,
          0.07182,
          -0.224311,
          -0.059631,
          -0.074151,
          0.02879,
          0.011974,
          -0.174644,
          0.02975,
          0.109831,
          0.081647,
          0.175335,
          -0.215293,
          -0.099777,
          -0.167715,
          -0.072982,
          -0.281237,
          0.054471,
          -0.141549,
          0.131532,
          0.070846,
          0.268769,
          -0.013154,
          0.147037,
          0.089746,
          -0.071401,
          0.085028,
          0.179559,
          0.035671,
          -0.226245,
          -0.318446,
          0.002573,
          0.014069,
          -0.095983,
          0.129804,
          0.100715,
          -0.060682,
          0.00194,
          -0.004872,
          -0.161312,
          -0.167142,
          -0.163147,
          0.193777,
          0.179266,
          0.109243,
          0.011709,
          -0.275204,
          0.236847,
          -0.114492,
          -0.115358,
          0.289855,
          -0.249266,
          -0.060502,
          0.227708,
          -0.013661,
          -0.054214,
          0.104052,
          0.189296,
          0.200543,
          0.284269,
          -0.171301,
          0.194084,
          0.266958,
          -0.017118,
          0.235623,
          -0.074094,
          -0.1328,
          -0.003974,
          0.044538,
          -0.092609,
          0.01807,
          0.072551,
          0.014875,
          0.076907,
          0.065032,
          -0.043807,
          -0.03825,
          0.106479,
          -0.018104,
          -0.286655,
          0.278207,
          0.340818,
          0.074735,
          -0.003717,
          -0.158848,
          0.065274,
          -0.286332,
          -0.204291,
          -0.033143,
          -0.029381,
          -0.077787,
          0.103889,
          0.086422,
          -0.027243,
          -0.00857,
          0.167066,
          0.162645,
          0.024187,
          0.187473,
          -0.186133,
          -0.09831,
          0.10402,
          0.144233,
          0.075253,
          0.00321,
          -0.063505,
          -0.175585,
          0.189719,
          -0.073996,
          -0.173906,
          0.199926,
          -0.03903,
          -0.198344,
          -0.226539,
          0.003037,
          0.108755,
          -0.064885,
          -0.138504,
          -0.102254,
          -0.049154,
          -0.056002,
          -0.163368,
          0.13005,
          0.004963,
          -0.195743,
          -0.146243,
          -0.047522,
          -0.278151,
          0.087564,
          0.130823,
          -0.011012,
          -0.015718,
          -0.095694,
          0.037959,
          0.02362,
          -0.122006,
          -0.142469,
          0.052195,
          -0.04337,
          -0.009905,
          0.003765,
          0.106787,
          -0.059698,
          -0.138866,
          0.1143,
          -0.003241,
          0.079682,
          -0.021006,
          0.169866,
          -0.094788,
          0.058831,
          0.065814,
          0.013307,
          -0.158174,
          -0.081594,
          0.146046,
          0.115994,
          -0.003486,
          -0.303661,
          -0.129796,
          0.073465,
          -0.11321,
          0.009869,
          0.068432,
          -0.092547,
          -0.010703,
          -0.077906,
          -0.128372,
          -0.111622,
          -0.091391,
          -0.058481,
          0.029176,
          -0.064434,
          -0.248931,
          0.0635,
          0.235563,
          0.089709,
          0.100686,
          0.101634,
          -0.267795,
          -0.219779,
          0.082186,
          0.024957,
          0.034674,
          -0.010377,
          0.108088,
          0.251228,
          0.036717,
          -0.203437,
          -0.105417,
          -0.174302,
          -0.070118,
          0.09445,
          0.042334,
          -0.148079,
          0.245757,
          0.234014,
          -0.009549,
          -0.041653,
          0.172694,
          -0.055305,
          0.054547,
          0.137821,
          0.049404,
          -0.170965,
          -0.019143,
          -0.075948,
          -0.169122,
          0.064646,
          -0.002658,
          0.053427,
          -0.245901,
          -0.202022,
          -0.12232,
          -0.069929,
          -0.415222,
          -0.145098,
          -0.061723,
          -0.244807,
          -0.103691,
          0.18628,
          -0.003963,
          0.035977,
          0.006113,
          0.053576,
          -0.105042,
          0.348089,
          -0.141766,
          0.00956,
          0.073134,
          -0.080853,
          0.179375,
          -0.145591,
          -0.001304,
          -0.048678,
          0.162331,
          -0.095575,
          -0.144343,
          0.006058,
          -0.070769,
          -0.164869,
          -0.139433,
          -0.015588,
          -0.216395,
          -0.046638,
          -0.076945,
          -0.017129,
          0.059241,
          0.014384,
          -0.068298,
          -0.113511,
          0.01003,
          -0.11776,
          -0.190941,
          0.053198,
          -0.112844,
          -0.042875,
          -0.124753,
          -0.068802,
          -0.196271,
          0.012136,
          -0.179148,
          -0.204715,
          -0.334349,
          0.223228,
          0.215244,
          0.024439,
          -0.14806,
          -0.170395,
          -0.121671,
          0.016139,
          0.050822,
          0.227729,
          -0.184595,
          0.068518,
          0.294759,
          0.03216,
          0.131528,
          0.28684,
          0.022049,
          0.101604,
          -0.077034,
          0.085227,
          -0.176909,
          0.028107,
          0.197277,
          0.037885,
          0.018059,
          -0.060077,
          0.022401,
          0.038679,
          -0.163844,
          0.042108,
          -0.231399,
          -0.274263,
          -0.084801,
          -0.20363,
          -0.15684,
          0.034217,
          -0.213297,
          -0.116555,
          -0.038343,
          0.036887,
          -0.078341,
          -0.072798,
          0.163399,
          -0.154155,
          0.109592,
          -0.125566,
          -0.172074,
          0.203306,
          0.166678,
          -0.067953,
          0.100687,
          -0.1778,
          0.030424,
          0.006563,
          0.050029,
          -0.068634,
          0.153749,
          -0.032077,
          -0.121543,
          0.011831,
          -0.101375,
          0.120581,
          0.035643,
          -0.055129,
          -0.207494,
          0.073622,
          -0.232713,
          -0.123574,
          0.107347,
          -0.13669,
          -0.26194,
          0.141888,
          0.207742,
          -0.277786,
          0.099982,
          0.056297,
          0.255958,
          -0.046372,
          -0.281554,
          -0.189345,
          0.031764,
          -0.21918,
          -0.052338,
          0.018424,
          -0.003804,
          -0.285663,
          -0.003928,
          -0.090232,
          -0.008892,
          -0.156167,
          -0.112452,
          -0.086113,
          -0.220395,
          0.005118,
          -0.092731,
          0.138641,
          -0.092053,
          0.159558,
          0.003971,
          0.136498,
          -0.156606,
          -0.220775,
          -0.242188,
          -0.022279,
          0.146348,
          0.006351,
          0.083516,
          0.056853,
          -0.014596,
          -0.397341,
          0.197693,
          0.116026,
          -0.029554,
          -0.116711,
          -0.111788,
          0.168916,
          -0.299439,
          0.122127,
          0.201687,
          -0.295601,
          -0.084954,
          0.10241,
          -0.042767,
          -0.104612,
          -0.012501,
          0.091642,
          -0.294303,
          0.20871,
          -0.012377,
          0.066959,
          -0.26422,
          0.016889,
          -0.004526,
          0.009868,
          0.090855,
          -0.418145,
          -0.114844,
          0.13655,
          0.084223,
          -0.17141,
          0.19316,
          -0.013798,
          -0.09099,
          -0.140073,
          0.077301,
          0.074946,
          0.191522,
          -0.121282,
          0.012388,
          0.039012,
          0.038933,
          -0.041636,
          -0.144945,
          -0.189613,
          -0.002402,
          0.105345,
          0.235577,
          0.204608,
          -0.030005,
          0.037831,
          0.145843,
          -0.114663,
          0.148401,
          0.302309,
          -0.043356,
          0.006495,
          0.11791,
          -0.207522,
          0.181393,
          -0.006972,
          0.133519,
          0.088638,
          -0.088373,
          -0.265348,
          0.149618,
          0.073316,
          -0.136645,
          -0.028657,
          -0.02956,
          -0.16299,
          0.125461,
          0.261795,
          -0.096256,
          0.145107,
          0.056227,
          0.005952,
          0.244172,
          0.043937,
          0.017917,
          -0.013343,
          0.195316,
          0.141181,
          0.140367,
          0.209656,
          -0.098147,
          0.035946,
          0.148678,
          0.072966,
          0.146523,
          0.152241,
          0.084207,
          -0.313476,
          -0.089743,
          0.097545,
          -0.160646,
          0.101772,
          -0.080412,
          -0.169193,
          -0.005433,
          0.081371,
          -0.083081,
          -0.023597,
          0.023838,
          -0.111543,
          0.067621,
          0.039381,
          0.029912,
          0.235574,
          0.019752,
          0.153293,
          0.074655,
          0.271401,
          0.060838,
          -0.007612,
          -0.063558,
          -0.041961,
          0.112772,
          -0.022695,
          0.073982,
          0.114352,
          0.101295,
          0.13838,
          -0.076835,
          0.132904,
          0.069328,
          0.151521,
          0.080221,
          -0.222673,
          0.108003,
          0.142675,
          0.036395,
          -0.00874,
          0.138591,
          -0.000173,
          -0.04116,
          0.137649,
          -0.413056,
          0.162464,
          0.088405,
          0.027669,
          0.178609,
          -0.15834,
          -0.247962,
          -0.146625,
          -0.127675,
          0.050498,
          0.331017,
          -0.079687,
          -0.280041,
          0.166095,
          0.255206,
          0.368027,
          -0.024892,
          -0.024079,
          -0.134504,
          0.076715,
          -0.001065,
          0.451391,
          0.253728,
          0.022752,
          -0.152523,
          0.225849,
          0.133182,
          -0.158749,
          -0.016975,
          -0.067825,
          -0.01079,
          -0.008959,
          0.068303,
          0.068589,
          -0.287138,
          0.032731,
          -0.012687,
          -0.081091,
          0.041019,
          0.097799,
          0.137596,
          0.076749,
          0.203762,
          0.124979,
          0.049609,
          -0.06372,
          0.019461,
          -0.172818,
          -0.169085,
          -0.065073,
          -0.155358,
          0.143645,
          0.123993,
          -0.047015,
          0.301248,
          -0.032737,
          0.128973,
          -0.161269,
          -0.055824,
          -0.26116,
          0.207861,
          0.018009,
          -0.215832,
          0.092651,
          0.168076,
          0.087785,
          0.127135,
          -0.144979,
          -0.166238,
          -0.176457,
          -0.130259,
          -0.152027,
          -0.018004,
          0.192839,
          -0.266429,
          -0.210029,
          0.020118,
          -0.359633,
          -0.009849,
          -0.099757,
          0.100804,
          -0.040957,
          0.005817,
          -0.250084,
          -0.144578,
          -0.299206,
          0.052483,
          0.019109,
          -0.048608,
          0.038331,
          0.107717,
          0.222712,
          0.25927,
          -0.045184,
          -0.17648,
          -0.199848,
          0.118917,
          0.395065,
          0.095531,
          -0.03629,
          -0.180742,
          -0.014748,
          0.190473,
          -0.359107,
          0.0679,
          0.147509,
          0.041017,
          0.0698,
          0.21679,
          0.198998,
          -0.120005,
          -0.138995,
          0.112729,
          -0.017692,
          -0.197253,
          -0.063103,
          -0.112107,
          -0.05865,
          0.116264,
          0.077926,
          0.118579,
          -0.008199,
          -0.247796,
          -0.105369,
          0.043333,
          -0.209547,
          -0.026519,
          0.021955,
          -0.113561,
          0.212845,
          -0.082285,
          -0.12104,
          0.231439,
          0.219497,
          0.080772,
          -0.043076,
          0.071133,
          0.174898,
          -0.039474,
          -0.332273,
          -0.107279,
          0.162397,
          0.048106,
          -0.21045,
          0.174636,
          -0.109024,
          -0.009959,
          -0.013865,
          0.154508,
          -0.137399,
          -0.255134,
          -0.085018,
          0.025912,
          -0.174247,
          -0.100755,
          -0.057958,
          -0.048312,
          0.211904,
          0.043152,
          0.14002,
          -0.220888,
          -0.020364,
          0.016588,
          -0.295322,
          0.251375,
          0.167656,
          0.125379,
          0.153809,
          0.203201,
          -0.034294,
          -0.254763,
          0.372214,
          0.014595,
          -0.04899,
          0.157476,
          -0.087699,
          -0.21953,
          -0.154878,
          -0.051129,
          0.105495,
          0.311747,
          0.01303,
          0.015413,
          -0.068548,
          -0.016737,
          0.112633,
          -0.007346,
          -0.112845,
          -0.018387,
          0.013686,
          -0.042576,
          -0.40352,
          -0.131837,
          0.020517,
          0.116256,
          -0.020976,
          0.081099,
          -0.083819,
          -0.049621,
          -0.05336,
          0.197517,
          -0.139541,
          0.095992,
          0.080084,
          -0.127725,
          0.206402,
          0.144662,
          0.078235,
          0.11045,
          -0.017465,
          -0.34764,
          0.09425,
          0.046188,
          -0.004745,
          0.129429,
          0.202641,
          -0.074628,
          0.25444,
          -0.248502,
          0.175722,
          0.023857,
          0.16015,
          0.208803,
          0.020778,
          -0.135342,
          -0.044328,
          0.138984,
          -0.144688,
          -0.041342,
          0.217458,
          0.151923,
          -0.051789,
          0.09205,
          0.092057,
          -0.224795,
          0.164255,
          -0.013517,
          0.012627,
          0.173744,
          0.206004,
          0.063844,
          -0.140363,
          -0.128396,
          0.00245,
          0.014067,
          0.038788,
          0.029679,
          0.091052,
          0.122191,
          -0.039843,
          0.0667,
          0.074093,
          0.174992,
          0.027081,
          0.101414,
          -0.017686,
          0.073668,
          0.048273,
          0.00257,
          -0.082441,
          -0.308208,
          0.189339,
          0.118277,
          0.060914,
          -0.039293,
          0.223613,
          -0.065316,
          0.030451,
          -0.147994,
          -0.25437,
          0.009821,
          0.07943,
          -0.000677,
          0.03876,
          -0.201199,
          -0.087398,
          0.008264,
          -0.001236,
          -0.005166,
          -0.079699,
          -0.467232,
          0.167257,
          -0.210362,
          -0.16088,
          0.124872,
          -0.016236,
          0.010916,
          0.300116,
          -0.026121,
          0.038592,
          -0.199063,
          -0.062951,
          0.272621,
          -0.1037,
          -0.030038,
          0.171261,
          -0.426612,
          -0.187257,
          0.188108,
          0.116643,
          0.152735,
          -0.207273,
          0.224048,
          0.140605,
          0.11725,
          0.07624,
          0.114532,
          -0.044234,
          -0.145225,
          0.049728,
          -0.148519,
          -0.243991,
          -0.257231,
          0.264311,
          0.061569,
          -0.151994,
          -0.276606,
          -0.150953,
          0.0764,
          0.066823,
          -0.014324,
          0.163218,
          -0.010959,
          -0.021108,
          0.029794,
          0.115202,
          -0.088336,
          -0.086387,
          0.038535,
          0.180593,
          0.186091,
          -0.135744,
          -0.230229,
          -0.113296,
          0.192736,
          0.145532,
          0.333105,
          -0.054572,
          -0.079277,
          -0.216468,
          -0.177989,
          0.294891,
          -0.110642,
          0.001574,
          -0.123229,
          0.107298,
          0.11029,
          -0.018376,
          0.221572,
          0.066767,
          -0.230411,
          -0.070537,
          0.085298,
          0.181817,
          0.186593,
          0.075714,
          -0.2352,
          0.261487,
          0.12176,
          0.232181,
          -0.139603,
          0.078346,
          0.020514,
          0.206074,
          0.140255,
          0.040058,
          0.076024,
          -0.023736,
          -0.093702,
          -0.063891,
          0.030374,
          -0.109597,
          0.092044,
          0.073992,
          -0.080028,
          -0.141208,
          0.046491,
          0.190533,
          0.154825,
          -0.219643,
          -0.030098,
          -0.29312,
          0.113879,
          0.079324,
          -0.097275,
          0.096631,
          -0.003604,
          0.127186,
          -0.260958,
          0.164963,
          0.215409,
          0.086247,
          -0.112471,
          -0.217861,
          -0.084774,
          0.056558,
          0.205391,
          -0.249033,
          -0.106462,
          0.110111,
          0.135272,
          0.074894,
          0.012632,
          -0.041015,
          -0.159761,
          0.383369,
          -0.163508,
          0.103879,
          -0.030463,
          -0.167786,
          0.197784,
          -0.123883,
          0.057847,
          -0.170036,
          0.021651,
          0.130582,
          0.050969,
          0.017616,
          0.202243,
          0.024346,
          0.017992,
          -0.1158,
          -0.061831,
          -0.123467,
          0.070754,
          -0.137129,
          -0.051506,
          -0.024789,
          0.212483,
          -0.447784,
          -0.171162,
          0.104385,
          0.246772,
          0.231108,
          -0.081168,
          0.005429,
          -0.293661,
          -0.251042,
          -0.096222,
          0.000295,
          -0.180616,
          -0.031761,
          -0.127658,
          -0.158724,
          -0.046532,
          0.125561,
          0.081803,
          0.159183,
          0.007402,
          -0.119712,
          -0.189777,
          -0.240307,
          -0.113299,
          0.099389,
          -0.214961,
          -0.045811,
          0.006745,
          0.091649,
          0.100112,
          0.137457,
          -0.183639,
          -0.21031,
          -0.019013,
          -0.039769,
          -0.265222,
          -0.130843,
          -0.112358,
          -0.160518,
          -0.057571,
          -0.138588,
          -0.02492,
          -0.003546,
          -0.164889,
          0.10625,
          -0.034354,
          -0.067321,
          0.114248,
          0.051612,
          0.006217,
          0.21755,
          0.060626,
          0.029807,
          0.183293,
          0.067661,
          0.005011,
          -0.12577,
          -0.047602,
          -0.081739,
          -0.162485,
          0.080663,
          -0.04936,
          0.149803,
          0.107574,
          0.059164,
          -0.183027,
          -0.333252,
          0.220704,
          -0.199671,
          0.035813,
          -0.009257,
          0.008437,
          0.029181,
          -0.06231,
          -0.110555,
          -0.014462,
          0.225681,
          -0.026962,
          -0.03649,
          0.258588,
          -0.21641,
          -0.019158,
          -0.033566,
          0.08434,
          0.204456,
          -0.422155,
          -0.178246,
          0.015407,
          -0.080226,
          0.036135,
          -0.018394,
          0.134872,
          -0.006558,
          -0.007673,
          0.045435,
          -0.04592,
          0.181812,
          0.163677,
          0.059587,
          0.098489,
          0.02192,
          -0.104515,
          0.07712,
          0.244983,
          0.151026,
          -0.012659,
          -0.020407,
          -0.123156,
          0.053294,
          -0.161727,
          -0.226447,
          0.10842,
          -0.140779,
          -0.120506,
          0.129539,
          0.190344,
          -0.199098,
          0.246173,
          0.145833,
          0.074724,
          0.020912,
          -0.073107,
          -0.105767,
          -0.031939,
          0.006088,
          0.212596,
          -0.070315,
          0.057353,
          0.079293,
          -0.000206,
          -0.091173,
          -0.156689,
          -0.161379,
          0.001033,
          0.013251,
          -0.002035,
          0.064644,
          0.052403,
          -0.134753,
          0.049679,
          -0.00493,
          -0.132581,
          -0.054189,
          -0.092422,
          0.058382,
          -0.150363,
          0.004187,
          -0.05674,
          -0.088637,
          -0.074157,
          -0.01289,
          -0.027757,
          -0.096963,
          0.096466,
          0.322529,
          -0.175206,
          0.1089,
          0.128292,
          0.18117,
          -0.129365,
          0.070321,
          -0.106494,
          0.036223,
          0.185941,
          0.019204,
          -0.000979,
          -0.148506,
          -0.136217,
          0.186492,
          -0.052702,
          -0.044343,
          0.068342,
          0.044112,
          0.027445,
          -0.079884,
          0.050816,
          -0.103193,
          0.087495,
          0.108444,
          -0.133725,
          0.036472,
          0.05487,
          -0.178524,
          0.233133,
          0.0758,
          0.080519,
          0.008423,
          0.08602,
          0.17914,
          -0.025475,
          0.161535,
          0.010446,
          0.095454,
          0.131823,
          -0.051992,
          0.015428,
          0.025571,
          -0.038812,
          -0.195847,
          0.124291,
          -0.133346,
          -0.04236,
          0.023209,
          -0.070369,
          0.111931,
          0.10498,
          -0.317747,
          0.14793,
          0.109654,
          -0.050252,
          0.095839,
          -0.136888,
          -0.097621,
          -0.207882,
          -0.131469,
          -0.233421,
          -0.014604,
          -0.018411,
          -0.11984,
          0.24089,
          -0.000391,
          0.21781,
          0.032372,
          -0.115984,
          -0.039663,
          0.162721,
          -0.028354,
          0.097843,
          0.119743,
          0.057568,
          0.037696,
          0.214797,
          -0.073834,
          -0.067205,
          -0.167974,
          -0.059672,
          0.063735,
          -0.050257,
          -0.352382,
          0.077246,
          0.095932,
          -0.078894,
          -0.15686,
          0.339471,
          0.046135,
          0.239281,
          -0.001336,
          0.134083,
          0.093266,
          0.082646,
          -0.073437,
          -0.169944,
          0.156521,
          0.121773,
          0.049546,
          -0.099377,
          0.030261,
          0.117438,
          -0.055174,
          -0.143459,
          -0.105567,
          0.002355,
          -0.151111,
          -0.118941,
          -0.233254,
          0.224714,
          0.203148,
          0.036769,
          0.163015,
          -0.275742,
          0.036653,
          -0.057312,
          -0.065051,
          -0.224369,
          -0.045424,
          -0.028033,
          0.098528,
          0.087841,
          -0.310712,
          0.100157,
          -0.018727,
          0.123851,
          -0.059692,
          -0.195236,
          -0.139918,
          0.176008,
          -0.121714,
          -0.072827,
          -0.012651,
          -0.176099,
          -0.158489,
          0.043782,
          -0.117936,
          -0.01618,
          0.080016,
          -0.090793,
          -0.028667,
          0.165718,
          -0.168696,
          -0.010068,
          0.220611,
          0.03865,
          0.068499,
          -0.026812,
          0.11272,
          -0.238642,
          -0.038439,
          -0.185779,
          0.129898,
          0.19731,
          -0.197139,
          0.050853,
          0.09671,
          0.004788,
          -0.093715,
          0.036923,
          0.087001,
          -0.076524,
          0.005603,
          -0.010327,
          0.168697,
          0.11574,
          0.123394,
          0.050418,
          0.116697,
          0.032701,
          -0.074584,
          0.196589,
          -0.098536,
          -0.104556,
          0.049986,
          -0.034854,
          -0.047897,
          -0.133924,
          -0.241292,
          0.021335,
          0.025325,
          0.052482,
          -0.04917,
          0.19133,
          -0.073178,
          -0.12951,
          0.015111,
          -0.075989,
          -0.054005,
          0.128754,
          -0.124461,
          0.112427,
          -0.054281,
          0.237973,
          -0.020547,
          -0.055426,
          -0.238558,
          -0.155453,
          0.213452,
          0.198215,
          0.212497,
          0.043315,
          0.083175,
          -0.171948,
          -0.274757,
          -0.252124,
          0.23895,
          0.061844,
          0.078756,
          0.275786,
          -0.036029,
          0.24388,
          0.004221,
          0.24923,
          -0.121224,
          0.221588,
          0.198831,
          -0.28007,
          0.008579,
          0.102117,
          -0.040001,
          -0.022331,
          -0.166853,
          0.204282,
          0.241302,
          0.163549,
          -0.042254,
          -0.070654,
          -0.058859,
          -0.10826,
          -0.009814,
          0.148067,
          0.044425,
          -0.122038,
          -0.231999,
          -0.189958,
          -0.013284,
          0.102274,
          -0.136026,
          -0.112311,
          0.267578,
          0.023679,
          -0.02776,
          -0.243668,
          0.114802,
          -0.215789,
          0.366629,
          -0.007585,
          -0.270337,
          -0.036592,
          -0.307607,
          0.095139,
          -0.093798,
          -0.031604,
          0.079756,
          0.133384,
          0.12089,
          -0.014142,
          -0.006319,
          0.018992,
          0.014197,
          0.224999,
          -0.269509,
          -0.200346,
          0.101811,
          0.125439,
          -0.092115,
          -0.159884,
          -0.268764,
          -0.163831,
          -0.106488,
          0.244972,
          0.193469,
          0.072489,
          0.25825,
          0.302556,
          -0.036809,
          -0.115404,
          -0.171172,
          -0.233581,
          0.205305,
          -0.227225,
          -0.088066,
          -0.136741,
          0.044634,
          -0.076145,
          0.136894,
          -0.238617,
          -0.2074,
          -0.175765,
          -0.160369,
          0.091392,
          -0.105797,
          -0.137935,
          -0.218134,
          0.130622,
          -0.137199,
          0.018627,
          -0.153292,
          0.278703,
          0.139133,
          -0.271588,
          -0.112356,
          -0.029585,
          0.130505,
          0.180365,
          0.064831,
          0.355932,
          -0.083216,
          -0.011389,
          0.106776,
          -0.287955,
          -0.053523,
          -0.310127,
          0.010738,
          0.054256,
          -0.384472,
          0.035321,
          0.138695,
          0.215738,
          0.168391,
          0.027745,
          0.03148,
          -0.039096,
          -0.0814,
          -0.073343,
          -0.178535,
          0.22283,
          -0.012742,
          0.033285,
          -0.126522,
          0.058283,
          0.055019,
          -0.077114,
          -0.134403,
          -0.023942,
          -0.097584,
          -0.13755,
          -0.153983,
          0.037424,
          0.175347,
          -0.058393,
          0.124969,
          -0.097634,
          0.218981,
          0.069736,
          -0.044792,
          0.169591,
          -0.093477,
          0.180017,
          -0.193754,
          -0.202336,
          -0.154209,
          -0.002868,
          0.022344,
          0.033038,
          -0.072324,
          -0.004649,
          -0.272608,
          -0.046688,
          0.253396,
          -0.009095,
          -0.185104,
          -0.198981,
          0.074083,
          0.010153,
          0.069845,
          0.024109,
          -0.131176,
          0.101001,
          0.017726,
          -0.24959,
          -0.194259,
          -0.067571,
          -0.155082,
          0.080378,
          0.084953,
          -0.031398,
          0.216139,
          0.017885,
          0.168497,
          -0.045042,
          0.037529,
          0.006229,
          0.128925,
          0.133091,
          -0.073327,
          0.064716,
          -0.026132,
          -0.015399,
          0.149061,
          -0.026268,
          0.170646,
          -0.071863,
          -0.011346,
          -0.21663,
          0.221594,
          0.078294,
          0.103532,
          0.09069,
          0.028418,
          -0.09882,
          0.034793,
          0.021095,
          -0.019566,
          -0.010684,
          -0.03359,
          -5.6e-05,
          0.051418,
          0.167955,
          -0.190828,
          0.148984,
          -0.085395,
          0.107989,
          -0.06726,
          -0.113219,
          0.063037,
          -0.130286,
          0.110271,
          0.019412,
          0.117125,
          0.041105,
          0.130368,
          -0.002916,
          -0.08979,
          0.351203,
          -0.047954,
          -0.088923,
          0.112644,
          0.112723,
          0.140765,
          0.004952,
          -0.070279,
          0.053884,
          -0.112459,
          -0.005347,
          -0.079322,
          0.075071,
          0.143292,
          -0.043118,
          -0.0396,
          0.180431,
          -0.110413,
          -0.267016,
          -0.12931,
          -0.094284,
          -0.128849,
          -0.087688,
          0.11031,
          0.274274,
          -0.184811,
          0.141439,
          0.226352,
          -0.254128,
          0.148033,
          -0.063347,
          -0.299339,
          -0.205106,
          0.085333,
          -0.036145,
          -0.206582,
          0.020357,
          0.063019,
          0.090151,
          0.244204,
          0.282064,
          0.005835,
          -0.015439,
          0.134515,
          0.03475,
          0.199016,
          -0.03848,
          -0.028133,
          -0.014239,
          -0.26541,
          -0.112977,
          -0.270601,
          0.173353,
          0.17955,
          0.057608,
          0.267412,
          -0.255425,
          0.166712,
          -0.297488,
          0.1152,
          0.07469,
          0.085731,
          -0.190649,
          -0.183856,
          -0.131819,
          0.097334,
          0.112513,
          0.018003,
          0.00622,
          -0.102642,
          -0.124565,
          -0.098249,
          -0.006872,
          0.051317,
          0.061861,
          -0.094885,
          0.070194,
          -0.231812,
          0.120844,
          -0.123223,
          0.197687,
          -0.056265,
          0.051357,
          -0.06932,
          -0.302509,
          -0.154526,
          0.073926,
          0.011646,
          -0.340387,
          0.105014,
          0.017711,
          -0.102247,
          0.113988,
          0.253591,
          -0.159278,
          0.116099,
          -0.043587,
          0.106054,
          0.066296,
          -0.015331,
          0.164226,
          -0.062467,
          0.182252,
          -0.011529,
          -0.14283,
          -0.115732,
          0.244593,
          -0.003826,
          -0.02132,
          0.124436,
          -0.109558,
          0.038405,
          -0.071178,
          -0.052929,
          -0.044571,
          0.096299,
          -0.041486,
          -0.034179,
          -0.1253,
          -0.199326,
          -0.148349,
          -0.045314,
          0.017381,
          -0.194262,
          0.031003,
          0.077994,
          -0.326704,
          0.119805,
          0.02663,
          0.204671,
          -0.338548,
          -0.071135,
          0.032795,
          -0.284825,
          0.149763,
          0.044651,
          0.114069,
          0.049237,
          -0.11542,
          0.10095,
          -0.219978,
          0.208733,
          -0.24694,
          -0.175443,
          -0.085084,
          0.033238,
          -0.11489,
          -0.075991,
          -0.046209,
          0.103516,
          0.097245,
          0.051114,
          -0.075842,
          0.162103,
          -0.223882,
          -0.338254,
          -0.112277,
          0.099038,
          0.147289,
          0.005939,
          0.110966,
          0.071502,
          -0.089315,
          -0.191663,
          -0.005671,
          -0.068832,
          -0.185606,
          -0.005457,
          -0.147224,
          -0.169456,
          0.214709,
          0.05522,
          -0.000457,
          0.002679,
          0.094094,
          0.197744,
          0.083482,
          0.043659,
          -0.104483,
          0.002244,
          0.10302,
          -0.153153,
          -0.178308,
          -0.027905,
          0.037297,
          0.074985,
          0.08599,
          -0.110829,
          -0.225585,
          0.114162,
          0.183124,
          0.152463,
          0.095074,
          -0.137524,
          -0.275062,
          -0.127082,
          0.038808,
          -0.07338,
          -0.057991,
          -0.199963,
          -0.067029,
          -0.081106,
          0.034551,
          0.003469,
          -0.034843,
          -0.023459,
          -0.011966,
          0.032109,
          0.184939,
          -0.006802,
          0.108001,
          0.103499,
          -0.173818,
          -0.1236,
          0.151924,
          0.247665,
          0.13886,
          -0.189379,
          -0.108924,
          0.008032,
          0.130066,
          0.037385,
          -0.222961,
          0.008449,
          -0.097886,
          -0.086625,
          -0.194573,
          -0.175164,
          0.09579,
          0.18245,
          0.002428,
          0.035746,
          0.076861,
          0.100663,
          -0.333974,
          0.170887,
          0.039429,
          -0.232239,
          0.068352,
          0.06776,
          0.194854,
          -0.104143,
          0.105632,
          -0.070456,
          -0.306096,
          -0.006031,
          -0.097894,
          -0.358285,
          0.166769,
          -0.131701,
          0.046955,
          0.031279,
          -0.125695,
          -0.140842,
          -0.226965,
          -0.215301,
          -0.018522,
          0.046426,
          -0.25691,
          -0.021759,
          0.162814,
          -0.036567,
          0.173842,
          -0.001215,
          -0.03159,
          -0.013344,
          -0.247412,
          -0.058647,
          0.201187,
          0.08406,
          0.075151,
          -0.202941,
          0.000234,
          0.208639,
          -0.138671,
          -0.132883,
          -0.075804,
          -0.182577,
          -0.042284,
          0.104157,
          -0.290291,
          0.208959,
          0.039549,
          0.038115,
          -0.107464,
          -0.03049,
          0.112815,
          0.006719,
          0.137205,
          0.161782,
          -0.075166,
          -0.139036,
          0.119287,
          0.24535,
          -0.134701,
          -0.073563,
          0.083697,
          0.121591,
          -0.013456,
          0.058646,
          0.232856,
          -0.000787,
          0.0265,
          -0.111866,
          -0.168351,
          -0.043217,
          -0.024521,
          0.159193,
          -0.102516,
          -0.031709,
          0.069581,
          -0.174381,
          0.195088,
          -0.145725,
          -0.009135,
          0.099053,
          -0.093323,
          0.201494,
          -0.044084,
          -0.089316,
          -0.134304,
          -0.060803,
          0.014621,
          0.076678,
          -0.055971,
          -0.300341,
          0.055741,
          -0.103107,
          -0.044794,
          0.059745,
          -0.090248,
          0.239976,
          -0.059514,
          0.001048,
          0.141115,
          -0.089075,
          0.005581,
          0.148876,
          -0.035657,
          -0.250488,
          -0.142144,
          0.042159,
          0.05411,
          -0.286606,
          0.030755,
          0.082846,
          0.030805,
          -0.052904,
          -0.085795,
          0.138613,
          -0.060153,
          0.049778,
          -0.328521,
          -0.060724,
          0.207783,
          -0.017805,
          0.079809,
          0.092264,
          0.067141,
          -0.135038,
          0.200423,
          -0.019019,
          -0.016073,
          0.027926,
          0.249521,
          -0.15462,
          -0.170712,
          -0.121581,
          -0.030676,
          -0.112608,
          -0.2188,
          -0.059718,
          -0.076684,
          -0.04982,
          -0.328628,
          0.151585,
          -0.180199,
          0.173236,
          -0.12367,
          0.12047,
          -0.020213,
          -0.127537,
          -0.163971,
          -0.128952,
          -0.203759,
          -0.12936,
          -0.004225,
          -0.122066,
          0.145734,
          0.101869,
          0.008848,
          -0.07345,
          0.128544,
          0.241912,
          -0.036498,
          0.244897,
          -0.006389,
          0.087027,
          -0.093137,
          -0.06768,
          -0.338245,
          0.029137,
          -0.096824,
          0.147168,
          -0.079279,
          -0.045625,
          0.008538,
          -0.109051,
          0.045454,
          -0.18751,
          -0.053615,
          -0.102277,
          0.097725,
          -0.067929,
          -0.041261,
          -0.01849,
          -0.047324,
          0.098023,
          -0.106683,
          0.025573,
          0.001152,
          -0.067031,
          -0.084188,
          -0.051887,
          -0.351994,
          0.013393,
          -0.13244,
          0.009771,
          0.031794,
          0.133685,
          0.104202,
          0.233553,
          -0.006441,
          -0.043011,
          0.026572,
          0.063661,
          -0.144367,
          -0.134545,
          -0.002776,
          -0.094676,
          -0.042307,
          0.004784,
          -0.163036,
          0.056284,
          -0.319154,
          -0.264498,
          0.05951,
          0.060799,
          -0.022247,
          0.213017,
          0.055031,
          0.164244,
          0.167229,
          0.02515,
          -0.043706,
          -0.021377,
          0.08743,
          0.09485,
          -0.039027,
          0.038927,
          -0.055506,
          0.13371,
          -0.046678,
          0.034865,
          0.256594,
          0.04048,
          0.005862,
          0.087501,
          -0.046061,
          0.036557,
          0.303355,
          0.142085,
          0.055883,
          0.350791,
          -0.110764,
          0.2392,
          0.054433,
          -0.057359,
          -0.097408,
          -0.010608,
          0.039074,
          -0.059578,
          -0.406069,
          -0.088532,
          -0.159775,
          0.091849,
          0.071296,
          -0.016875,
          0.023457,
          0.191181,
          -0.119903,
          0.012848,
          0.115873,
          -0.17939,
          -0.087484,
          -0.072776,
          0.004631,
          -0.174727,
          0.273272,
          0.142722,
          0.104587,
          -0.127297,
          0.090876,
          -0.047384,
          -0.007107,
          0.07068,
          0.195108,
          -0.091875,
          0.140584,
          -0.158176,
          0.027867,
          -0.234536,
          -0.096391,
          -0.030729,
          -0.048201,
          0.077575,
          0.183628,
          0.184651,
          -0.044542,
          0.096028,
          -0.082732,
          -0.004528,
          0.259833,
          0.033319,
          0.124555,
          0.095567,
          0.184279,
          -0.033577,
          -0.051912,
          0.108547,
          -0.051247,
          0.111144,
          0.089275,
          -0.176369,
          -0.048425,
          0.013413,
          0.01275,
          0.00103,
          0.078847,
          -0.062231,
          0.032922,
          -0.215983,
          -0.242443,
          -0.254799,
          -0.119913,
          -0.153162,
          0.182487,
          -0.208392,
          0.146807,
          0.079711,
          0.052949,
          0.039495,
          0.076603,
          -0.072816,
          0.015983,
          -0.091502,
          0.18918,
          -0.124699,
          0.062382,
          0.156703,
          0.181913,
          -0.179817,
          -0.032715,
          -0.117311,
          0.119124,
          -0.189601,
          -0.172268,
          -0.104864,
          -0.169405,
          -0.18133,
          -0.082726,
          0.304845,
          0.011051,
          0.03456,
          -0.079961,
          -0.051651,
          0.098551,
          -0.013819,
          -0.117049,
          0.215347,
          -0.074197,
          0.053971,
          -0.006584,
          0.148515,
          0.23572,
          0.260692,
          0.0693,
          0.078491,
          -0.045128,
          0.148002,
          0.01281,
          0.06905,
          0.056568,
          0.364036,
          -0.014236,
          0.122575,
          0.091673,
          -0.04329,
          0.144889,
          0.034353,
          0.076587,
          -0.017196,
          0.210281,
          -0.080633,
          0.084131,
          0.103931,
          -0.016062,
          0.005868,
          0.236145,
          0.045697,
          0.200343,
          0.155715,
          -0.230809,
          0.067514,
          0.066632,
          -0.106613,
          -0.091476,
          0.012401,
          -0.011527,
          -0.124183,
          0.141828,
          -0.04396,
          -0.091363,
          -0.008868,
          0.107212,
          -0.144369,
          0.186027,
          0.10073,
          0.1449,
          -0.162795,
          0.191474,
          0.009358,
          -0.098019,
          0.031283,
          -0.121345,
          0.018903,
          0.089269,
          0.087209,
          -0.189424,
          0.323304,
          0.21239,
          -0.038364,
          -0.116763,
          0.145562,
          0.047559,
          0.263819,
          -0.081369,
          -0.046805,
          0.084322,
          0.016927,
          -0.21825,
          0.142989,
          0.01378,
          0.092389,
          -0.063801,
          -0.046385,
          0.147812,
          0.087514,
          -0.09284,
          -0.057434,
          -0.14914,
          -0.033537,
          0.250658,
          -0.037978,
          0.266538,
          -0.025936,
          0.080512,
          0.049716,
          -0.091674,
          0.087093,
          -0.202472,
          0.265321,
          -0.147969,
          0.013134,
          -0.085765,
          -0.078834,
          0.126897,
          -0.124398,
          -0.091746,
          0.247563,
          0.011599,
          -0.161699,
          0.121119,
          0.088379,
          0.0252,
          -0.176599,
          -0.123115,
          -0.00472,
          -0.11705,
          -0.106571,
          -0.099471,
          -0.139702,
          -0.013022,
          -0.20941,
          0.13894,
          0.246636,
          -0.221291,
          0.144195,
          -0.253198,
          0.035512,
          0.174454,
          -0.08962,
          0.208878,
          0.090153,
          0.13735,
          -0.151683,
          -0.146878,
          -0.071171,
          0.058031,
          0.185535,
          -0.097511,
          -0.161863,
          0.044185,
          0.006637,
          0.049331,
          0.054188,
          0.002831,
          0.025878,
          -0.012258,
          0.096687,
          -0.102,
          -0.007691,
          -0.053857,
          -0.081145,
          0.10242,
          -0.205117,
          -0.072886,
          -0.058033,
          -0.087315,
          -0.227387,
          0.159357,
          0.012467,
          -0.013025,
          0.030231,
          0.046697,
          -0.003512,
          -0.011833,
          0.126385,
          0.076963,
          -0.141502,
          0.147937,
          0.005263,
          0.243304,
          0.130974,
          -0.083131,
          0.204642,
          0.058543,
          -0.001049,
          -0.073238,
          0.021911,
          0.031245,
          0.241582,
          -0.0245,
          -0.005782,
          0.049553,
          -0.003481,
          -0.16123,
          -0.248677,
          -0.085739,
          -0.10701,
          0.072307,
          -0.098605,
          -0.02015,
          -0.103346,
          -0.042154,
          0.082556,
          0.117208,
          -0.080056,
          0.186095,
          -0.174292,
          -0.1056,
          -0.100922,
          0.067868,
          0.10529,
          0.028919,
          -0.174766,
          -0.062304,
          -0.001503,
          -0.021971,
          -0.032726,
          -0.007578,
          0.022322,
          0.308868,
          -0.004236,
          0.081042,
          0.086067,
          -0.114597,
          -0.031149,
          0.242955,
          -0.159856,
          0.109654,
          0.052466,
          0.091309,
          -0.234829,
          -0.189282,
          0.265922,
          -0.049083,
          -0.053765,
          -0.041132,
          -0.202881,
          -0.253456,
          0.065568,
          0.105052,
          0.183082,
          0.047182,
          0.078897,
          0.173439,
          -0.05828,
          0.010155,
          -0.254502,
          -0.117551,
          -0.116559,
          -0.083717,
          0.009639,
          0.064731,
          -0.154467,
          0.02387,
          -0.227499,
          -0.010511,
          -0.107805,
          0.177642,
          -0.02002,
          -0.013014,
          -0.136183,
          -0.248654,
          0.011987,
          -0.012212,
          -0.030233,
          0.206289,
          -0.022214,
          -0.082159,
          -0.144531,
          0.242833,
          -0.016248,
          0.033396,
          -0.031766,
          -0.143148,
          -0.038946,
          -0.098235,
          -0.093999,
          -0.357406,
          -0.020464,
          0.152205,
          -0.045374,
          0.023277,
          0.081677,
          -0.163066,
          -0.056148,
          -0.022716,
          -0.011117,
          0.018208,
          -0.013441,
          0.163552,
          -0.159742,
          0.098791,
          0.099579,
          -0.012972,
          0.197828,
          -0.04438,
          -0.097566,
          0.209272,
          -0.030139,
          -0.080704,
          -0.131486,
          0.193008,
          -0.166939,
          0.119462,
          0.161934,
          0.056309,
          -0.062754,
          -0.132211,
          -0.134619,
          -0.159632,
          0.124877,
          0.035327,
          0.100952,
          -0.068057,
          0.171464,
          0.097867,
          0.309179,
          -0.107926,
          0.047383,
          0.128673,
          0.051668,
          0.024347,
          0.003947,
          0.070331,
          -0.110187,
          0.110768,
          -0.165433,
          -0.045527,
          -0.078225,
          0.083386,
          -0.03243,
          -0.067022,
          -0.192397,
          0.158023,
          0.047875,
          0.092568,
          -0.234893,
          -0.061776,
          0.247063,
          -0.135163,
          -0.007064,
          0.026046,
          0.119905,
          0.142657,
          -0.103806,
          -0.128534,
          -0.121928,
          -0.073569,
          0.163043,
          0.00669,
          -0.018497,
          -0.139726,
          -0.036766,
          -0.115122,
          -0.236941,
          -0.088519,
          -0.112801,
          -0.212618,
          0.037708,
          0.240207,
          0.115567,
          -0.236844,
          -0.167736,
          -0.014591,
          0.025058,
          -0.047711,
          0.318639,
          -0.122296,
          -0.035444,
          0.008653,
          -0.378748,
          -0.165878,
          -0.163678,
          -0.127454,
          0.075979,
          0.079171,
          -0.051937,
          -0.077453,
          -0.118086,
          -0.036539,
          -0.147621,
          -0.135446,
          -0.223469,
          -0.050402,
          0.014205,
          0.091587,
          0.142779,
          -0.035126,
          -0.372988,
          0.001039,
          -0.029087,
          0.104727,
          0.036668,
          -0.184848,
          -0.158158,
          -0.09219,
          0.068787,
          0.078329,
          0.282636,
          0.319031,
          -0.23046,
          0.04179,
          0.156455,
          -0.08426,
          -0.040404,
          0.052492,
          -0.072279,
          -0.047319,
          -0.117658,
          -0.090747,
          -0.122579,
          -0.131509,
          -0.097779,
          0.10878,
          -0.100122,
          0.17506,
          -0.041581,
          0.215707,
          0.050765,
          0.018295,
          -0.094956,
          -0.014086,
          0.083053,
          -0.273408,
          0.083013,
          -0.173758,
          -0.003395,
          -0.118612,
          -0.065314,
          -0.123251,
          -0.032014,
          0.043393,
          0.109039,
          0.142163,
          0.01168,
          -0.299194,
          -0.016624,
          -0.07225,
          -0.115913,
          -0.221314,
          0.005018,
          -0.039194,
          0.006675,
          0.151047,
          -0.048867,
          0.043349,
          -0.035914,
          -0.114585,
          0.186831,
          -0.078281,
          -0.106655,
          -0.005525,
          -0.108779,
          -0.09599,
          0.021794,
          -0.142399,
          0.099517,
          0.096811,
          -0.051951,
          0.000564,
          -0.043663,
          -0.043369,
          0.152096,
          -0.245339,
          -0.212355,
          0.069578,
          0.164795,
          -0.018482,
          0.017012,
          0.011292,
          -0.004314,
          -0.053273,
          0.118431,
          0.104011,
          0.238048,
          0.206967,
          0.211378,
          0.036204,
          -0.02205,
          -0.149463,
          0.100067,
          0.099999,
          -0.050172,
          -0.012522,
          0.063489,
          -0.416579,
          -0.096799,
          0.034587,
          -0.070954,
          0.105316,
          -0.150548,
          0.179095,
          -0.162227,
          -0.151885,
          0.12112,
          -0.136992,
          0.057894,
          0.377149,
          0.151569,
          0.052951,
          0.075062,
          -0.1367,
          0.072056,
          -0.145972,
          -0.101954,
          0.081126,
          0.086975,
          0.023194,
          -0.190262,
          -0.107221,
          0.102118,
          -0.063975,
          0.256895,
          0.05696,
          -0.04972,
          -0.235304,
          -0.066325,
          -0.31122,
          -0.09521,
          -0.064727,
          -0.190311,
          -0.016087,
          -0.277491,
          -0.292768,
          0.107042,
          0.090059,
          0.21707,
          0.104305,
          -0.197083,
          -0.358891,
          -0.318094,
          0.181704,
          -0.373344,
          -0.005166,
          0.020896,
          0.148848,
          0.133353,
          0.045083,
          -0.356598,
          -0.235941,
          -0.087938,
          -0.076589,
          0.008296,
          -0.256481,
          -0.145092,
          0.226821,
          0.097591,
          0.078274,
          -0.074044,
          -0.107618,
          -0.014384,
          0.20008,
          0.097763,
          0.039898,
          -0.146542,
          -0.346517,
          -0.210772,
          -0.385495,
          -0.236025,
          0.018596,
          -0.07069,
          0.053739,
          0.016592,
          -0.424421,
          -0.297866,
          0.068527,
          -0.025303,
          0.04963,
          0.034353,
          -0.157276,
          0.142088,
          0.048715,
          -0.233766,
          -0.045657,
          0.047171,
          -0.27689,
          0.129331,
          -0.0289,
          -0.12329,
          0.03884,
          0.164055,
          0.166307,
          0.256301,
          0.107721,
          0.008498,
          -0.064656,
          0.161305,
          0.242036,
          0.092084,
          -0.102908,
          0.127794,
          -0.006441,
          0.275544,
          -0.135117,
          -0.032013,
          0.257542,
          0.00061,
          -0.010815,
          0.055959,
          0.011755,
          0.166265,
          -0.082437,
          -0.035989,
          0.005042,
          -0.032774,
          -0.031138,
          -0.075124,
          0.221372,
          -0.075238,
          -0.193989,
          0.042092,
          -0.187044,
          0.038334,
          -0.3007,
          -0.295831,
          -0.172191,
          0.077848,
          0.002024,
          -0.229315,
          0.014634,
          0.031972,
          -0.013795,
          -0.169275,
          0.255863,
          -0.214788,
          -0.202616,
          -0.07459,
          -0.088384,
          -0.26158,
          0.025888,
          0.015388,
          0.157752,
          0.080143,
          0.072382,
          0.016344,
          0.066768,
          0.11785,
          0.016322,
          0.001178,
          0.054238,
          0.100699,
          -0.044213,
          0.039891,
          -0.436232,
          -0.16518,
          -0.100068,
          -0.076345,
          0.079687,
          0.099319,
          -0.067086,
          -0.089274,
          -0.362673,
          -0.010179,
          0.039729,
          0.061203,
          -0.150685,
          -0.043989,
          0.013,
          0.216621,
          0.08629,
          0.018122,
          -0.03889,
          0.156475,
          0.026343,
          -0.01667,
          0.2473,
          -0.095382,
          0.227114,
          -0.071235,
          0.097221,
          -0.078505,
          -0.069053,
          -0.016121,
          -0.158055,
          -0.332469,
          -0.018511,
          -0.129156,
          -0.037861,
          0.002328,
          0.03379,
          -0.039453,
          0.016262,
          -0.061153,
          0.041886,
          -0.062522,
          -0.026566,
          0.013903,
          -0.165257,
          -0.042695,
          -0.1042,
          -0.046346,
          -0.1859,
          0.020215,
          -0.148303,
          -0.224649,
          -0.091694,
          0.188355,
          0.090428,
          0.172542,
          0.033267,
          -0.172625,
          -0.023971,
          0.079536,
          -0.024737,
          0.120923,
          0.155551,
          -0.158822,
          0.162971,
          0.049248,
          0.155718,
          -0.286223,
          -0.043097,
          0.266925,
          0.12444,
          0.206862,
          -0.094529,
          0.203842,
          0.131468,
          0.050984,
          -0.00296,
          0.088561,
          -0.096791,
          0.19943,
          -0.201448,
          -0.047487,
          0.111114,
          0.025187,
          -0.072546,
          -0.205813,
          -0.124967,
          -0.217565,
          -0.179342,
          0.163356,
          -0.046668,
          -0.097635,
          0.184606,
          0.099269,
          0.038191,
          -0.125553,
          0.122722,
          -0.128962,
          0.146351,
          0.216412,
          0.277834,
          0.075179,
          -0.173503,
          -0.083463,
          -0.05236,
          0.084608,
          -0.092074,
          0.125818,
          0.054877,
          -0.018109,
          0.201123,
          -0.114754,
          -0.13275,
          0.018061,
          0.074207,
          0.205355,
          -0.03783,
          -0.147223,
          0.018868,
          -0.211955,
          0.030249,
          -0.028019,
          0.130111,
          -0.201167,
          0.029807,
          0.023553,
          0.115407,
          0.011271,
          0.247837,
          -0.111921,
          -0.024072,
          -0.028514,
          -0.099581,
          0.206566,
          -0.005594,
          -0.183663,
          0.036357,
          0.076913,
          -0.060637,
          0.086822,
          0.289405,
          -0.165216,
          -0.218928,
          0.215737,
          0.082922,
          0.039374,
          -0.094409,
          -0.011791,
          0.150187,
          0.053725,
          -0.05032,
          0.250486,
          -0.061902,
          -0.122242,
          -0.063881,
          -0.162684,
          0.086194,
          0.020184,
          -0.056067,
          0.088179,
          -0.228537,
          -0.010051,
          0.107274,
          -0.045679,
          -0.094041,
          -0.040217,
          0.078382,
          0.108408,
          -0.260701,
          -0.082156,
          0.097407,
          -0.167861,
          0.284004,
          0.027239,
          -0.028769,
          -0.098522,
          -0.188369,
          -0.213608,
          0.065373,
          -0.0336,
          -0.051387,
          -0.171833,
          0.054351,
          0.118065,
          0.001954,
          0.012261,
          -0.094193,
          0.208212,
          -0.077046,
          -0.002418,
          -0.210377,
          -0.097716,
          0.111492,
          0.156061,
          -0.242906,
          -0.194595,
          0.047145,
          0.029576,
          -0.074551,
          0.119771,
          0.191063,
          0.004145,
          -0.08719,
          0.065747,
          0.243619,
          -0.072929,
          -0.105781,
          -0.117915,
          0.021111,
          -0.109455,
          -0.04017,
          -0.034289,
          0.132618,
          -0.097247,
          -0.166406,
          0.041408,
          0.327984,
          0.072365,
          0.286546,
          -0.127888,
          0.130368,
          -0.201585,
          0.040738,
          -0.213433,
          -0.224877,
          -0.026316,
          -0.004273,
          -0.246774,
          0.235074,
          -0.010857,
          -0.06835,
          -0.177038,
          -0.224328,
          -0.05236,
          0.0528,
          -0.075264,
          -0.230616,
          0.037944,
          0.146156,
          0.110343,
          0.040518,
          -0.053657,
          0.243886,
          0.179287,
          0.05451,
          -0.129401,
          0.201651,
          0.052822,
          -0.059584,
          -0.006067,
          -0.066832,
          -0.172912,
          -0.27927,
          -0.156835,
          -0.061752,
          0.025272,
          -0.065508,
          0.002465,
          0.052457,
          -0.227204,
          -0.011847,
          0.242328,
          -0.131313,
          0.039587,
          0.102207,
          -0.022622,
          0.090237,
          0.066644,
          0.090594,
          0.306754,
          0.170677,
          0.155706,
          0.018567,
          0.403142,
          0.271198,
          0.41052,
          -0.004675,
          0.013319,
          -0.106334,
          0.306299,
          -0.037812,
          0.161705,
          0.123887,
          0.27802,
          0.015256,
          0.275491,
          0.084488,
          -0.277723,
          -0.127325,
          -0.145147,
          0.198443,
          -0.059029,
          0.095257,
          0.08781,
          -0.146511,
          0.046384,
          0.202319,
          0.159195,
          0.089398,
          0.070787,
          0.014862,
          -0.019457,
          -0.06713,
          0.060862,
          0.102572,
          -0.084506,
          -0.351893,
          -0.028547,
          0.140621,
          0.031527,
          0.240049,
          0.056153,
          -0.178084,
          -0.096395,
          -0.024201,
          0.148481,
          0.138131,
          0.131912,
          0.044062,
          0.008403,
          -0.023527,
          0.137584,
          -0.06129,
          -0.258204,
          -0.217678,
          0.170244,
          0.219276,
          -0.232599,
          0.116834,
          0.164014,
          0.135657,
          -0.021862,
          -0.318168,
          0.057112,
          -0.033305,
          0.131801,
          -0.063261,
          0.001258,
          -0.107366,
          0.001819,
          0.174141,
          -0.011687,
          0.109377,
          -0.112098,
          0.171501,
          0.186934,
          -0.176237,
          0.102237,
          -0.024678,
          0.284534,
          0.114211,
          -0.115718,
          0.096797,
          -0.152589,
          0.109517,
          0.032039,
          0.140722,
          0.052776,
          -0.110829,
          0.024026,
          0.101031,
          0.135772,
          0.044972,
          0.035013,
          -0.172029,
          -0.130536,
          0.033892,
          0.080281,
          -0.038604,
          0.130426,
          -0.164335,
          0.151509,
          -0.061004,
          0.101542,
          0.259479,
          0.126195,
          0.094469,
          0.002383,
          0.031565,
          -0.012713,
          -0.144977,
          -0.077467,
          9.8e-05,
          0.019453,
          0.206424,
          0.044086,
          0.066085,
          0.005712,
          -0.242952,
          0.168966,
          -0.142822,
          0.190462,
          0.020696,
          -0.023654,
          -0.219133,
          -0.066766,
          -0.088051,
          0.212643,
          -0.040552,
          0.066085,
          -0.01004,
          -0.175508,
          -0.081095,
          0.101305,
          0.055271,
          0.118457,
          0.072737,
          0.123756,
          0.067586,
          -0.003834,
          0.190502,
          0.05552,
          -0.086173,
          0.027153,
          -0.37311,
          0.161495,
          -0.019774,
          -0.057344,
          -0.057073,
          0.011483,
          0.011894,
          -0.069882,
          0.133748,
          0.186896,
          -0.200528,
          -0.0454,
          0.001902,
          0.236968,
          0.299679,
          -0.005369,
          -0.20565,
          -0.064739,
          0.146416,
          -0.081062,
          0.30256,
          -0.005424,
          0.0143,
          -0.020729,
          -0.085672,
          0.140359,
          -0.249071,
          -0.141138,
          -0.095995,
          0.089012,
          0.07305,
          0.096508,
          -0.207405,
          0.023415,
          0.008756,
          -0.100421,
          -0.190875,
          -0.079794,
          -0.019899,
          -0.164442,
          -0.01615,
          -0.129572,
          -0.282351,
          -0.159628,
          -0.199851,
          0.080123,
          0.032418,
          -0.125357,
          0.137182,
          -0.128768,
          -0.054832,
          -0.19489,
          0.13066,
          0.09256,
          -0.105899,
          0.088113,
          0.069495,
          -0.140642,
          -0.139743,
          -0.180194,
          -0.119614,
          0.125926,
          0.00429,
          -0.015022,
          0.044648,
          0.028068,
          -0.111097,
          -0.096157,
          -0.303421,
          0.002279,
          -0.137011,
          -0.084917,
          -0.098688,
          -0.16371,
          0.093624,
          0.001253,
          0.242048,
          0.03973,
          -0.127905,
          0.033425,
          0.037574,
          0.344981,
          0.010689,
          0.048618,
          -0.087577,
          -0.066784,
          -0.131734,
          -0.077007,
          0.083416,
          0.110884,
          0.195041,
          -0.072113,
          0.295465,
          -0.165631,
          -0.039115,
          0.238068,
          -0.049834,
          -0.173539,
          -0.150928,
          0.031592,
          0.065608,
          -0.103961,
          -0.085873,
          -0.066881,
          -0.012272,
          0.096977,
          0.029394,
          0.092777,
          0.00886,
          -0.230531,
          0.07254,
          -0.025712,
          -0.087097,
          0.117397,
          -0.154683,
          0.067642,
          -0.237754,
          0.068402,
          0.211458,
          -0.036979,
          0.189725,
          0.198107,
          -0.014539,
          0.151556,
          -0.076059,
          0.214754,
          -0.184481,
          -0.001997,
          -0.071968,
          -0.08556,
          -0.117195,
          -0.068621,
          0.163091,
          0.030774,
          -0.005456,
          -0.015395,
          -0.222267,
          -0.068395,
          0.138049,
          -0.125467,
          0.313574,
          0.14147,
          0.134229,
          -0.049673,
          0.08872,
          -0.031991,
          0.098985,
          0.107027,
          -0.120075,
          -0.159237,
          -0.124514,
          0.045189,
          -0.106822,
          -0.029532,
          -0.116529,
          -0.161145,
          0.074723,
          0.016491,
          0.158408,
          0.045095,
          -0.058879,
          -0.099185,
          -0.038576,
          0.084188,
          -0.017892,
          0.0938,
          -0.129246,
          0.021097,
          -0.083694,
          -0.091682,
          0.030379,
          -0.142705,
          0.107801,
          0.078449,
          0.490578,
          0.050356,
          0.119686,
          -0.118306,
          -0.00344,
          -0.153799,
          0.04712,
          0.117246,
          -0.015377,
          0.037524,
          -0.199192,
          -0.125147,
          0.365028,
          -0.054447,
          0.346335,
          0.289988,
          -0.087917,
          0.147752,
          -0.303008,
          0.05653,
          -0.121374,
          -0.114044,
          0.017437,
          0.02959,
          -0.043431,
          -0.093607,
          0.013178,
          -0.096063,
          0.05907,
          0.064511,
          0.080038,
          0.035914,
          0.140098,
          0.086761,
          -0.154801,
          -0.264558,
          0.318509,
          -0.162599,
          0.032946,
          -0.068844,
          -0.076378,
          0.022373,
          -0.034959,
          -0.034379,
          -0.040683,
          -0.104367,
          0.139219,
          -0.08781,
          0.123341,
          -0.077231,
          0.091462,
          0.137566,
          -0.053513,
          -0.135993,
          0.177818,
          0.026803,
          0.087311,
          -0.155661,
          -0.100183,
          -0.046958,
          -0.053059,
          -0.005949,
          0.032603,
          -0.017409,
          0.015126,
          -0.190501,
          0.146603,
          0.343721,
          -0.078658,
          0.183691,
          -0.17039,
          -0.134981,
          0.201685,
          -0.073193,
          0.105604,
          0.014503,
          0.282534,
          0.275652,
          0.131937,
          -0.186291,
          0.025111,
          -0.074001,
          0.185454,
          0.1395,
          -0.052163,
          0.013788,
          -0.007799,
          -0.008513,
          -0.229051,
          -0.212547,
          -0.033967,
          -0.247295,
          0.025085,
          -0.143173,
          -0.002816,
          0.278621,
          0.00333,
          0.113041,
          0.001428,
          -0.20615,
          0.070616,
          0.202379,
          -0.029431,
          0.03743,
          -0.192013,
          0.218057,
          -0.342473,
          -0.030688,
          0.215914,
          0.081654,
          0.200704,
          -0.14011,
          -0.042168,
          -0.000527,
          0.178201,
          -0.033635,
          0.048374,
          0.065525,
          0.075538,
          0.172028,
          -0.057436,
          -0.093664,
          0.056275,
          -0.143111,
          -0.000866,
          0.111331,
          0.115474,
          -0.011598,
          0.080548,
          0.092423,
          0.090004,
          0.209777,
          -0.221491,
          -0.196615,
          -0.074797,
          -0.00937,
          -0.003965,
          0.055981,
          0.025859,
          -0.138708,
          -0.159341,
          0.270659,
          0.136223,
          -0.156499,
          0.148028,
          0.068311,
          -0.033941,
          -0.000194,
          -0.149337,
          0.105476,
          -0.160075,
          0.008838,
          0.104774,
          0.246605,
          0.020731,
          -0.002999,
          0.115718,
          0.109707,
          -0.038694,
          0.061038,
          -0.157878,
          -0.066324,
          0.295485,
          -0.05834,
          0.035443,
          0.031434,
          0.014255,
          0.05289,
          0.102587,
          0.086154,
          0.018509,
          -0.058791,
          -0.11752,
          -0.164059,
          -0.230025,
          0.131378,
          -0.230208,
          -0.028547,
          0.039954,
          0.060639,
          0.172114,
          0.120888,
          0.232271,
          -0.161673,
          -0.101341,
          0.252202,
          -0.103927,
          -0.051639,
          0.122534,
          -0.136974,
          0.015746,
          -0.228172,
          -0.200522,
          0.154688,
          0.026841,
          -0.251878,
          0.296753,
          -0.213877,
          -0.06082,
          0.053567,
          -0.122166,
          -0.091481,
          -0.009333,
          0.140083,
          0.013677,
          0.168406,
          0.021264,
          0.145079,
          -0.088468,
          0.0046,
          0.111424,
          0.169031,
          0.041603,
          -0.062106,
          -0.040838,
          0.063074,
          0.053522,
          0.028291,
          -0.017003,
          0.1768,
          0.106493,
          0.127158,
          -0.194046,
          -0.134074,
          0.196657,
          0.110868,
          -0.035596,
          0.102942,
          0.0814,
          -0.163129,
          0.208682,
          0.172743,
          0.148759,
          0.066622,
          0.113777,
          0.100305,
          -0.142855,
          -0.052227,
          -0.1057,
          0.182236,
          -0.019616,
          -0.106643,
          -0.076723,
          -0.170739,
          -0.082672,
          0.137662,
          -0.079888,
          0.029192,
          -0.033774,
          0.058769,
          -0.056663,
          -0.047424,
          0.263066,
          0.056843,
          0.099803,
          -0.059373,
          -0.162883,
          0.067506,
          0.098857,
          -0.044253,
          0.044552,
          -0.014291,
          0.190531,
          -0.0225,
          0.069109,
          0.189739,
          0.166421,
          -0.050407,
          -0.345176,
          0.088309,
          -0.372689,
          -0.092647,
          0.078249,
          -0.036729,
          0.000982,
          0.258198,
          -0.027078,
          0.000227,
          0.038102,
          -0.07823,
          0.099627,
          -0.049754,
          0.034581,
          0.006439,
          -0.137518,
          0.063682,
          -0.066948,
          0.110581,
          0.267933,
          0.037846,
          0.001603,
          -0.191233,
          0.030129,
          -0.187262,
          -0.060545,
          0.255057,
          0.102802,
          -0.030198,
          0.035903,
          -0.067518,
          -0.024236,
          -0.17186,
          -0.253952,
          -0.191252,
          0.224311,
          -0.06582,
          -0.081709,
          -0.138306,
          -0.089055,
          -0.014913,
          -0.056967,
          -0.148718,
          0.21007,
          0.191098,
          0.230561,
          -0.072883,
          0.165783,
          0.154803,
          0.174628,
          0.366635,
          0.172057,
          -0.057808,
          0.014962,
          0.319445,
          -0.176687,
          0.02502,
          0.258598,
          0.272541,
          -0.205189,
          0.072264,
          0.366826,
          0.034702,
          -0.197767,
          0.011641,
          -0.164748,
          0.028388,
          0.056641,
          -0.079438,
          0.424928,
          -0.142819,
          -0.047828,
          0.057004,
          0.173684,
          0.133615,
          0.056793,
          0.014746,
          -0.106206,
          0.045849,
          0.244997,
          0.072257,
          -0.102597,
          -0.011337,
          -0.401252,
          -0.008771,
          0.001872,
          0.07699,
          -0.043826,
          0.259643,
          0.046248,
          -0.124139,
          -0.218865,
          0.102061,
          -0.007082,
          0.009441,
          0.260383,
          -0.307678,
          -0.096268,
          0.098473,
          0.21549,
          0.166162,
          0.362399,
          0.03524,
          -0.066052,
          0.25242,
          0.216716,
          0.025008,
          -0.085043,
          -0.133593,
          0.301625,
          0.28036,
          0.322394,
          0.013083,
          -0.078105,
          -0.066492,
          0.176328,
          0.153334,
          -0.015709,
          -0.028797,
          -0.067281,
          0.323016,
          -0.029582,
          -0.008979,
          0.324298,
          0.043632,
          -0.211103,
          0.04061,
          -0.033718,
          0.134586,
          0.057002,
          0.085397,
          -0.068213,
          -0.042919,
          0.220994,
          0.010578,
          0.085702,
          -0.079357,
          -0.232583,
          0.008883,
          -0.105195,
          0.190076,
          0.114674,
          0.194503,
          0.196488,
          0.125456,
          0.19624,
          -0.05417,
          0.133979,
          0.204595,
          -0.1049,
          0.083489,
          0.218466,
          0.035223,
          0.110648,
          0.020443,
          0.00716,
          -0.17911,
          0.076141,
          -0.006133,
          0.103465,
          -0.213847,
          -0.061735,
          0.090986,
          0.170953,
          0.065533,
          0.018918,
          -0.112585,
          -0.002498,
          -0.31817,
         