# Chunk number: 19 of 37

005043,
      0.342752,
      0.066579,
      -0.145012,
      -0.389082,
      -0.253747,
      0.226154,
      0.550157,
      0.137385,
      0.210445,
      -0.318716,
      0.423339,
      -0.433192,
      -0.303942,
      -0.210319,
      -0.144501,
      -0.016636,
      -0.055732,
      -0.311829,
      0.145171,
      -0.240738,
      0.334781,
      0.050308,
      -0.334425,
      0.139823,
      0.185712,
      -0.09461,
      -0.056572,
      0.532805,
      -0.062362,
      0.235806,
      0.098995,
      0.152817,
      -0.413833,
      -0.312612,
      0.507071,
      0.30572,
      0.448258,
      -0.070638,
      0.385798,
      0.184152,
      -0.322742,
      -0.218993,
      0.401865,
      0.223904,
      0.415716,
      0.418059,
      0.410135,
      -0.224705,
      -0.049793,
      -0.028021,
      -0.117441,
      -0.502064,
      0.477045,
      0.124338,
      0.249504,
      0.331493,
      0.097834,
      0.464895,
      0.361779,
      0.615422,
      -0.519957,
      0.071995,
      0.295669,
      -0.00449,
      -0.190772,
      0.131361,
      0.134617,
      0.285764,
      0.60279,
      0.502013,
      -0.376845,
      0.465795,
      0.521401,
      0.285823,
      -0.333575,
      0.323941,
      -0.104653,
      -0.268626,
      -0.335871,
      0.019834,
      -0.04152,
      0.063089,
      0.211338,
      -0.134364,
      0.07795,
      0.367221,
      0.443125,
      0.492922,
      -0.266768,
      0.083467,
      0.321283,
      -0.025106,
      0.231082,
      0.349226,
      -0.430599,
      0.216397,
      0.013962,
      0.235614,
      0.440697,
      0.104859,
      0.086211,
      0.365581,
      0.199701,
      0.486864,
      0.350753,
      0.271136,
      -0.010265,
      0.365337,
      -0.098547,
      0.484828,
      -0.400843,
      0.157249,
      0.260006,
      0.209969,
      0.107898,
      0.104838,
      0.243292,
      -0.166444,
      -0.212703,
      0.210349,
      0.22947,
      -0.193018,
      0.148815,
      -0.129068,
      -0.354689,
      0.272867,
      0.251071,
      -0.089772,
      0.132426,
      -0.154832,
      0.12771,
      0.028656,
      -0.181772,
      0.264156,
      -0.520848,
      -0.27121,
      -0.179146,
      0.246809,
      0.185496,
      -0.241846,
      0.331054,
      0.467328,
      -0.094336,
      -0.102992,
      0.303914,
      0.007812,
      0.302424,
      0.133754,
      0.045887,
      0.293549,
      0.22717,
      0.028698,
      -0.180554,
      0.169193,
      0.019099,
      0.044405,
      0.096115,
      -0.172308,
      0.009036,
      0.506688,
      -0.053949,
      0.265904,
      0.333353,
      0.462253,
      -0.261566,
      -0.345136,
      -0.023996,
      0.065915,
      0.39366,
      -0.05063,
      -0.287911,
      -0.349776,
      -0.052101,
      -0.210314,
      0.122017,
      -0.490427,
      0.319477,
      0.115779,
      -0.428075,
      -0.273596,
      -0.197706,
      0.306479,
      0.189376,
      -0.480448,
      -0.294664,
      -0.396033,
      0.516363,
      -0.324937,
      0.272194,
      -0.025781,
      0.441996,
      -0.379026,
      0.330013,
      -0.282487,
      0.119227,
      0.581617,
      0.198011,
      0.387668,
      0.261273,
      0.215235,
      -0.408658,
      0.125959,
      0.322834,
      0.232881,
      -0.068481,
      0.288429,
      0.609278,
      -0.413536,
      -0.165821,
      -0.395671,
      0.434094,
      0.431953,
      0.196995,
      0.33468,
      0.735408,
      -0.39534,
      0.237485,
      0.222322,
      0.218554,
      -0.474758,
      0.252878,
      0.263177,
      -0.229121,
      0.69467,
      0.348105,
      0.068985,
      -0.671141,
      0.448375,
      -0.373989,
      -0.350041,
      0.104027,
      -0.661886,
      0.202232,
      -0.440044,
      0.686922,
      0.42678,
      0.684705,
      -0.286569,
      0.285346,
      0.650617,
      0.415018,
      0.574069,
      -0.745319,
      0.287846,
      0.023199,
      -0.216843,
      0.6055,
      -0.664644,
      0.47074,
      0.527563,
      0.600955,
      -0.114595,
      -0.293621,
      -0.507958,
      -0.325132,
      0.173198,
      -0.075399,
      0.494031,
      -0.080569,
      -0.481588,
      0.438824,
      -0.039271,
      -0.010089,
      0.248408,
      0.273037,
      0.378985,
      -0.091814,
      0.206569,
      -0.266858,
      0.462422,
      -0.168213,
      0.352901,
      0.281372,
      -0.148695,
      0.233145,
      0.533616,
      0.408613,
      0.551955,
      0.514827,
      -0.094892,
      -0.030688,
      -0.216796,
      -0.678644,
      -0.005587,
      -0.300803,
      0.354452,
      0.476652,
      0.526926,
      0.618016,
      0.582792,
      -0.179019,
      0.109568,
      -0.352134,
      0.673913,
      -0.391055,
      0.386892,
      -0.256934,
      0.284928,
      -0.238242,
      0.441693,
      -0.116653,
      0.437817,
      0.361833,
      0.062806,
      -0.277892,
      -0.416334,
      -0.415595,
      -0.425829,
      0.58031,
      0.292911,
      -0.158084,
      -0.047498,
      0.549174,
      -0.389296,
      -0.43277,
      0.765607,
      -0.482641,
      -0.367987,
      0.295484,
      0.362503,
      0.067907,
      0.227508,
      -0.073449,
      -0.111329,
      -0.373073,
      0.055069,
      -0.512426,
      0.337257,
      0.031056,
      0.444752,
      0.254787,
      -0.144077,
      0.231531,
      -0.116528,
      0.423776,
      -0.120838,
      -0.490228,
      0.216197,
      0.588422,
      -0.460731,
      0.385099,
      0.236058,
      0.429195,
      0.355488,
      -0.518963,
      0.425272,
      0.480594,
      0.111577,
      -0.316633,
      0.565989,
      0.327596,
      0.313117,
      -0.00409,
      -0.093397,
      0.431767,
      0.384457,
      -0.074807,
      0.598442,
      0.572528,
      0.516595,
      0.34463,
      0.21384,
      -0.074807,
      0.124649,
      0.071319,
      0.415834,
      -0.121993,
      0.526827,
      -0.084375,
      0.338767,
      0.262114,
      0.380996,
      -0.209493,
      -0.41816,
      0.121577,
      -0.045473,
      -0.117647,
      -0.06808,
      -0.274728,
      0.348096,
      -0.010437,
      0.071891,
      0.370469,
      -0.103934,
      0.268712,
      -0.225336,
      0.479816,
      0.177846,
      -0.351787,
      -0.057549,
      0.207989,
      0.600917,
      0.10549,
      -0.060264,
      0.013323,
      0.395225,
      -0.112172,
      0.550199,
      -0.096042,
      -0.250131,
      -0.240956,
      -0.063828,
      0.220697,
      0.242792,
      -0.341128,
      0.280051,
      -0.257835,
      0.380889,
      -0.110994,
      -0.277287,
      0.317744,
      -0.037281,
      -0.01244,
      -0.103031,
      0.449198,
      -0.225159,
      0.141145,
      -0.274392,
      0.018918,
      -0.264592,
      0.342437,
      -0.184586,
      0.566971,
      0.21258,
      0.55982,
      0.173496,
      0.042531,
      0.222657,
      0.543206,
      -0.273719,
      0.312601,
      0.009719,
      0.072079,
      0.250361,
      0.152493,
      -0.407923,
      -0.246069,
      -0.115369,
      0.080584,
      0.323956,
      0.185397,
      0.66286,
      -0.075261,
      -0.247446,
      -0.410088,
      0.537836,
      -0.175305,
      -0.109906,
      -0.180339,
      -0.130216,
      -0.287525,
      -0.294527,
      0.310375,
      0.206059,
      -0.35926,
      -0.05198,
      0.295136,
      -0.111827,
      0.007318,
      -0.079092,
      -0.016793,
      0.087906,
      -0.394596,
      -0.169046,
      0.18805,
      -0.410411,
      0.133504,
      -0.021763,
      0.320964,
      -0.100678,
      0.19531,
      0.345694,
      0.077603,
      0.042632,
      0.230272,
      0.398347,
      0.040757,
      -0.220759,
      -0.094765,
      -0.332323,
      0.133529,
      0.431085,
      0.029091,
      -0.047623,
      -0.384533,
      -0.235323,
      0.247443,
      -0.278473,
      0.540165,
      0.245871,
      0.24304,
      0.186588,
      0.470363,
      -0.096339,
      0.304598,
      -0.259517,
      0.004308,
      0.308867,
      -0.319164,
      0.593291,
      0.189378,
      0.236895,
      0.342876,
      -0.099513,
      0.147076,
      0.036201,
      0.293206,
      0.172,
      -0.420868,
      -0.033811,
      0.294573,
      -0.090671,
      -0.042576,
      -0.119664,
      0.001498,
      0.192485,
      0.066049,
      0.219882,
      -0.201417,
      0.197819,
      -0.348175,
      0.613905,
      -0.106757,
      0.168575,
      -0.197141,
      -0.270357,
      0.401736,
      -0.31189,
      0.450822,
      -0.076397,
      0.041195,
      -0.125638,
      0.060811,
      -0.00199,
      -0.176892,
      -0.144264,
      0.222287,
      0.394797,
      -0.205988,
      0.272223,
      0.088699,
      -0.200498,
      0.524238,
      -0.223949,
      0.134755,
      0.025255,
      0.460695,
      -0.327425,
      0.047375,
      0.160686,
      0.173151,
      -0.079112,
      0.348142,
      -0.151267,
      0.576063,
      0.044785,
      -0.220261,
      0.291278,
      0.134593,
      -0.345123,
      -0.113724,
      0.405192,
      0.178644,
      -0.10553,
      -0.221481,
      0.092729,
      -0.32161,
      -0.214494,
      -0.467832,
      0.18366,
      -0.20852,
      -0.243976,
      0.265267,
      -0.559886,
      0.033111,
      -0.398369,
      -0.237492,
      0.012758,
      0.309521,
      -0.351807,
      0.413946,
      0.122181,
      0.102696,
      0.395338,
      0.236105,
      0.358253,
      -0.649729,
      -0.482009,
      -0.052388,
      -0.227913,
      -0.167341,
      -0.48064,
      -0.51344,
      0.161806,
      0.679234,
      -0.511504,
      0.110978,
      0.332519,
      -0.416708,
      0.27616,
      0.290966,
      0.159246,
      -0.209213,
      -0.340418,
      -0.071162,
      -0.277475,
      -0.380717,
      0.196786,
      -0.524241,
      -0.181888,
      -0.566607,
      -0.443949,
      -0.351742,
      -0.673642,
      -0.057052,
      -0.395164,
      0.470226,
      0.044195,
      0.267818,
      0.235632,
      0.362325,
      -0.484064,
      0.041717,
      -0.124479,
      -0.058465,
      -0.41339,
      0.008958,
      -0.085359,
      0.175384,
      0.557551,
      0.455184,
      0.291062,
      -0.445077,
      0.408653,
      0.08241,
      -0.601038,
      0.028302,
      -0.378623,
      -0.561155,
      -0.624085,
      -0.165098,
      -0.097809,
      -0.332565,
      0.520927,
      0.365352,
      0.133734,
      -0.384898,
      0.518124,
      0.180509,
      0.654216,
      -0.830064,
      0.494197,
      -0.432994,
      -0.735924,
      -0.538642,
      0.407914,
      -0.384413,
      0.338338,
      0.565832,
      0.597067,
      0.299577,
      -0.123704,
      -0.327293,
      0.042105,
      -0.619552,
      0.394482,
      -0.257781,
      0.484193,
      0.529952,
      -0.004886,
      0.262413,
      0.29529,
      0.087405,
      -0.129571,
      -0.494645,
      -0.288598,
      -0.292669,
      -0.562101,
      0.224702,
      -0.532218,
      0.335842,
      0.356188,
      0.128755,
      0.737629,
      -0.052687,
      -0.131667,
      -0.104428,
      -0.022111,
      -0.177271,
      -0.332282,
      0.390137,
      0.40967,
      0.373985,
      0.062408,
      0.26967,
      0.225333,
      -0.272334,
      0.475414,
      0.703411,
      0.505504,
      -0.464759,
      -0.233555,
      0.356352,
      -0.438265,
      0.25189,
      0.709527,
      0.15,
      0.4074,
      0.006304,
      0.290997,
      0.769004,
      0.309717,
      0.743008,
      -0.47702,
      -0.02461,
      -0.027174,
      0.018602,
      0.47876,
      0.543834,
      0.07401,
      0.274016,
      0.110303,
      -0.161811,
      0.091475,
      0.256876,
      -0.199908,
      0.324611,
      0.336998,
      0.479027,
      0.019243,
      0.210907,
      -0.577203,
      0.15697,
      0.095819,
      -0.380893,
      0.354239,
      0.449906,
      -0.625621,
      0.314926,
      -0.038082,
      0.518866,
      -0.004061,
      0.216291,
      0.333796,
      -0.115482,
      -0.176372,
      0.473042,
      0.421701,
      -0.159687,
      -0.384157,
      0.146155,
      0.053719,
      -0.672099,
      -0.362049,
      -0.510342,
      -0.067933,
      0.104478,
      0.503399,
      0.086121,
      0.312694,
      0.419371,
      0.465456,
      0.224574,
      -0.167358,
      0.014874,
      0.380706,
      -0.114687,
      0.016978,
      0.534011,
      0.324241,
      0.003245,
      -0.29743,
      0.470553,
      0.14143,
      -0.249044,
      -0.192377,
      -0.107517,
      0.008061,
      -0.429965,
      0.312272,
      0.168587,
      0.023458,
      0.197469,
      0.20337,
      0.282539,
      0.167932,
      -0.035248,
      -0.191347,
      0.122816,
      -0.091908,
      -0.375566,
      0.434957,
      -0.281138,
      0.227571,
      0.485479,
      0.401116,
      -0.040661,
      0.20027,
      -0.074562,
      0.159304,
      -0.121198,
      0.270738,
      -0.175119,
      0.340191,
      0.442411,
      0.271406,
      0.30355,
      0.3515,
      0.248522,
      -0.045143,
      -0.335732,
      0.378582,
      0.284402,
      -0.048545,
      0.134597,
      -0.113798,
      0.110822,
      0.308405,
      0.490912,
      -0.471455,
      -0.192184,
      -0.050058,
      -0.304454,
      0.065626,
      0.023531,
      0.065512,
      -0.191005,
      0.592998,
      0.137334,
      0.054004,
      0.535786,
      -0.299173,
      0.316782,
      0.028409,
      0.252957,
      -0.104406,
      -0.0269,
      0.243055,
      -0.039621,
      -0.011568,
      0.365952,
      0.328163,
      -0.109139,
      0.202938,
      -0.245544,
      0.336742,
      -0.137688,
      0.41523,
      0.407007,
      0.375011,
      0.301801,
      0.373547,
      0.487977,
      0.043979,
      0.155882,
      -0.470439,
      0.113956,
      -0.002359,
      -0.27734,
      0.270145,
      -0.190624,
      0.205707,
      0.205135,
      0.172303,
      0.406048,
      0.212753,
      0.346424,
      0.167855,
      0.043905,
      -0.128881,
      0.214047,
      0.289434,
      0.515378,
      0.095254,
      0.101127,
      0.191626,
      0.056812,
      0.12393,
      0.062956,
      -0.24402,
      -0.011387,
      0.273284,
      -0.069405,
      0.083152,
      0.507699,
      -0.071575,
      0.499587,
      0.302355,
      0.293135,
      0.091588,
      -0.145775,
      -0.023467,
      -0.439127,
      0.148552,
      0.335008,
      0.005927,
      -0.183448,
      -0.030762,
      0.300209,
      0.145561,
      -0.064139,
      0.195264,
      0.264725,
      0.223291,
      0.060779,
      0.124584,
      0.064237,
      0.399755,
      -0.154012,
      0.236535,
      0.231265,
      0.0906,
      0.092554,
      -0.020353,
      0.457393,
      -0.013615,
      0.634592,
      0.039386,
      0.142841,
      -0.103248,
      0.253225,
      -0.028281,
      0.403265,
      0.156163,
      -0.332539,
      -0.288686,
      0.004181,
      0.002781,
      0.130342,
      -0.272294,
      -0.006879,
      -0.155777,
      0.008751,
      0.03678,
      0.073985,
      0.209157,
      0.000239,
      0.370263,
      0.188785,
      -0.204481,
      -0.046254,
      0.101938,
      0.305461,
      -0.057209,
      0.428345,
      0.275138,
      0.198744,
      0.383197,
      0.099958,
      -0.057629,
      -0.056103,
      0.190538,
      0.420259,
      -0.097103,
      0.021209,
      -0.263126,
      -0.384286,
      0.266799,
      -0.463599,
      -0.315185,
      0.433349,
      -0.671227,
      0.39002,
      0.512552,
      -0.398874,
      -0.266271,
      -0.554387,
      0.029578,
      0.435133,
      -5.1e-05,
      -0.570881,
      0.33203,
      -0.500818,
      -0.019068,
      -0.222245,
      -0.233412,
      0.439696,
      0.152051,
      -0.298491,
      0.563235,
      0.153089,
      -0.532717,
      -0.447699,
      0.104733,
      0.11164,
      0.471496,
      0.115349,
      -0.453613,
      -0.473218,
      0.421417,
      -0.196933,
      0.466649,
      -0.067427,
      0.380968,
      0.007747,
      -0.688479,
      -0.470264,
      0.419987,
      -0.150289,
      -0.28281,
      -0.520937,
      -0.472045,
      0.737441,
      0.213654,
      -0.148072,
      -0.640172,
      0.08257,
      -0.57412,
      -0.404466,
      0.480792,
      0.110841,
      0.763159,
      -0.362863,
      0.231924,
      0.332391,
      0.421303,
      -0.046763,
      -0.510215,
      -0.225925,
      -0.573767,
      -0.440086,
      0.516211,
      0.090361,
      0.219816,
      -0.483067,
      -0.390953,
      0.40322,
      0.645438,
      -0.158305,
      0.555637,
      0.186187,
      0.610578,
      0.336224,
      -0.090071,
      -0.516916,
      -0.185518,
      0.035552,
      -0.049074,
      -0.17542,
      -0.211558,
      0.659787,
      -0.265652,
      0.102847,
      0.555516,
      0.136169,
      0.287342,
      0.192903,
      0.164132,
      0.663932,
      -0.821567,
      0.751316,
      0.668365,
      -0.230135,
      -0.444146,
      -0.738595,
      -0.544156,
      0.485856,
      0.339358,
      -0.200969,
      -0.284988,
      0.234918,
      -0.010658,
      -0.40887,
      -0.022757,
      0.275007,
      -0.155668,
      -0.446038,
      0.654803,
      -0.64921,
      0.222557,
      0.533238,
      -0.540217,
      0.042978,
      -0.188492,
      -0.313527,
      -0.444765,
      0.428034,
      -0.259703,
      -0.718796,
      -0.481057,
      0.27856,
      -0.606811,
      0.493569,
      -0.397606,
      0.278138,
      -0.560148,
      -0.416469,
      0.008158,
      0.701475,
      -0.332602,
      -0.432912,
      -0.073542,
      -0.45778,
      -0.316923,
      0.13067,
      0.412532,
      -0.558519,
      0.574672,
      -0.384817,
      0.498178,
      0.473631,
      0.362705,
      -0.325703,
      -0.47799,
      0.451109,
      0.303386,
      0.208017,
      0.388813,
      0.067418,
      -0.159136,
      0.720631,
      -0.081968,
      0.340491,
      -0.353033,
      0.248758,
      -0.474597,
      -0.468744,
      0.545167,
      -0.215987,
      -0.210087,
      0.399427,
      0.122592,
      -0.535396,
      -0.346177,
      -0.293971,
      0.177997,
      0.591656,
      -0.528017,
      -0.09723,
      0.024241,
      0.1788,
      0.19788,
      0.23308,
      0.236614,
      0.339685,
      -0.621048,
      0.068261,
      0.835364,
      -0.439149,
      -0.636326,
      -0.204714,
      -0.035634,
      0.421067,
      0.04672,
      -0.414133,
      0.823861,
      0.308293,
      -0.158825,
      0.230473,
      -0.250282,
      0.601514,
      0.169458,
      -0.175945,
      0.156353,
      0.308153,
      0.730146,
      -0.289286,
      -0.140826,
      0.421493,
      0.127845,
      -0.111484,
      -0.166329,
      0.396749,
      -0.130192,
      0.011922,
      -0.167874,
      0.230926,
      0.474093,
      0.37557,
      0.459207,
      -0.300705,
      -0.542206,
      0.623257,
      -0.452773,
      0.395189,
      -0.28055,
      0.200906,
      -0.318936,
      0.72492,
      0.173417,
      0.563346,
      -0.138753,
      0.54139,
      -0.276158,
      0.490828,
      0.463007,
      0.526653,
      0.439678,
      0.661776,
      0.140365,
      0.010603,
      -0.266003,
      -0.179013,
      0.309445,
      0.581007,
      -0.207815,
      0.624081,
      0.525328,
      0.459232,
      0.262413,
      0.320553,
      0.074713,
      0.157943,
      0.061091,
      0.303556,
      0.449075,
      -0.065461,
      0.294466,
      0.22278,
      0.348597,
      -0.232571,
      0.517972,
      0.322616,
      0.59631,
      0.419145,
      -0.21592,
      0.415508,
      -0.120045,
      0.33454,
      -0.281347,
      0.077719,
      -0.082519,
      -0.00958,
      0.566138,
      0.317309,
      -0.103224,
      0.02638,
      0.307957,
      0.12109,
      0.324479,
      0.273442,
      0.180026,
      0.093266,
      0.371701,
      0.201103,
      -0.356594,
      0.209797,
      -0.226684,
      0.574098,
      -0.017841,
      -0.104013,
      -0.002392,
      0.470018,
      0.098903,
      0.0919,
      0.500105,
      0.491615,
      0.466392,
      0.472327,
      0.278147,
      0.033691,
      0.437581,
      -0.098715,
      -0.193158,
      0.293864,
      -0.111364,
      -0.124415,
      0.037988,
      0.136292,
      0.052258,
      0.473064,
      0.403161,
      0.017638,
      0.268995,
      0.154897,
      0.204324,
      0.358645,
      -0.076808,
      0.439856,
      -0.052774,
      0.116481,
      -0.341036,
      -0.196657,
      -0.108268,
      0.398439,
      0.198269,
      -0.390988,
      0.322454,
      0.111844,
      -0.111186,
      0.208851,
      0.127344,
      0.106081,
      -0.122786,
      0.214366,
      0.184054,
      0.256966,
      0.468481,
      0.082805,
      0.130777,
      0.005168,
      -0.193739,
      0.251953,
      0.096854,
      0.300253,
      0.143651,
      0.404088,
      0.221079,
      0.26798,
      -0.177116,
      0.438517,
      0.126311,
      -0.084821,
      0.029808,
      -0.14992,
      0.002872,
      0.071509,
      -0.030444,
      -0.281506,
      0.020468,
      -0.314078,
      -0.208607,
      0.379655,
      0.051774,
      -0.085909,
      -0.427655,
      0.43907,
      0.562576,
      -0.237794,
      0.165598,
      0.293958,
      0.493287,
      0.089346,
      0.492506,
      0.538359,
      0.249417,
      0.31428,
      0.09022,
      -0.133721,
      0.376851,
      0.31205,
      0.442458,
      0.275753,
      0.072447,
      0.523045,
      -0.000239,
      0.579117,
      0.415323,
      -0.165621,
      -0.058759,
      0.519964,
      0.245629,
      -0.384252,
      0.397141,
      -0.381958,
      -0.271502,
      -0.222048,
      0.423595,
      -0.290336,
      -0.203062,
      0.296411,
      0.240969,
      0.464473,
      0.189766,
      -0.211457,
      0.168573,
      0.318509,
      0.165757,
      0.299188,
      -0.3687,
      0.393756,
      0.551375,
      0.334289,
      0.30353,
      0.12097,
      -0.548913,
      0.020848,
      -0.170243,
      0.669541,
      0.653329,
      -0.127959,
      0.164842,
      -0.282436,
      0.142986,
      -0.469351,
      -0.400025,
      0.361653,
      -0.321322,
      0.001537,
      -0.188924,
      -0.37695,
      0.196278,
      -0.347111,
      0.016452,
      0.807705,
      0.616698,
      -0.089665,
      0.484005,
      0.631548,
      0.217518,
      0.00872,
      -0.00113,
      -0.509253,
      -0.604251,
      -0.316486,
      -0.347771,
      -0.384917,
      -0.333538,
      -0.65096,
      0.359432,
      0.091384,
      0.400996,
      0.202584,
      -0.070167,
      -0.702098,
      -0.392898,
      -0.384166,
      -0.119866,
      -0.136361,
      0.155395,
      0.159399,
      -0.636649,
      0.216859,
      -0.017977,
      0.301089,
      0.476313,
      0.301912,
      0.22688,
      -0.225235,
      0.417282,
      -0.294061,
      -0.404579,
      -0.602902,
      -0.325552,
      -0.249674,
      0.289945,
      -0.186804,
      0.400636,
      0.544327,
      -0.463483,
      -0.431304,
      -0.526807,
      -0.131641,
      -0.123523,
      0.160652,
      0.306217,
      -0.298138,
      -0.217992,
      0.165913,
      0.143795,
      0.724805,
      0.442435,
      0.410682,
      -0.24857,
      -0.506438,
      0.65851,
      0.118222,
      -0.168069,
      -0.421738,
      0.304346,
      0.391236,
      0.17799,
      -0.035597,
      0.448327,
      0.012719,
      -0.547609,
      0.403309,
      0.141295,
      -0.198624,
      -0.369646,
      0.175215,
      -0.356206,
      -0.369184,
      -0.510168,
      -0.060703,
      -0.242091,
      0.478445,
      -0.03915,
      0.141902,
      0.125853,
      -0.27679,
      0.337107,
      0.260235,
      -0.3782,
      0.012518,
      -0.162344,
      0.471622,
      0.741976,
      0.562068,
      0.277352,
      0.183539,
      -0.056841,
      -0.353239,
      -0.354095,
      -0.149165,
      0.02143,
      0.31161,
      0.072321,
      -0.251986,
      0.212736,
      -0.270845,
      -0.069218,
      -0.45423,
      -0.571207,
      0.109531,
      -0.530956,
      -0.213204,
      0.100256,
      -0.254776,
      0.48279,
      -0.231327,
      -0.184537,
      0.219144,
      0.408794,
      0.020075,
      0.101925,
      -0.188444,
      -0.439947,
      0.128115,
      -0.286224,
      -0.001605,
      0.330698,
      -0.524304,
      0.184751,
      0.093419,
      -0.67264,
      -0.481401,
      -0.443583,
      -0.575546,
      -0.144856,
      -0.163435,
      -0.245521,
      -0.008742,
      0.271876,
      0.514499,
      -0.058403,
      -0.466649,
      0.333657,
      -0.609574,
      0.271693,
      0.559001,
      -0.605112,
      0.411975,
      -0.459352,
      0.211677,
      -0.4744,
      -0.30489,
      -0.329592,
      -0.617359,
      0.319725,
      -0.610893,
      0.047866,
      0.024927,
      0.024737,
      0.145967,
      -0.178952,
      0.024585,
      0.006661,
      -0.375241,
      0.133659,
      0.105059,
      -0.351896,
      -0.65118,
      0.085634,
      0.02663,
      -0.347535,
      -0.549256,
      -0.263175,
      -0.625103,
      -0.154513,
      0.05377,
      0.577125,
      -0.758592,
      0.373698,
      0.205475,
      -0.611181,
      -0.39944,
      0.166535,
      -0.259648,
      -0.27232,
      -0.307009,
      -0.344886,
      0.514959,
      0.349216,
      0.005906,
      -0.177078,
      -0.396456,
      -0.240868,
      0.469138,
      -0.469962,
      -0.068973,
      -0.232335,
      -0.562155,
      -0.503981,
      -0.319545,
      -0.081513,
      0.331143,
      -0.069034,
      -0.509962,
      -0.21444,
      -0.254054,
      -0.150136,
      -0.348105,
      -0.207318,
      -0.162334,
      -0.508355,
      -0.213551,
      0.324512,
      0.524831,
      0.275102,
      -0.082436,
      0.486508,
      -0.586207,
      -0.42961,
      0.11493,
      -0.357852,
      -0.439901,
      0.090391,
      -0.464329,
      -0.102213,
      -0.323027,
      -0.533041,
      -0.405044,
      -0.449765,
      0.317343,
      0.109384,
      0.282204,
      -0.058823,
      -0.148829,
      -0.281267,
      -0.574905,
      -0.368186,
      -0.305832,
      -0.464889,
      -0.136136,
      -0.302644,
      -0.261314,
      0.189755,
      -0.419081,
      0.012611,
      0.294026,
      0.103138,
      0.001059,
      -0.310192,
      -0.337238,
      0.081406,
      -0.109904,
      -0.609599,
      -0.217711,
      0.026343,
      0.157607,
      -0.124305,
      -0.099364,
      0.273661,
      -0.265669,
      -0.033097,
      -0.113064,
      -0.163109,
      0.019268,
      -0.266784,
      -0.39012,
      -0.226426,
      -0.271918,
      -0.045121,
      -0.112917,
      -0.160988,
      -0.003246,
      -0.202648,
      0.00286,
      0.246989,
      0.187788,
      0.14104,
      -0.203018,
      -0.275196,
      -0.409517,
      0.113809,
      -0.015128,
      0.469988,
      -0.232949,
      0.332078,
      -0.099348,
      -0.56502,
      -0.610289,
      -0.290691,
      -0.404137,
      0.052679,
      0.127456,
      0.394677,
      -0.184346,
      -0.498925,
      -0.525055,
      -0.665528,
      -0.34473,
      -0.377244,
      -0.007638,
      -0.4439,
      0.403146,
      -0.061616,
      -0.596161,
      0.101214,
      0.20408,
      0.11284,
      -0.287887,
      -0.399728,
      0.044965,
      -0.458368,
      0.004964,
      -0.003178,
      -0.254267,
      -0.273719,
      0.093665,
      0.418036,
      -0.089727,
      -0.204904,
      -0.108162,
      0.08528,
      0.07003,
      0.003151,
      -0.171131,
      -0.296189,
      -0.292489,
      -0.311774,
      -0.337149,
      0.070969,
      0.363297,
      0.000252,
      -0.267033,
      -0.011187,
      -0.546744,
      -0.332387,
      -0.319232,
      0.222292,
      -0.118498,
      -0.171148,
      -0.078628,
      -0.357626,
      -0.460933,
      -0.235414,
      -0.061672,
      -0.357183,
      -0.212775,
      -0.433735,
      -0.301281,
      -0.302827,
      -0.097438,
      -0.255854,
      -0.367954,
      -0.048147,
      -0.278757,
      -0.419723,
      0.138438,
      -0.630797,
      0.572924,
      -0.149609,
      -0.5614,
      -0.521321,
      0.646194,
      -0.445941,
      0.057964,
      -0.023105,
      0.725897,
      0.368911,
      -0.42518,
      -0.539605,
      -0.348646,
      -0.175288,
      -0.538082,
      0.551178,
      0.033694,
      -0.428339,
      -0.358839,
      0.419402,
      0.583567,
      0.514332,
      0.674079,
      0.156493,
      -0.477166,
      0.835079,
      0.463077,
      0.527994,
      0.047902,
      0.471748,
      -0.363748,
      -0.24026,
      0.590031,
      -0.291822,
      0.504274,
      -0.061189,
      0.127788,
      0.786887,
      0.197367,
      -0.200218,
      0.289358,
      -0.361491,
      0.121355,
      -0.326141,
      -0.596592,
      0.303006,
      -0.000142,
      0.284736,
      -0.349366,
      -0.347669,
      0.735079,
      0.739784,
      -0.489165,
      -0.07452,
      0.474773,
      0.561448,
      0.553121,
      0.383569,
      0.722887,
      0.012217,
      -0.321293,
      -0.217199,
      0.029344,
      -0.398172,
      0.696395,
      0.194693,
      0.501461,
      0.185507,
      0.060394,
      0.449672,
      0.237372,
      0.28602,
      -0.516336,
      0.6579,
      0.490696,
      0.489344,
      0.582655,
      0.14918,
      0.293451,
      0.452536,
      0.551547,
      -0.5232,
      0.266513,
      -0.58685,
      0.498027,
      -0.263266,
      0.335926,
      0.891174,
      0.54311,
      0.625902,
      0.303528,
      -0.30427,
      0.58664,
      0.418054,
      -0.228344,
      0.47694,
      0.098784,
      -0.547756,
      -0.629617,
      0.076481,
      0.322783,
      0.518589,
      0.512609,
      0.356943,
      -0.399372,
      0.776611,
      -0.630313,
      -0.543439,
      0.101093,
      0.453133,
      0.477933,
      -0.4251,
      -0.445891,
      -0.300161,
      0.567128,
      0.028782,
      -0.42822,
      -0.400366,
      -0.261503,
      -0.478511,
      -0.094893,
      0.310538,
      -0.161555,
      0.478185,
      0.446683,
      -0.258075,
      0.148231,
      0.108879,
      0.357754,
      0.525709,
      0.373467,
      0.840982,
      0.468668,
      0.473457,
      -0.187051,
      -0.197121,
      -0.279755,
      -0.246055,
      -0.267784,
      -0.843262,
      -0.290311,
      0.284222,
      0.354751,
      0.113843,
      -0.281342,
      0.325532,
      -0.339673,
      0.481926,
      -0.043581,
      0.268439,
      0.477162,
      0.493624,
      0.023788,
      -0.119736,
      0.272007,
      -0.578657,
      -0.309739,
      0.389934,
      0.447973,
      0.601233,
      0.531147,
      0.399349,
      0.884263,
      -0.128711,
      -0.476213,
      0.330483,
      -0.699377,
      0.186537,
      -0.266329,
      -0.40355,
      0.075,
      0.665489,
      -0.089094,
      -0.168322,
      0.016467,
      0.455536,
      -0.08756,
      0.526879,
      0.553214,
      0.327573,
      0.16607,
      0.521239,
      0.523906,
      0.052549,
      -0.442869,
      -0.233719,
      -0.356986,
      0.299072,
      0.262901,
      0.451636,
      0.207193,
      -0.244757,
      0.530119,
      -0.334393,
      -0.50448,
      0.304858,
      0.007689,
      -0.017278,
      0.625818,
      0.351691,
      -0.482551,
      -0.638571,
      -0.39639,
      -0.386766,
      -0.48396,
      -0.096428,
      -0.295818,
      0.25709,
      -0.629269,
      0.392076,
      -0.61774,
      -0.412885,
      -0.741975,
      -0.45428,
      -0.232286,
      -0.121163,
      -0.705772,
      0.25287,
      -0.49783,
      0.620885,
      -0.129209,
      -0.439348,
      -0.044186,
      0.844137,
      -0.30002,
      -0.466875,
      -0.563536,
      0.488752,
      -0.128274,
      0.601929,
      0.666455,
      0.826336,
      0.266852,
      0.541893,
      -0.216305,
      0.491653,
      -0.44573,
      0.486294,
      -0.002338,
      -0.528311,
      -0.606839,
      -0.50223,
      -0.607437,
      -0.313229,
      0.554087,
      0.327217,
      0.309259,
      -0.118101,
      -0.273801,
      0.540325,
      0.527204,
      -0.313407,
      -0.241068,
      -0.016496,
      0.444652,
      0.136233,
      0.128007,
      -0.349623,
      -0.463474,
      -0.673098,
      0.606154,
      0.535209,
      0.388454,
      -0.444305,
      0.392422,
      -0.511607,
      -0.695991,
      -0.43949,
      -0.801526,
      0.356816,
      -0.226051,
      -0.562963,
      0.132888,
      0.160528,
      0.332689,
      -0.50663,
      -0.297346,
      -0.28318,
      0.282967,
      -0.618712,
      -0.36726,
      0.160029,
      0.219719,
      0.495777,
      -0.543038,
      0.339196,
      -0.572797,
      0.081685,
      0.575162,
      0.55815,
      0.504561,
      -0.306744,
      0.473224,
      0.681045,
      0.283189,
      0.411887,
      0.777588,
      0.746417,
      -0.605531,
      -0.484586,
      0.591146,
      0.522973,
      0.409594,
      0.244044,
      -0.594779,
      0.595935,
      -0.734991,
      0.798923,
      -0.551981,
      -0.548472,
      0.416667,
      -0.132617,
      -0.148316,
      -0.568449,
      0.522927,
      -0.149533,
      0.61564,
      0.245531,
      0.350503,
      -0.756801,
      0.523843,
      -0.398858,
      0.610502,
      0.703234,
      0.492124,
      0.418198,
      0.60121,
      -0.209798,
      -0.236457,
      0.144874,
      0.965311,
      -0.233355,
      0.741743,
      -0.540461,
      0.835783,
      0.355332,
      -0.724639,
      -0.562335,
      0.438587,
      0.000854,
      0.685462,
      -0.321919,
      -0.083882,
      0.775613,
      0.46919,
      -0.235939,
      -0.505668,
      0.825187,
      -0.270765,
      0.2984,
      0.488921,
      0.825409,
      0.377642,
      0.568885,
      -0.482962,
      0.652173,
      -0.397996,
      0.518277,
      -0.064607,
      -0.297265,
      0.398969,
      0.653791,
      0.433002,
      0.467486,
      0.414562,
      -0.38614,
      0.577989,
      -0.258551,
      -0.252678,
      -0.543854,
      0.510147,
      -0.596257,
      0.025675,
      0.217364,
      0.719972,
      0.108834,
      -0.683643,
      -0.360879,
      -0.347906,
      0.665412,
      -0.019361,
      0.5948,
      -0.567719,
      -0.674278,
      0.786399,
      0.610829,
      0.408092,
      -0.519327,
      -0.284118,
      0.235724,
      -0.390926,
      -0.260738,
      -0.303054,
      -0.552682,
      -0.288124,
      -0.04657,
      -0.366122,
      0.218886,
      -0.230834,
      0.168311,
      0.691352,
      -0.468824,
      0.355289,
      -0.232224,
      0.149126,
      -0.359982,
      -0.41573,
      -0.250614,
      0.601873,
      -0.367169,
      -0.064232,
      -0.44433,
      -0.358115,
      -0.535745,
      -0.042782,
      0.094247,
      -0.153712,
      -0.347827,
      0.20816,
      -0.176143,
      -0.128983,
      0.21633,
      0.395411,
      0.163917,
      -0.649944,
      -0.583786,
      -0.365855,
      -0.194638,
      -0.319428,
      0.265259,
      -0.200757,
      0.39248,
      0.141591,
      0.455405,
      0.134539,
      -0.382192,
      0.02028,
      -0.431486,
      0.504961,
      0.849448,
      0.333704,
      0.457068,
      -0.560121,
      -0.301898,
      0.189424,
      -0.038483,
      0.417543,
      -0.273907,
      0.48153,
      -0.264547,
      -0.188316,
      -0.176599,
      0.681388,
      -0.50894,
      0.350617,
      -0.047982,
      0.039718,
      0.466413,
      -0.279267,
      0.346881,
      0.098402,
      -0.594249,
      0.412005,
      -0.091933,
      0.260219,
      -0.011171,
      0.337837,
      0.100236,
      -0.117789,
      0.321325,
      0.663284,
      0.517217,
      -0.181632,
      -0.353876,
      -0.517377,
      -0.581548,
      0.209709,
      0.340248,
      0.787706,
      -0.025301,
      -0.25537,
      -0.202995,
      -0.324716,
      0.401754,
      0.110744,
      -0.141452,
      -0.255693,
      0.641431,
      0.411366,
      0.618159,
      0.785931,
      -0.337262,
      0.179591,
      0.066552,
      0.506552,
      0.205884,
      0.245845,
      0.315341,
      0.491915,
      0.486717,
      0.202043,
      -0.596222,
      0.576474,
      0.498362,
      -0.289598,
      0.141698,
      0.678577,
      0.40341,
      0.160957,
      -0.329762,
      0.246547,
      0.417231,
      0.479335,
      -0.242856,
      0.489748,
      0.480838,
      0.482086,
      0.283252,
      -0.148409,
      0.42995,
      -0.359258,
      0.456324,
      0.628621,
      0.559129,
      0.544542,
      0.387897,
      -0.212639,
      0.379267,
      0.213657,
      0.208466,
      0.672365,
      0.314596,
      0.392075,
      0.681952,
      -0.115643,
      0.571611,
      0.478419,
      -0.531258,
      0.654345,
      -0.503646,
      0.439691,
      0.311319,
      -0.351258,
      -0.475032,
      0.415254,
      0.51937,
      0.36446,
      0.408,
      0.45928,
      0.007042,
      0.663924,
      0.428189,
      0.443318,
      0.705467,
      0.291413,
      0.689286,
      -0.067313,
      0.397599,
      0.123668,
      -0.405953,
      0.334342,
      0.001085,
      0.572904,
      0.197868,
      -0.52252,
      0.61258,
      0.638537,
      -0.365677,
      0.454447,
      0.214111,
      0.292023,
      0.532366,
      0.669424,
      0.38788,
      0.620842,
      0.279343,
      -0.535611,
      0.709314,
      0.736823,
      0.487323,
      -0.33105,
      0.176973,
      0.436517,
      0.286282,
      -0.280504,
      -0.071575,
      0.532618,
      0.546889,
      0.160552,
      -0.248975,
      0.530252,
      0.05734,
      -0.091323,
      0.463538,
      0.535668,
      -0.303713,
      -0.099725,
      -0.422801,
      -0.40901,
      -0.488012,
      0.074059,
      0.289576,
      0.269937,
      0.316604,
      0.297866,
      -0.193648,
      0.135222,
      -0.307036,
      0.608924,
      -0.346258,
      -0.31379,
      0.625942,
      -0.405429,
      0.159751,
      -0.196761,
      0.607482,
      -0.326947,
      0.692858,
      0.508426,
      0.359689,
      0.500654,
      -0.452859,
      -0.539787,
      0.034564,
      0.288546,
      -0.134108,
      -0.028448,
      0.527944,
      0.621674,
      0.175969,
      -0.0377,
      0.053773,
      -0.130796,
      -0.478722,
      0.639762,
      0.269499,
      0.713479,
      -0.000459,
      0.487571,
      0.358278,
      0.445941,
      -0.644451,
      0.308057,
      -0.435434,
      0.081439,
      0.048026,
      0.4869,
      -0.274438,
      0.1332,
      0.028536,
      0.184718,
      -0.245419,
      0.177005,
      -0.158599,
      -0.267926,
      0.117584,
      0.421609,
      0.390122,
      0.276658,
      -0.014198,
      -0.12568,
      -0.014019,
      -0.258785,
      0.304438,
      -0.190106,
      -0.271682,
      0.112154,
      0.109768,
      0.398263,
      0.157761,
      -0.416316,
      0.268593,
      0.32946,
      -0.23175,
      -0.036487,
      -0.621161,
      0.050818,
      0.266405,
      0.055965,
      -0.13916,
      0.412372,
      -0.166004,
      0.306415,
      0.449601,
      0.296167,
      -0.319078,
      0.04847,
      0.441189,
      -0.487101,
      -0.190157,
      0.14819,
      0.245728,
      0.360962,
      0.045885,
      0.284503,
      0.310444,
      0.003542,
      0.191161,
      -0.1186,
      -0.024182,
      0.656281,
      0.263244,
      0.242204,
      0.274491,
      0.331105,
      0.036391,
      0.319272,
      -0.399057,
      -0.225097,
      -0.223425,
      -0.16674,
      0.170577,
      0.033566,
      0.473075,
      -0.406625,
      -0.15163,
      -0.187492,
      -0.175995,
      -0.124465,
      0.203435,
      0.518503,
      0.125419,
      -0.399645,
      0.65454,
      -0.184038,
      -0.197609,
      0.474253,
      0.316636,
      0.052362,
      0.297483,
      -0.081998,
      0.365025,
      0.290437,
      -0.207701,
      -0.227128,
      -0.168029,
      0.050985,
      0.028537,
      0.243257,
      -0.13615,
      -0.142958,
      -0.488939,
      -0.452254,
      -0.05892,
      -0.304363,
      -0.410287,
      0.456825,
      0.21146,
      0.395566,
      0.21179,
      0.400397,
      0.097927,
      -0.092441,
      0.131915,
      -0.208684,
      0.175151,
      0.417801,
      0.040791,
      0.210468,
      -0.054086,
      0.519113,
      0.105399,
      0.152805,
      0.157984,
      0.317862,
      0.230837,
      0.02407,
      0.515914,
      0.534657,
      -0.535732,
      -0.153869,
      0.391997,
      0.025997,
      0.216004,
      0.331735,
      0.211483,
      0.214892,
      0.36614,
      0.059226,
      0.184584,
      0.382195,
      -0.349079,
      -0.406909,
      -0.047756,
      0.130644,
      0.14305,
      -0.343806,
      0.35631,
      -0.035783,
      -0.408793,
      -0.470101,
      0.237394,
      0.200678,
      0.196079,
      0.384349,
      -0.355886,
      0.525323,
      -0.282295,
      0.186171,
      -0.064188,
      0.19942,
      0.303311,
      0.448767,
      0.129222,
      0.336449,
      -0.49956,
      0.053187,
      -0.517172,
      0.275955,
      0.294317,
      0.534975,
      -0.156573,
      -0.500171,
      0.314418,
      0.282363,
      -0.500279,
      -0.611215,
      0.087722,
      -0.703595,
      0.344861,
      0.559846,
      0.526699,
      -0.213423,
      -0.607349,
      0.226976,
      0.422728,
      -0.248646,
      0.445302,
      0.399645,
      0.225448,
      0.580084,
      -0.436643,
      0.218657,
      0.399069,
      0.145948,
      -0.596313,
      0.71582,
      0.792455,
      -0.591961,
      -0.402309,
      0.628833,
      -0.475574,
      0.165205,
      -0.06966,
      0.248121,
      0.253966,
      0.428875,
      -0.498241,
      0.509749,
      0.457971,
      0.143157,
      0.571612,
      0.29424,
      0.25121,
      0.446983,
      0.509293,
      0.134749,
      0.483403,
      0.508851,
      -0.559237,
      0.239884,
      0.070735,
      -0.170595,
      -0.307803,
      -0.08842,
      0.302597,
      0.601634,
      0.507577,
      0.229014,
      -0.335866,
      0.214807,
      -0.751037,
      -0.605707,
      0.794242,
      -0.278715,
      0.002286,
      -0.793525,
      -0.306333,
      -0.356183,
      0.460988,
      0.501625,
      0.381766,
      0.458707,
      0.493999,
      0.069883,
      0.503892,
      -0.31178,
      -0.546406,
      0.313949,
      0.791941,
      0.058598,
      0.179047,
      -0.289656,
      0.614646,
      -0.591311,
      -0.102704,
      0.585181,
      -0.137765,
      0.332618,
      0.022257,
      0.440793,
      0.685221,
      -0.451131,
      -0.01854,
      0.574333,
      0.130974,
      0.239426,
      0.195851,
      -0.212389,
      0.07312,
      0.453077,
      0.755456,
      0.644828,
      0.299798,
      0.380019,
      0.23819,
      -0.108639,
      -0.483937,
      -0.231389,
      -0.102016,
      0.352613,
      0.064677,
      0.307636,
      0.06469,
      0.315283,
      -0.538751,
      0.37668,
      -0.133209,
      -0.073367,
      0.616736,
      0.632874,
      -0.256318,
      0.246258,
      -0.033403,
      -0.15921,
      0.019122,
      -0.183294,
      0.196174,
      0.561461,
      0.281264,
      0.633787,
      0.008064,
      -0.039166,
      -0.260599,
      -0.244409,
      0.640354,
      0.663088,
      -0.5653,
      0.265459,
      -0.577391,
      0.428022,
      0.346442,
      0.403882,
      0.566629,
      -0.597848,
      0.213451,
      0.594521,
      -0.27793,
      -0.402152,
      -0.485804,
      0.238415,
      -0.397639,
      0.753739,
      0.040263,
      -0.030855,
      0.457194,
      0.178792,
      0.339689,
      0.141023,
      0.469325,
      0.834133,
      -0.424114,
      0.069262,
      -0.634135,
      0.146351,
      -0.109337,
      -0.046177,
      -0.482279,
      -0.00849,
      -0.419364,
      0.340647,
      0.061647,
      -0.254982,
      -0.412687,
      -0.287601,
      -0.403648,
      -0.209635,
      -0.325082,
      -0.320641,
      0.3375,
      0.450798,
      0.01961,
      -0.417302,
      0.219447,
      -0.142064,
      -0.002655,
      0.333636,
      0.576762,
      0.177833,
      0.129597,
      0.266703,
      -0.007819,
      0.655087,
      -0.405572,
      0.457269,
      -0.289599,
      0.457623,
      0.331312,
      0.352091,
      0.082402,
      0.260469,
      0.034598,
      0.172643,
      0.531887,
      0.340862,
      0.234191,
      0.042575,
      0.175218,
      0.431727,
      -0.486761,
      0.058066,
      -0.16455,
      0.256422,
      0.588228,
      0.126462,
      0.445459,
      -0.315473,
      0.086955,
      -0.252594,
      0.194419,
      -0.02198,
      -0.116344,
      -0.062217,
      -0.177874,
      -0.452453,
      0.629457,
      0.37426,
      0.387048,
      0.382708,
      0.034825,
      0.476212,
      0.114827,
      0.03974,
      -0.139312,
      -0.112098,
      0.284907,
      0.30811,
      0.373219,
      0.678579,
      0.510554,
      -0.405113,
      0.018563,
      -0.387082,
      -0.132026,
      0.559116,
      -0.414564,
      0.293672,
      0.068921,
      -0.102153,
      -0.392679,
      -0.099472,
      0.360499,
      -0.16725,
      0.266118,
      -0.507916,
      0.369556,
      0.488035,
      0.006206,
      0.44005,
      -0.566106,
      0.097028,
      -0.069256,
      -0.441756,
      -0.264521,
      0.176396,
      0.12038,
      0.340886,
      0.65098,
      0.363137,
      0.006775,
      0.192522,
      0.185632,
      0.132059,
      0.419425,
      -0.029262,
      0.047086,
      0.137157,
      0.064571,
      0.33187,
      0.454064,
      0.341343,
      0.366883,
      -0.109517,
      0.344256,
      -0.047121,
      -0.023763,
      0.126177,
      0.186243,
      -0.056664,
      0.216275,
      0.321756,
      -0.282982,
      -0.343785,
      -0.19253,
      0.232741,
      0.279162,
      0.357234,
      0.07557,
      0.414741,
      -0.202762,
      0.172299,
      0.502089,
      -0.126296,
      0.482399,
      0.163642,
      -0.374926,
      0.120274,
      0.501307,
      0.14194,
      -0.075178,
      -0.218511,
      -0.309377,
      0.367474,
      0.092089,
      0.526052,
      0.193285,
      -0.080323,
      0.293644,
      -0.035121,
      0.446817,
      0.559463,
      0.494038,
      0.066298,
      0.300672,
      0.421118,
      0.226058,
      -0.075749,
      -0.138102,
      -0.244157,
      0.241533,
      -0.210028,
      -0.171316,
      0.467114,
      -0.296537,
      -0.224271,
      0.355887,
      0.196765,
      -0.023654,
      -0.31483,
      -0.087925,
      0.19367,
      -0.584544,
      0.21998,
      0.140486,
      -0.328806,
      -0.24761,
      0.404898,
      -0.180387,
      -0.361988,
      -0.52487,
      0.108551,
      0.478578,
      -0.184037,
      0.464785,
      -0.116189,
      0.05474,
      0.188296,
      0.116189,
      0.16509,
      0.0324,
      0.345135,
      0.096627,
      0.270477,
      -0.231148,
      -0.178976,
      -0.209063,
      -0.149828,
      -0.03501,
      -0.343426,
      0.150379,
      -0.064312,
      0.221224,
      0.161089,
      0.023019,
      -0.150618,
      0.243511,
      0.105551,
      -0.219828,
      0.261459,
      -0.380297,
      -0.232259,
      0.405359,
      -0.023516,
      0.133613,
      -0.240525,
      -0.074897,
      -0.071804,
      -0.424432,
      0.381753,
      0.087169,
      0.363773,
      0.078829,
      -0.450486,
      -0.038013,
      -0.651244,
      -0.084401,
      0.182173,
      0.087232,
      -0.339087,
      -0.062303,
      0.441843,
      -0.518646,
      -0.019253,
      -0.11847,
      -0.013676,
      -0.350703,
      0.150965,
      0.226558,
      0.595448,
      -0.381557,
      -0.03734,
      0.439883,
      -0.086543,
      0.507501,
      -0.179854,
      0.379785,
      0.182396,
      -0.711212,
      0.480738,
      -0.05054,
      0.274187,
      0.037214,
      0.291364,
      0.374604,
      0.427074,
      -0.499205,
      0.118267,
      0.494369,
      0.081979,
      -0.333311,
      0.463333,
      -0.099381,
      0.152663,
      0.303221,
      -0.460627,
      -0.584126,
      0.386199,
      0.329409,
      -0.038102,
      0.139479,
      0.237402,
      -0.081798,
      -0.310269,
      0.511067,
      0.605068,
      0.118167,
      0.292087,
      0.417494,
      -0.268978,
      0.236328,
      0.522262,
      0.356122,
      0.483488,
      -0.502863,
      0.651756,
      -0.459015,
      0.430488,
      0.364879,
      0.263896,
      0.386667,
      0.058963,
      0.223846,
      -0.395654,
      0.477504,
      -0.022787,
      -0.091642,
      0.280572,
      0.242488,
      0.080402,
      0.032651,
      -0.475471,
      0.070881,
      0.081873,
      -0.274966,
      0.764254,
      -0.376334,
      0.329029,
      0.374161,
      0.156958,
      -0.12675,
      0.056019,
      0.325704,
      0.386328,
      -0.024336,
      -0.03659,
      0.274733,
      0.332215,
      -0.011882,
      -0.019998,
      0.0688,
      -0.1867,
      0.397527,
      -0.090826,
      -0.006459,
      0.364752,
      0.036554,
      0.003458,
      0.052889,
      0.566384,
      0.440574,
      0.234362,
      0.41619,
      0.085707,
      -0.238173,
      0.329082,
      0.321313,
      0.208757,
      0.154303,
      0.38496,
      0.292032,
      -0.066318,
      0.183262,
      -0.073936,
      -0.195158,
      0.50318,
      0.264098,
      -0.274312,
      -0.253294,
      0.213402,
      -0.203365,
      0.084457,
      0.048045,
      0.206537,
      -0.036523,
      0.264753,
      0.218736,
      -0.066299,
      0.32021,
      -0.397008,
      0.313113,
      -0.044935,
      -0.058887,
      0.172361,
      0.178892,
      0.108023,
      -0.263583,
      0.4544,
      0.47774,
      0.556497,
      -0.12197,
      -0.137182,
      -0.198336,
      0.058961,
      0.261944,
      0.001395,
      -0.154179,
      -0.088743,
      0.280394,
      0.247117,
      -0.191777,
      -0.245313,
      0.073641,
      0.258887,
      0.53136,
      0.103557,
      -0.032129,
      0.189719,
      0.086452,
      0.155207,
      0.076685,
      0.009627,
      0.337678,
      0.438156,
      -0.177988,
      0.198422,
      0.382673,
      0.186909,
      0.078937,
      0.220291,
      0.181003,
      0.071057,
      0.012018,
      0.066614,
      -0.045456,
      0.220298,
      -0.136993,
      -0.020352,
      0.045599,
      0.077502,
      0.083508,
      0.181725,
      0.117979,
      0.350415,
      -0.165456,
      0.278501,
      0.124859,
      -0.279096,
      0.117563,
      -0.149816,
      0.148736,
      -0.106578,
      0.278403,
      0.420878,
      -0.224537,
      0.031135,
      0.205919,
      0.236395,
      0.099745,
      0.132996,
      0.372694,
      0.154359,
      -0.128428,
      0.239004,
      0.375459,
      -0.031898,
      0.035208,
      -0.090005,
      0.247426,
      0.105414,
      0.110775,
      0.159391,
      0.129839,
      0.005881,
      0.057072,
      0.042362,
      -0.205107,
      -0.008647,
      -0.168091,
      0.222396,
      0.00308,
      0.275397,
      0.074317,
      -0.24522,
      -0.081655,
      0.006089,
      0.131112,
      0.033448,
      0.22487,
      -0.013217,
      0.095231,
      -0.083556,
      0.039689,
      0.093335,
      0.151627,
      0.083228,
      -0.068789,
      -0.16395,
      0.24388,
      0.02928,
      -0.086132,
      0.026258,
      -0.093044,
      0.066641,
      0.106924,
      0.134416,
      0.044925,
      0.175287,
      -0.070051,
      -0.039027,
      0.043802,
      -0.136792,
      -0.057641,
      0.117454,
      0.141532,
      0.420104,
      -0.070684,
      0.175955,
      0.239653,
      0.008847,
      0.022029,
      0.006544,
      0.004936,
      -0.12959,
      0.136632,
      0.1104,
      -0.036315,
      0.202174,
      -0.097616,
      0.129448,
      0.153263,
      0.154732,
      -0.038244,
      0.123611,
      -0.033179,
      0.202438,
      0.103212,
      0.108628,
      -0.20574,
      0.267708,
      0.198893,
      0.249972,
      0.092663,
      0.322352,
      0.011891,
      -0.133728,
      0.095338,
      0.212265,
      0.233669,
      0.167993,
      -0.034509,
      0.22507,
      0.034204,
      0.210121,
      0.131572,
      -0.016094,
      0.110879,
      0.014853,
      0.110329,
      0.125949,
      0.339575,
      -0.086654,
      0.31518,
      0.152776,
      -0.050184,
      0.094717,
      -0.077086,
      -0.072349,
      -0.010678,
      -0.089983,
      0.310787,
      0.105266,
      0.078323,
      -0.062377,
      0.109488,
      0.284827,
      -0.103441,
      0.506055,
      -0.170614,
      0.147739,
      -0.025483,
      -0.195036,
      -0.137892,
      0.157248,
      0.053092,
      0.303363,
      0.017886,
      0.104357,
      -0.077352,
      -0.161106,
      0.024692,
      -0.035858,
      -0.016737,
      0.234102,
      -0.095082,
      0.030207,
      0.057885,
      0.118565,
      0.265624,
      0.211486,
      0.079834,
      0.240487,
      0.13286,
      0.060178,
      0.292963,
      -0.125138,
      -0.044334,
      0.205964,
      0.082897,
      0.247452,
      0.047702,
      -0.071174,
      -0.124229,
      0.243842,
      0.241244,
      0.287263
    ],
    "headB": [
      0.155646,
      0.149052,
      0.159249,
      0.159169,
      0.119402,
      0.122294,
      0.122579,
      0.166317,
      -0.001884,
      0.125569,
      0.101157,
      0.101677,
      0.068121,
      0.043297,
      0.138283,
      0.044644,
      -0.1065,
      0.125493,
      0.092885,
      0.035644,
      0.158084,
      -0.138952,
      -0.210634,
      0.160859,
      -0.175311,
      0.003996,
      0.051826,
      0.107434,
      0.084963,
      -0.083527,
      -0.104793,
      -0.276872,
      -0.034085,
      0.140779,
      -0.054189,
      -0.001659,
      -0.204095,
      -0.070282,
      -0.123194,
      -0.276392,
      -0.107857,
      0.068949,
      -0.356649,
      -0.214087,
      -0.352398,
      -0.362648,
      -0.084323,
      -0.285726,
      -0.027119,
      -0.283138,
      0.029005,
      -0.318741,
      -0.05235,
      -0.312627,
      -0.477807,
      -0.419081,
      -0.20891,
      -0.098994,
      -0.10069,
      -0.083079,
      -0.55882,
      -0.224625,
      -0.327939,
      -0.249762,
      -0.369111,
      -0.205451,
      -0.314397,
      -0.242558,
      -0.082682,
      -0.393889,
      -0.12485,
      -0.158843,
      -0.521858,
      0.103269,
      -0.103674,
      -0.153895,
      -0.17651,
      0.050501,
      -0.215328,
      -0.281207,
      -0.032938,
      -0.176807,
      -0.267672,
      -0.456156,
      -0.422166,
      -0.603551,
      -0.159933,
      -0.398108,
      -0.556023,
      -0.362935,
      -0.527592,
      -0.335178,
      -0.226273,
      0.022747,
      -0.229145,
      0.004792,
      -0.271791,
      -0.185335,
      -0.291824,
      -0.167132,
      -0.144891,
      -0.248937,
      -0.130949,
      -0.044594,
      0.095531,
      -0.214769,
      0.004188,
      -0.248379,
      -0.393743,
      0.04539,
      -0.402198,
      -0.515198,
      -0.284025,
      -0.349052,
      -0.085178,
      -0.310394,
      -0.33461,
      0.134897,
      -0.416606,
      -0.337847,
      -0.35624,
      -0.154853,
      -0.531008,
      -0.190065,
      -0.27669,
      -0.107349,
      -0.011106,
      -0.020845,
      -0.406882,
      -0.107812,
      -0.563595,
      -0.437012,
      -0.481086,
      -0.319831,
      -0.368271,
      -0.163157,
      -0.272287,
      -0.401047,
      -0.367115,
      -0.332444,
      -0.37467,
      -0.428255,
      -0.380311,
      -0.226166,
      -0.363379,
      -0.346823,
      -0.520142,
      -0.577136,
      -0.348167,
      -0.515823,
      -0.015579,
      -0.261759,
      -0.22787,
      0.003982,
      -0.285804,
      -0.199967,
      0.083793,
      -0.08017,
      -0.109376,
      -0.371284,
      -0.283603,
      -0.457538,
      0.010641,
      -0.308261,
      -0.223408,
      -0.403164,
      -0.293938,
      -0.206798,
      -0.2606,
      -0.021013,
      -0.554918,
      -0.192102,
      -0.057905,
      -0.184301,
      -0.15412,
      -0.046843,
      -0.208647,
      -0.087193,
      -0.177068,
      -0.045506,
      0.033541,
      -0.015708,
      -0.319346,
      -0.172578,
      -0.214607,
      -0.090719,
      -0.282598,
      0.038806,
      0.058849,
      -0.409636,
      -0.177895,
      0.029726,
      -0.265917,
      -0.080394,
      -0.254804,
      -0.110217,
      -0.183086,
      -0.119934,
      -0.242538,
      -0.302892,
      -0.063326,
      -0.090916,
      -0.291993,
      -0.177818,
      -0.096427,
      -0.296296,
      -0.31268,
      -0.04353,
      -0.189402,
      -0.034898,
      -0.181023,
      -0.067709,
      0.019306,
      -0.038983,
      -0.159147,
      -0.245604,
      -0.295304,
      -0.156005,
      -0.041295,
      -0.058454,
      -0.113663,
      -0.151226,
      -0.074567,
      -0.065252,
      -0.101038,
      -0.077634,
      0.008222,
      -0.28186,
      -0.038442,
      -0.327176,
      0.026661,
      0.001018,
      -0.28275,
      -0.083691,
      -0.024844,
      -0.162417,
      -0.046729,
      -0.136205,
      -0.071046,
      -0.168182,
      -0.050224,
      0.056614,
      -0.053948,
      -0.087932,
      -0.214552,
      -0.144603,
      -0.153565,
      -0.215929,
      -0.163784,
      -0.08891,
      -0.088229,
      -0.150063,
      -0.058303,
      -0.186642,
      -0.117726,
      -0.162112,
      0.002437,
      -0.05082,
      -0.401193,
      -0.032441,
      0.028526,
      -0.085188,
      -0.148645,
      -0.052746,
      -0.082017,
      -0.060549,
      -0.074688,
      0.002395,
      -0.049513,
      0.058315,
      -0.044034,
      -0.072958,
      -0.038193,
      -0.140505,
      -0.147164,
      -0.155769,
      -0.153341,
      -0.051513,
      -0.154568,
      -0.07342,
      -0.024784,
      0.017474,
      0.013386,
      -0.215057,
      -0.111177,
      -0.146366,
      -0.030022,
      -0.035248,
      -0.080533,
      -0.129988,
      -0.138337,
      -0.218985,
      -0.212726,
      -0.022466,
      -0.14965,
      -0.119372,
      -0.093482,
      -0.096556,
      -0.083301,
      -0.082302,
      -0.065206,
      -0.013447,
      -0.067591,
      -0.073199,
      -0.06495,
      -0.040379,
      -0.077623,
      -0.058913,
      -0.077218,
      -0.037,
      -0.017099,
      -0.169047,
      -0.064724,
      -0.054699,
      -0.128461,
      -0.086573,
      -0.068361,
      -0.046256,
      -0.077318,
      -0.073605,
      -0.173533,
      -0.138074,
      -0.141268,
      -0.008216,
      -0.180126,
      -0.140978,
      -0.046477,
      -0.089055,
      -0.017453,
      -0.019186,
      -0.09781,
      -0.092014,
      0.003701,
      -0.0099,
      -0.076208,
      -0.112072,
      -0.075951,
      -0.048525,
      -0.0454,
      -0.08773,
      -0.076163,
      -0.096938,
      -0.154321,
      -0.062412,
      -0.10524,
      -0.087589,
      -0.035514,
      -0.112446,
      -0.096389,
      -0.05928,
      -0.187222,
      -0.022938,
      -0.047615,
      -0.218462,
      -0.064359,
      -0.165345,
      -0.179395,
      -0.114508,
      -0.044934,
      -0.139604,
      -0.07882,
      -0.043729,
      -0.144703,
      -0.072393,
      -0.007883,
      -0.074893,
      -0.149874,
      -0.022765,
      -0.033756,
      -0.019863,
      -0.076603,
      -0.035689,
      -0.067875,
      -0.065595,
      -0.02551,
      -0.11599,
      -0.171075,
      -0.053307,
      -0.12436,
      -0.046964,
      -0.049169,
      -0.128481,
      -0.110418,
      -0.065152,
      -0.058354,
      -0.159525,
      -0.148393,
      -0.033426,
      -0.015894,
      -0.061696,
      -0.051609,
      -0.183905
    ]
  }
}```

########################################
Here is my code for backend/.data/transformer-weights-e50-l1-d32-h2-ff128-ctx32.json BELOW:
########################################

```python
{
  "type": "decoder-transformer",
  "config": {
    "vocabSize": 392,
    "contextLen": 32,
    "embDim": 32,
    "numHeads": 2,
    "ffDim": 128,
    "numLayers": 1
  },
  "vocab": [
    " the",
    ".",
    " and",
    " a",
    " said",
    " in",
    " to",
    " was",
    " they",
    " day",
    " king",
    " boy",
    " forest",
    " on",
    " she",
    " cat",
    " one",
    " i",
    " river",
    " old",
    " you",
    " with",
    " man",
    " castle",
    " lived",
    " prince",
    " went",
    " dog",
    " kingdom",
    " queen",
    " woman",
    " he",
    " brave",
    " girl",
    " by",
    " are",
    " there",
    " sat",
    " his",
    " who",
    " great",
    " found",
    " together",
    " princess",
    " her",
    " village",
    " food",
    " is",
    " sky",
    " young",
    " small",
    " came",
    " kitten",
    " at",
    " once",
    " into",
    " back",
    " happy",
    " from",
    " bear",
    " every",
    " bird",
    " were",
    " home",
    " animals",
    " doctor",
    " so",
    " crown",
    " happily",
    " of",
    " through",
    " water",
    " ate",
    " puppy",
    " tree",
    " lion",
    " had",
    " tall",
    " kind",
    " garden",
    " clever",
    " took",
    " very",
    " sea",
    " door",
    " for",
    " mother",
    " sun",
    " help",
    " big",
    " became",
    " loved",
    " walked",
    " will",
    " long",
    " gave",
    " meal",
    " but",
    " baby",
    " bread",
    " chef",
    " elephant",
    " upon",
    " time",
    " lost",
    " returned",
    " helped",
    " an",
    " chased",
    " am",
    " meat",
    " dark",
    " played",
    " slept",
    " teacher",
    " that",
    " tiger",
    " golden",
    " throne",
    " me",
    " come",
    " find",
    " it",
    " journey",
    " house",
    " become",
    " sick",
    " away",
    " family",
    " this",
    " loyal",
    " pet",
    " them",
    " saw",
    " wolf",
    " not",
    " eagle",
    " cold",
    " hospital",
    " him",
    " cheese",
    " school",
    " pasta",
    " rice",
    " engineer",
    " moon",
    " fast",
    " their",
    " pets",
    " runs",
    " ruled",
    " deep",
    " across",
    " wanted",
    " must",
    " be",
    " hungry",
    " strong",
    " as",
    " mouse",
    " both",
    " little",
    " afraid",
    " when",
    " fish",
    " laughed",
    " flew",
    " we",
    " friends",
    " bed",
    " worked",
    " nurse",
    " dinner",
    " pizza",
    " scientist",
    " daughter",
    " powerful",
    " rule",
    " ever",
    " after",
    " wandered",
    " wicked",
    " sad",
    " smart",
    " poor",
    " ago",
    " beautiful",
    " wish",
    " mat",
    " tiny",
    " met",
    " wild",
    " milk",
    " fierce",
    " my",
    " near",
    " could",
    " then",
    " above",
    " down",
    " under",
    " three",
    " night",
    " morning",
    " made",
    " student",
    " grew",
    " cooked",
    " italian",
    " machine",
    " rain",
    " flowed",
    " playful",
    " nearby",
    " over",
    " land",
    " fruit",
    " vegetables",
    " drinks",
    " floor",
    " all",
    " animal",
    " popular",
    " eats",
    " sleeps",
    " need",
    " wise",
    " wore",
    " noble",
    " birth",
    " fell",
    " bring",
    " again",
    " told",
    " people",
    " proud",
    " here",
    " royal",
    " stay",
    " cute",
    " lives",
    " next",
    " wagged",
    " its",
    " tail",
    " swim",
    " like",
    " quick",
    " heard",
    " sound",
    " did",
    " inside",
    " healed",
    " learn",
    " want",
    " hard",
    " kitchen",
    " delicious",
    " too",
    " best",
    " sushi",
    " because",
    " about",
    " bright",
    " stars",
    " shine",
    " ran",
    " path",
    " trees",
    " have",
    " some",
    " birds",
    " drank",
    " shined",
    " fly",
    " feast",
    " cake",
    " juice",
    " coffee",
    " tea",
    " father",
    " two",
    " lunch",
    " asked",
    " our",
    " large",
    " helps",
    " works",
    " walks",
    " dogs",
    " flows",
    " grows",
    " loves",
    " silver",
    " play",
    " darkness",
    " more",
    " far",
    " welcome",
    " may",
    " looking",
    " your",
    " jumped",
    " purred",
    " loudly",
    " scared",
    " sleep",
    " outside",
    " chase",
    " thank",
    " warm",
    " read",
    " write",
    " study",
    " work",
    " love",
    " japanese",
    " lab",
    " heal",
    " smiled",
    " studied",
    " built",
    " showed",
    " race",
    " shines",
    " glows",
    " faster",
    " than",
    " raced",
    " end",
    " thick",
    " turned",
    " fire",
    " middle",
    " swam",
    " place",
    " arm",
    " fall",
    " dry",
    " know",
    " last",
    " glowed",
    " looked",
    " up",
    " climb",
    " below",
    " story",
    " cookies",
    " table",
    " sweet",
    " no",
    " most",
    " should",
    " children",
    " watched",
    " can",
    " left",
    " hidden",
    " behind",
    " kindness",
    " ready",
    " lions",
    " tigers",
    " crowned",
    " hero",
    " sits",
    " rules",
    " grow",
    " makes",
    " common",
    " hot",
    " sandwich",
    " rug",
    " sit",
    " make",
    " loud",
    " walk",
    " beside",
    " flies",
    " swims",
    " cats",
    " builds",
    " machines",
    " son",
    " learns",
    " heals",
    " which",
    " healthy",
    " falls",
    " blood",
    " true",
    " lover"
  ],
  "merges": [
    {
      "pair": [
        " ",
        "t"
      ],
      "merged": " t"
    },
    {
      "pair": [
        "h",
        "e"
      ],
      "merged": "he"
    },
    {
      "pair": [
        " t",
        "he"
      ],
      "merged": " the"
    },
    {
      "pair": [
        " ",
        "a"
      ],
      "merged": " a"
    },
    {
      "pair": [
        "n",
        "d"
      ],
      "merged": "nd"
    },
    {
      "pair": [
        " ",
        "s"
      ],
      "merged": " s"
    },
    {
      "pair": [
        " a",
        "nd"
      ],
      "merged": " and"
    },
    {
      "pair": [
        " ",
        "w"
      ],
      "merged": " w"
    },
    {
      "pair": [
        "i",
        "n"
      ],
      "merged": "in"
    },
    {
      "pair": [
        " ",
        "b"
      ],
      "merged": " b"
    },
    {
      "pair": [
        " ",
        "f"
      ],
      "merged": " f"
    },
    {
      "pair": [
        "r",
        "e"
      ],
      "merged": "re"
    },
    {
      "pair": [
        " ",
        "c"
      ],
      "merged": " c"
    },
    {
      "pair": [
        "v",
        "e"
      ],
      "merged": "ve"
    },
    {
      "pair": [
        " ",
        "d"
      ],
      "merged": " d"
    },
    {
      "pair": [
        "o",
        "n"
      ],
      "merged": "on"
    },
    {
      "pair": [
        " ",
        "p"
      ],
      "merged": " p"
    },
    {
      "pair": [
        "o",
        "u"
      ],
      "merged": "ou"
    },
    {
      "pair": [
        " ",
        "l"
      ],
      "merged": " l"
    },
    {
      "pair": [
        " ",
        "m"
      ],
      "merged": " m"
    },
    {
      "pair": [
        "a",
        "t"
      ],
      "merged": "at"
    },
    {
      "pair": [
        "a",
        "s"
      ],
      "merged": "as"
    },
    {
      "pair": [
        " ",
        "h"
      ],
      "merged": " h"
    },
    {
      "pair": [
        "l",
        "e"
      ],
      "merged": "le"
    },
    {
      "pair": [
        "e",
        "n"
      ],
      "merged": "en"
    },
    {
      "pair": [
        " t",
        "o"
      ],
      "merged": " to"
    },
    {
      "pair": [
        " ",
        "k"
      ],
      "merged": " k"
    },
    {
      "pair": [
        "a",
        "l"
      ],
      "merged": "al"
    },
    {
      "pair": [
        "o",
        "m"
      ],
      "merged": "om"
    },
    {
      "pair": [
        "e",
        "d"
      ],
      "merged": "ed"
    },
    {
      "pair": [
        " ",
        "in"
      ],
      "merged": " in"
    },
    {
      "pair": [
        "i",
        "d"
      ],
      "merged": "id"
    },
    {
      "pair": [
        " s",
        "a"
      ],
      "merged": " sa"
    },
    {
      "pair": [
        " ",
        "on"
      ],
      "merged": " on"
    },
    {
      "pair": [
        "a",
        "n"
      ],
      "merged": "an"
    },
    {
      "pair": [
        "i",
        "t"
      ],
      "merged": "it"
    },
    {
      "pair": [
        " ",
        "g"
      ],
      "merged": " g"
    },
    {
      "pair": [
        "ve",
        "r"
      ],
      "merged": "ver"
    },
    {
      "pair": [
        " ",
        "he"
      ],
      "merged": " he"
    },
    {
      "pair": [
        "c",
        "e"
      ],
      "merged": "ce"
    },
    {
      "pair": [
        "in",
        "g"
      ],
      "merged": "ing"
    },
    {
      "pair": [
        " sa",
        "id"
      ],
      "merged": " said"
    },
    {
      "pair": [
        "a",
        "r"
      ],
      "merged": "ar"
    },
    {
      "pair": [
        " ",
        "r"
      ],
      "merged": " r"
    },
    {
      "pair": [
        "a",
        "y"
      ],
      "merged": "ay"
    },
    {
      "pair": [
        " k",
        "ing"
      ],
      "merged": " king"
    },
    {
      "pair": [
        " f",
        "o"
      ],
      "merged": " fo"
    },
    {
      "pair": [
        "i",
        "l"
      ],
      "merged": "il"
    },
    {
      "pair": [
        "i",
        "s"
      ],
      "merged": "is"
    },
    {
      "pair": [
        " w",
        "as"
      ],
      "merged": " was"
    },
    {
      "pair": [
        "e",
        "r"
      ],
      "merged": "er"
    },
    {
      "pair": [
        "o",
        "l"
      ],
      "merged": "ol"
    },
    {
      "pair": [
        " d",
        "o"
      ],
      "merged": " do"
    },
    {
      "pair": [
        "s",
        "t"
      ],
      "merged": "st"
    },
    {
      "pair": [
        " b",
        "e"
      ],
      "merged": " be"
    },
    {
      "pair": [
        "i",
        "r"
      ],
      "merged": "ir"
    },
    {
      "pair": [
        "o",
        "r"
      ],
      "merged": "or"
    },
    {
      "pair": [
        " the",
        "y"
      ],
      "merged": " they"
    },
    {
      "pair": [
        "r",
        "in"
      ],
      "merged": "rin"
    },
    {
      "pair": [
        " ",
        "y"
      ],
      "merged": " y"
    },
    {
      "pair": [
        " y",
        "ou"
      ],
      "merged": " you"
    },
    {
      "pair": [
        "o",
        "y"
      ],
      "merged": "oy"
    },
    {
      "pair": [
        "as",
        "t"
      ],
      "merged": "ast"
    },
    {
      "pair": [
        " d",
        "ay"
      ],
      "merged": " day"
    },
    {
      "pair": [
        " l",
        "i"
      ],
      "merged": " li"
    },
    {
      "pair": [
        "ol",
        "d"
      ],
      "merged": "old"
    },
    {
      "pair": [
        " t",
        "h"
      ],
      "merged": " th"
    },
    {
      "pair": [
        "g",
        "e"
      ],
      "merged": "ge"
    },
    {
      "pair": [
        " h",
        "a"
      ],
      "merged": " ha"
    },
    {
      "pair": [
        " p",
        "rin"
      ],
      "merged": " prin"
    },
    {
      "pair": [
        " prin",
        "ce"
      ],
      "merged": " prince"
    },
    {
      "pair": [
        " ",
        "e"
      ],
      "merged": " e"
    },
    {
      "pair": [
        "he",
        "r"
      ],
      "merged": "her"
    },
    {
      "pair": [
        "p",
        "p"
      ],
      "merged": "pp"
    },
    {
      "pair": [
        "i",
        "m"
      ],
      "merged": "im"
    },
    {
      "pair": [
        " r",
        "i"
      ],
      "merged": " ri"
    },
    {
      "pair": [
        "o",
        "w"
      ],
      "merged": "ow"
    },
    {
      "pair": [
        " b",
        "oy"
      ],
      "merged": " boy"
    },
    {
      "pair": [
        " fo",
        "re"
      ],
      "merged": " fore"
    },
    {
      "pair": [
        " fore",
        "st"
      ],
      "merged": " forest"
    },
    {
      "pair": [
        " ",
        "n"
      ],
      "merged": " n"
    },
    {
      "pair": [
        "a",
        "m"
      ],
      "merged": "am"
    },
    {
      "pair": [
        "ve",
        "d"
      ],
      "merged": "ved"
    },
    {
      "pair": [
        "en",
        "t"
      ],
      "merged": "ent"
    },
    {
      "pair": [
        " c",
        "at"
      ],
      "merged": " cat"
    },
    {
      "pair": [
        " s",
        "he"
      ],
      "merged": " she"
    },
    {
      "pair": [
        " on",
        "e"
      ],
      "merged": " one"
    },
    {
      "pair": [
        " ",
        "i"
      ],
      "merged": " i"
    },
    {
      "pair": [
        "a",
        "ve"
      ],
      "merged": "ave"
    },
    {
      "pair": [
        "om",
        "e"
      ],
      "merged": "ome"
    },
    {
      "pair": [
        "al",
        "l"
      ],
      "merged": "all"
    },
    {
      "pair": [
        "a",
        "c"
      ],
      "merged": "ac"
    },
    {
      "pair": [
        " ri",
        "ver"
      ],
      "merged": " river"
    },
    {
      "pair": [
        " m",
        "e"
      ],
      "merged": " me"
    },
    {
      "pair": [
        "t",
        "her"
      ],
      "merged": "ther"
    },
    {
      "pair": [
        " ",
        "old"
      ],
      "merged": " old"
    },
    {
      "pair": [
        "s",
        "e"
      ],
      "merged": "se"
    },
    {
      "pair": [
        " a",
        "t"
      ],
      "merged": " at"
    },
    {
      "pair": [
        " ha",
        "pp"
      ],
      "merged": " happ"
    },
    {
      "pair": [
        " b",
        "r"
      ],
      "merged": " br"
    },
    {
      "pair": [
        "k",
        "ed"
      ],
      "merged": "ked"
    },
    {
      "pair": [
        "il",
        "l"
      ],
      "merged": "ill"
    },
    {
      "pair": [
        " do",
        "g"
      ],
      "merged": " dog"
    },
    {
      "pair": [
        "i",
        "g"
      ],
      "merged": "ig"
    },
    {
      "pair": [
        " ",
        "q"
      ],
      "merged": " q"
    },
    {
      "pair": [
        " q",
        "u"
      ],
      "merged": " qu"
    },
    {
      "pair": [
        " w",
        "it"
      ],
      "merged": " wit"
    },
    {
      "pair": [
        " wit",
        "h"
      ],
      "merged": " with"
    },
    {
      "pair": [
        "am",
        "e"
      ],
      "merged": "ame"
    },
    {
      "pair": [
        " l",
        "o"
      ],
      "merged": " lo"
    },
    {
      "pair": [
        "s",
        "s"
      ],
      "merged": "ss"
    },
    {
      "pair": [
        "ver",
        "y"
      ],
      "merged": "very"
    },
    {
      "pair": [
        "u",
        "n"
      ],
      "merged": "un"
    },
    {
      "pair": [
        " a",
        "n"
      ],
      "merged": " an"
    },
    {
      "pair": [
        "h",
        "o"
      ],
      "merged": "ho"
    },
    {
      "pair": [
        " m",
        "an"
      ],
      "merged": " man"
    },
    {
      "pair": [
        " c",
        "ast"
      ],
      "merged": " cast"
    },
    {
      "pair": [
        " cast",
        "le"
      ],
      "merged": " castle"
    },
    {
      "pair": [
        " li",
        "ved"
      ],
      "merged": " lived"
    },
    {
      "pair": [
        " f",
        "r"
      ],
      "merged": " fr"
    },
    {
      "pair": [
        " w",
        "ent"
      ],
      "merged": " went"
    },
    {
      "pair": [
        " king",
        "d"
      ],
      "merged": " kingd"
    },
    {
      "pair": [
        " kingd",
        "om"
      ],
      "merged": " kingdom"
    },
    {
      "pair": [
        " qu",
        "e"
      ],
      "merged": " que"
    },
    {
      "pair": [
        " que",
        "en"
      ],
      "merged": " queen"
    },
    {
      "pair": [
        " w",
        "om"
      ],
      "merged": " wom"
    },
    {
      "pair": [
        " wom",
        "an"
      ],
      "merged": " woman"
    },
    {
      "pair": [
        " g",
        "re"
      ],
      "merged": " gre"
    },
    {
      "pair": [
        " br",
        "ave"
      ],
      "merged": " brave"
    },
    {
      "pair": [
        " g",
        "ir"
      ],
      "merged": " gir"
    },
    {
      "pair": [
        " gir",
        "l"
      ],
      "merged": " girl"
    },
    {
      "pair": [
        " s",
        "m"
      ],
      "merged": " sm"
    },
    {
      "pair": [
        " he",
        "l"
      ],
      "merged": " hel"
    },
    {
      "pair": [
        " hel",
        "p"
      ],
      "merged": " help"
    },
    {
      "pair": [
        "it",
        "t"
      ],
      "merged": "itt"
    },
    {
      "pair": [
        "ou",
        "nd"
      ],
      "merged": "ound"
    },
    {
      "pair": [
        "i",
        "nd"
      ],
      "merged": "ind"
    },
    {
      "pair": [
        " b",
        "ir"
      ],
      "merged": " bir"
    },
    {
      "pair": [
        " w",
        "e"
      ],
      "merged": " we"
    },
    {
      "pair": [
        "i",
        "c"
      ],
      "merged": "ic"
    },
    {
      "pair": [
        " b",
        "y"
      ],
      "merged": " by"
    },
    {
      "pair": [
        " m",
        "o"
      ],
      "merged": " mo"
    },
    {
      "pair": [
        " a",
        "re"
      ],
      "merged": " are"
    },
    {
      "pair": [
        " the",
        "re"
      ],
      "merged": " there"
    },
    {
      "pair": [
        " s",
        "at"
      ],
      "merged": " sat"
    },
    {
      "pair": [
        " th",
        "r"
      ],
      "merged": " thr"
    },
    {
      "pair": [
        " be",
        "c"
      ],
      "merged": " bec"
    },
    {
      "pair": [
        "il",
        "y"
      ],
      "merged": "ily"
    },
    {
      "pair": [
        " he",
        "r"
      ],
      "merged": " her"
    },
    {
      "pair": [
        "o",
        "d"
      ],
      "merged": "od"
    },
    {
      "pair": [
        " s",
        "t"
      ],
      "merged": " st"
    },
    {
      "pair": [
        " h",
        "is"
      ],
      "merged": " his"
    },
    {
      "pair": [
        "re",
        "e"
      ],
      "merged": "ree"
    },
    {
      "pair": [
        " w",
        "ho"
      ],
      "merged": " who"
    },
    {
      "pair": [
        " gre",
        "at"
      ],
      "merged": " great"
    },
    {
      "pair": [
        " f",
        "ound"
      ],
      "merged": " found"
    },
    {
      "pair": [
        "r",
        "ow"
      ],
      "merged": "row"
    },
    {
      "pair": [
        " to",
        "ge"
      ],
      "merged": " toge"
    },
    {
      "pair": [
        " toge",
        "ther"
      ],
      "merged": " together"
    },
    {
      "pair": [
        " prince",
        "ss"
      ],
      "merged": " princess"
    },
    {
      "pair": [
        "g",
        "h"
      ],
      "merged": "gh"
    },
    {
      "pair": [
        "an",
        "t"
      ],
      "merged": "ant"
    },
    {
      "pair": [
        " ",
        "v"
      ],
      "merged": " v"
    },
    {
      "pair": [
        " v",
        "ill"
      ],
      "merged": " vill"
    },
    {
      "pair": [
        " vill",
        "a"
      ],
      "merged": " villa"
    },
    {
      "pair": [
        " villa",
        "ge"
      ],
      "merged": " village"
    },
    {
      "pair": [
        " fo",
        "od"
      ],
      "merged": " food"
    },
    {
      "pair": [
        " ",
        "is"
      ],
      "merged": " is"
    },
    {
      "pair": [
        "a",
        "u"
      ],
      "merged": "au"
    },
    {
      "pair": [
        " s",
        "k"
      ],
      "merged": " sk"
    },
    {
     