# Chunk number: 17 of 37

0.521741,
      -0.147777,
      0.216323,
      -0.415858,
      -0.668106,
      -0.442689,
      0.054877,
      -0.056194,
      0.72251,
      0.625514,
      0.009972,
      0.496418,
      -0.521337,
      -0.05363,
      -0.315253,
      -0.07281,
      -0.702343,
      -0.606759,
      0.568221,
      -0.587054,
      0.041374,
      -0.273903,
      -0.392265,
      -0.534212,
      -0.117137,
      -0.568831,
      0.138512,
      0.260242,
      0.143061,
      -0.388512,
      0.233199,
      0.086536,
      0.360039,
      -0.198154,
      -0.305935,
      0.599611,
      -0.450934,
      0.529597,
      0.401412,
      0.320305,
      0.546732,
      -0.69289,
      -0.515605,
      0.046878,
      0.44586,
      0.628989,
      0.483698,
      -0.047507,
      -0.909932,
      -0.48403,
      -0.110061,
      -0.485688,
      -0.495183,
      -0.497553,
      0.517298,
      -0.429995,
      -0.793189,
      0.099256,
      -0.204286,
      0.084991,
      -0.245514,
      0.153234,
      -0.538647,
      0.083528,
      -0.4165,
      -0.113526,
      -0.882342,
      0.667427,
      0.582327,
      -0.464857,
      -0.110255,
      0.77282,
      -0.308368,
      -0.668106,
      -0.018043,
      -0.276137,
      -0.056149,
      -0.445098,
      0.167834,
      0.28386,
      -0.368289,
      -0.285609,
      -0.306215,
      -0.478782,
      0.43116,
      0.305192,
      -0.669118,
      -0.430559,
      0.075125,
      0.157322,
      0.480706,
      -0.280187,
      -0.286065,
      -0.2338,
      -0.50042,
      -0.488825,
      0.14507,
      -0.291765,
      0.550368,
      -0.000247,
      -0.206092,
      -0.080814,
      0.178571,
      -0.411973,
      0.177328,
      0.590794,
      -0.217799,
      -0.140684,
      -0.199076,
      0.139882,
      -0.001693,
      -0.229078,
      0.103228,
      0.066226,
      -0.339626,
      -0.347593,
      -0.424473,
      0.298917,
      -0.079106,
      -0.369461,
      -0.425376,
      -0.537494,
      -0.283366,
      -0.375625,
      -0.231743,
      0.421258,
      0.175065,
      -0.642884,
      0.463253,
      -0.20319,
      0.07437,
      -0.57939,
      -0.384781,
      -0.551593,
      -0.660464,
      -0.326905,
      -0.476311,
      -0.560889,
      -0.37174,
      -0.109871,
      0.424132,
      -0.620702,
      -0.190421,
      -0.303033,
      -0.34511,
      -0.641935,
      0.105768,
      -0.584631,
      -0.521748,
      -0.443021,
      -0.500468,
      -0.42358,
      -0.625962,
      -0.621805,
      0.228695,
      0.103451,
      -0.642924,
      -0.170113,
      -0.039949,
      -0.39313,
      -0.423944,
      -0.492393,
      0.06911,
      -0.49014,
      0.271453,
      0.08915,
      0.436249,
      0.488996,
      0.119076,
      -0.36916,
      0.363113,
      -0.058567,
      -0.543041,
      0.008247,
      0.176796,
      -0.073044,
      0.357369,
      0.316569,
      0.21393,
      0.014688,
      0.077351,
      -0.058725,
      -0.194458,
      -0.027252,
      -0.353834,
      -0.515011,
      -0.286413,
      0.150893,
      0.047542,
      -0.609017,
      0.149248,
      -0.504572,
      -0.376663,
      -0.679137,
      -0.4281,
      -0.401389,
      -0.068896,
      -0.503178,
      -0.113522,
      0.251495,
      -0.071821,
      -0.077435,
      -0.249462,
      -0.39758,
      -0.004896,
      -0.11841,
      0.254794,
      -0.14124,
      -0.511849,
      0.344213,
      -0.643964,
      -0.448952,
      -0.233096,
      -0.536717,
      0.169444,
      -0.024236,
      0.593628,
      -0.354728,
      -0.263875,
      -0.077929,
      0.395463,
      -0.234323,
      0.31593,
      0.282137,
      -0.695881,
      0.11122,
      -0.294374,
      0.106903,
      -0.378286,
      -0.107393,
      0.070942,
      0.068735,
      0.143078,
      0.04121,
      0.156777,
      0.073846,
      -0.333819,
      -0.095815,
      0.09339,
      -0.399757,
      -0.389737,
      0.068106,
      0.141555,
      0.343866,
      0.268123,
      -0.338149,
      0.163127,
      -0.238038,
      -0.295981,
      0.383896,
      -0.546399,
      -0.112136,
      0.271004,
      0.23297,
      -0.011692,
      -0.513272,
      -0.202638,
      -0.215997,
      0.054282,
      -0.134214,
      -0.184911,
      -0.143094,
      -0.34547,
      -0.359067,
      -0.119707,
      0.100489,
      0.179829,
      -0.524817,
      -0.106165,
      -0.451685,
      0.402436,
      0.43951,
      -0.03325,
      0.178796,
      -0.039191,
      -0.188864,
      -0.21311,
      -0.210224,
      -0.344505,
      -0.314439,
      0.099234,
      0.79804,
      0.329009,
      -0.345851,
      -0.364491,
      0.353742,
      -0.555002,
      -0.459679,
      0.167241,
      0.388354,
      -0.427415,
      -0.412365,
      -0.597011,
      0.177819,
      0.246178,
      0.56518,
      -0.027761,
      -0.171914,
      0.391863,
      0.100852,
      -0.141787,
      -0.393956,
      0.534409,
      0.462443,
      -0.437738,
      0.248797,
      -0.354935,
      -0.637365,
      0.577497,
      -0.058439,
      0.419637,
      -0.226721,
      0.167673,
      0.237066,
      0.271089,
      -0.609598,
      0.510227,
      0.439365,
      0.147624,
      -0.411689,
      -0.368964,
      -0.179498,
      0.164884,
      -0.577963,
      -0.493524,
      -0.422582,
      -0.290794,
      -0.602333,
      -0.517149,
      -0.37043,
      -0.68792,
      0.479061,
      0.268987,
      -0.504913,
      0.179596,
      -0.310304,
      -0.767576,
      -0.36844,
      -0.027953,
      -0.289996,
      0.088265,
      0.148847,
      0.217707,
      0.135759,
      -0.370731,
      -0.044837,
      -0.537494,
      0.141039,
      -0.672432,
      0.146005,
      -0.754586,
      -0.555957,
      -0.349302,
      0.712524,
      -0.52174,
      0.240349,
      -0.502706,
      0.365079,
      -0.637855,
      -0.718768,
      -0.232541,
      -0.304585,
      0.603864,
      -0.48505,
      -0.401286,
      -0.271258,
      -0.035615,
      -0.419577,
      -0.473443,
      0.334476,
      0.033216,
      -0.098311,
      -0.398351,
      -0.681493,
      -0.456465,
      -0.029555,
      -0.342424,
      0.169692,
      0.157787,
      0.18172,
      0.653775,
      0.711621,
      0.185981,
      0.577467,
      -0.236539,
      -0.366795,
      0.055138,
      -0.616672,
      0.026946,
      -0.390793,
      -0.438443,
      0.127644,
      -0.151962,
      -0.724302,
      -0.24523,
      0.309982,
      -0.555174,
      -0.414067,
      -0.644848,
      -0.375432,
      -0.115456,
      -0.521972,
      -0.238153,
      -0.032693,
      0.482049,
      -0.68587,
      0.508455,
      0.48856,
      -0.386468,
      -0.623009,
      0.243755,
      -0.470806,
      0.143333,
      0.484653,
      0.047914,
      0.318222,
      -0.340142,
      0.622934,
      0.170374,
      -0.318248,
      0.17909,
      0.328459,
      0.250523,
      -0.539545,
      0.147812,
      -0.404018,
      0.241789,
      -0.522915,
      -0.082627,
      -0.065309,
      -0.105553,
      -0.479493,
      -0.671056,
      -0.404448,
      0.829066,
      -0.366063,
      -0.58085,
      -0.17273,
      -0.271631,
      -0.294843,
      -0.428983,
      -0.306282,
      0.437342,
      -0.223755,
      -0.574906,
      -0.304626,
      -0.667673,
      -0.290137,
      0.470095,
      -0.194941,
      -0.640429,
      0.716161,
      0.071996,
      0.200635,
      0.370365,
      -0.325155,
      0.056362,
      0.283838,
      -0.454461,
      -0.20676,
      -0.235717,
      -0.041709,
      0.3637,
      -0.455067,
      0.323531,
      -0.364575,
      -0.460356,
      -0.398096,
      -0.515724,
      -0.264429,
      -0.245199,
      0.423326,
      0.159987,
      -0.573603,
      -0.361397,
      -0.533824,
      -0.698665,
      -0.763235,
      0.392222,
      -0.615851,
      -0.539234,
      -0.487111,
      -0.10863,
      0.276986,
      -0.042669,
      0.157913,
      0.522734,
      0.378504,
      0.590097,
      0.043824,
      -0.276593,
      -0.20762,
      0.25189,
      0.05514,
      0.350021,
      -0.310139,
      -0.342123,
      -0.406371,
      0.485776,
      0.014082,
      -0.309731,
      -0.31437,
      -0.407835,
      0.161489,
      0.285477,
      -0.544372,
      -0.102519,
      0.622028,
      0.166896,
      0.057201,
      0.165883,
      -0.171874,
      0.138556,
      -0.294641,
      -0.363884,
      -0.130934,
      -0.003842,
      0.072876,
      -0.188763,
      -0.3751,
      0.312748,
      -0.60771,
      0.077046,
      0.224732,
      -0.562776,
      -0.403649,
      -0.352695,
      -0.352326,
      0.298992,
      -0.209662,
      0.48135,
      0.01745,
      -0.039848,
      -0.047225,
      0.426345,
      -0.230806,
      0.428679,
      -0.319738,
      0.116873,
      -0.23808,
      0.131159,
      0.046535,
      0.191867,
      -0.32167,
      -0.399399,
      0.058427,
      0.390126,
      -0.287177,
      0.398892,
      0.283333,
      0.50783,
      0.473036,
      -0.295222,
      0.579682,
      -0.435872,
      -0.629029,
      -0.36299,
      -0.310861,
      -0.414345,
      0.137106,
      -0.464808,
      -0.52959,
      0.412015,
      -0.517487,
      -0.194453,
      0.11513,
      -0.409256,
      -0.28662,
      -0.298397,
      0.116591,
      0.208554,
      -0.331101,
      0.065189,
      -0.139545,
      -0.369406,
      -0.510809,
      -0.029765,
      -0.458786,
      -0.364813,
      -0.542381,
      -0.3587,
      0.170881,
      0.100104,
      -0.178998,
      -0.209225,
      -0.062443,
      0.103686,
      -0.683971,
      -0.443658,
      0.008636,
      0.353388,
      0.419482,
      0.21352,
      -0.368381,
      -0.149163,
      -0.221938,
      -0.362941,
      -0.296108,
      0.178855,
      -0.133429,
      -0.207877,
      -0.533448,
      0.168437,
      0.036696,
      -0.238815,
      -0.362678,
      -0.333454,
      -0.328979,
      -0.643829,
      -0.206622,
      -0.052071,
      0.022643,
      0.222289,
      -0.19204,
      -0.348306,
      -0.168087,
      -0.27704,
      0.51621,
      0.415931,
      0.32086,
      -0.447159,
      0.240822,
      -0.096,
      0.072577,
      -0.009065,
      0.534995,
      0.411309,
      -0.268648,
      -0.117332,
      0.155362,
      -0.306173,
      0.403444,
      0.419498,
      -0.195414,
      0.106072,
      -0.394187,
      0.35978,
      -0.466543,
      0.354255,
      -0.056587,
      0.387994,
      -0.316844,
      -0.163386,
      0.000983,
      0.220252,
      -0.312789,
      0.35079,
      0.204441,
      -0.434257,
      -0.451195,
      -0.06142,
      -0.13952,
      0.015909,
      -0.513373,
      0.218167,
      -0.264911,
      0.136986,
      -0.135396,
      -0.44903,
      -0.298593,
      0.2413,
      -0.018718,
      0.001055,
      -0.32539,
      -0.003833,
      -0.356026,
      -0.021961,
      -0.620289,
      -0.539624,
      0.056073,
      -0.570718,
      0.340755,
      0.131059,
      0.583813,
      -0.469106,
      -0.361649,
      -0.342831,
      -0.464299,
      -0.284084,
      -0.353356,
      -0.156692,
      0.528133,
      0.247971,
      -0.458582,
      0.458155,
      0.05052,
      0.045562,
      0.427653,
      -0.005223,
      0.048259,
      0.008848,
      0.410807,
      0.256718,
      -0.121149,
      -0.085936,
      0.590867,
      -0.530069,
      0.074633,
      -0.124038,
      0.152137,
      0.520364,
      -0.501802,
      0.496393,
      -0.405816,
      -0.059492,
      0.658084,
      0.4528,
      0.29091,
      0.181097,
      -0.525145,
      -0.497505,
      0.250383,
      -0.580633,
      -0.774587,
      0.248487,
      -0.480446,
      0.229051,
      -0.231493,
      -0.446333,
      0.461184,
      -0.365563,
      0.391048,
      -0.530836,
      0.208442,
      -0.115036,
      -0.36442,
      -0.245326,
      0.545395,
      0.551545,
      -0.552225,
      -0.598106,
      -0.609495,
      -0.2175,
      0.06286,
      0.007657,
      0.292968,
      0.376637,
      0.416332,
      -0.577284,
      0.35306,
      0.334875,
      -0.153869,
      0.485677,
      -0.728657,
      -0.128861,
      0.635268,
      -0.241489,
      -0.491197,
      -0.526867,
      -0.407699,
      0.447848,
      0.325012,
      0.082148,
      -0.485612,
      -0.004318,
      -0.037418,
      0.239155,
      -0.438602,
      0.637811,
      0.651821,
      -0.400619,
      0.237022,
      -0.216649,
      0.427461,
      0.276791,
      0.061083,
      -0.351066,
      -0.305183,
      0.536053,
      0.099299,
      -0.796938,
      0.685614,
      0.373013,
      0.56184,
      -0.472323,
      -0.283216,
      0.16607,
      -0.541858,
      0.336824,
      0.249277,
      -0.065385,
      0.440011,
      -0.27831,
      0.7819,
      -0.4589,
      0.050479,
      0.749717,
      0.405727,
      -0.107353,
      -0.312449,
      -0.405689,
      0.451189,
      0.317387,
      0.073607,
      -0.197793,
      -0.143559,
      0.45547,
      0.410992,
      0.390393,
      0.222554,
      -0.099228,
      0.424313,
      0.186262,
      0.468772,
      0.169834,
      0.249423,
      0.402018,
      0.33101,
      0.281084,
      -0.283815,
      -0.692193,
      -0.327514,
      -0.239318,
      -0.088279,
      -0.411144,
      0.043149,
      0.511723,
      0.346757,
      0.365847,
      0.648928,
      0.281065,
      0.183316,
      0.415011,
      0.493425,
      0.596884,
      -0.448688,
      -0.151033,
      0.164604,
      -0.192419,
      0.232777,
      0.511118,
      -0.403282,
      -0.196345,
      -0.251029,
      0.305607,
      0.233193,
      0.173153,
      -0.409866,
      0.38059,
      0.237156,
      -0.45426,
      -0.389454,
      -0.349647,
      0.694148,
      0.206995,
      0.633921,
      0.440123,
      -0.238662,
      0.51712,
      0.470475,
      0.262229,
      0.016803,
      -0.43895,
      0.479087,
      -0.059256,
      0.515517,
      0.458976,
      -0.421057,
      0.485965,
      -0.155855,
      0.05784,
      -0.303888,
      -0.047981,
      0.387682,
      0.438008,
      0.444044,
      0.617212,
      0.474265,
      0.399147,
      0.619863,
      0.026638,
      0.138966,
      -0.163605,
      0.082657,
      0.545235,
      0.379435,
      -0.3391,
      -0.093439,
      -0.043562,
      0.308512,
      0.233552,
      -0.064932,
      -0.079275,
      0.610537,
      0.337437,
      0.464096,
      0.210578,
      0.428895,
      0.44753,
      0.633517,
      0.141454,
      -0.571461,
      0.5266,
      -0.357618,
      0.415951,
      0.288043,
      0.329711,
      0.456533,
      0.316281,
      0.498571,
      0.209741,
      -0.004377,
      -0.12168,
      0.259323,
      -0.001908,
      0.419418,
      0.508511,
      0.485877,
      -0.314084,
      -0.012055,
      0.10232,
      0.475845,
      -0.151811,
      0.005134,
      0.012101,
      0.512485,
      0.332784,
      0.600967,
      -0.127008,
      -0.100683,
      0.520805,
      0.710226,
      0.535179,
      0.392357,
      0.597117,
      -0.216725,
      0.440458,
      -0.352565,
      -0.218136,
      0.569355,
      0.0121,
      -0.022968,
      -0.531648,
      -0.032122,
      0.460865,
      -0.223637,
      0.467778,
      0.429579,
      0.660647,
      0.60461,
      0.208856,
      0.486813,
      -0.036287,
      0.427774,
      0.163127,
      -0.009157,
      0.239835,
      0.260947,
      0.263639,
      -0.051777,
      0.225598,
      -0.056131,
      0.268208,
      -0.018726,
      0.335747,
      0.186707,
      0.608605,
      -0.352274,
      -0.105882,
      0.231492,
      -0.198327,
      0.414113,
      -0.045473,
      0.367972,
      0.096676,
      0.193146,
      0.375594,
      0.344255,
      0.50167,
      -0.172224,
      0.189482,
      0.208562,
      0.071777,
      0.273012,
      0.166538,
      0.465946,
      0.366131,
      0.395728,
      0.247581,
      -0.118157,
      -0.1466,
      -0.18861,
      0.690945,
      0.045967,
      -0.012706,
      0.393372,
      -0.183319,
      0.125523,
      0.155456,
      0.524287,
      0.040987,
      0.118043,
      0.204866,
      0.417997,
      0.217365,
      -0.165854,
      -0.021761,
      -0.160605,
      0.310642,
      0.167359,
      -0.12369,
      0.744858,
      0.451361,
      0.424355,
      0.350218,
      -0.411561,
      0.158698,
      0.508667,
      -0.226602,
      0.414058,
      0.401706,
      0.068379,
      -0.263935,
      0.161893,
      0.647493,
      0.114139,
      0.270711,
      -0.034977,
      -0.042577,
      0.277311,
      -0.019279,
      0.378015,
      -0.107958,
      -0.134218,
      -0.124844,
      -0.208595,
      0.238456,
      0.658759,
      -0.244685,
      0.269503,
      -0.201557,
      0.040641,
      0.091942,
      0.14338,
      0.192128,
      0.269406,
      0.027915,
      0.171574,
      0.670158,
      -0.099177,
      0.1341,
      0.321631,
      -0.327359,
      0.116059,
      0.440467,
      -0.379992,
      -0.472657,
      -0.133769,
      0.054965,
      0.171782,
      0.016353,
      0.016015,
      0.254194,
      0.279545,
      0.279808,
      0.136269,
      0.314753,
      0.305105,
      0.378732,
      0.495579,
      -0.276456,
      0.536197,
      0.555898,
      0.504027,
      -0.364499,
      -0.256691,
      0.122665,
      0.479937,
      -0.575946,
      -0.478795,
      -0.441834,
      -0.131055,
      -0.411714,
      -0.392078,
      -0.268628,
      0.607142,
      -0.448348,
      0.075804,
      0.132933,
      -0.563554,
      0.317931,
      -0.274673,
      0.023595,
      -0.328073,
      -0.534949,
      -0.820668,
      -0.087567,
      -0.50355,
      0.432042,
      -0.368244,
      0.652266,
      0.486735,
      0.479258,
      0.57928,
      -0.61629,
      0.420813,
      0.592804,
      -0.537261,
      0.307362,
      -0.014197,
      -0.286351,
      -0.491798,
      -0.062366,
      -0.384421,
      0.102641,
      0.329886,
      -0.464603,
      0.586628,
      0.487638,
      0.250807,
      -0.540369,
      -0.342091,
      -0.494344,
      -0.623172,
      -0.682838,
      -0.371918,
      0.339376,
      0.245229,
      -0.573504,
      -0.707244,
      0.077086,
      0.064631,
      0.118879,
      -0.143667,
      -0.293705,
      -0.364013,
      0.123308,
      -0.119899,
      -0.012636,
      -0.422788,
      -0.148419,
      0.018793,
      -0.286889,
      -0.037049,
      -0.076898,
      0.122858,
      -0.595722,
      -0.114443,
      -0.011489,
      0.073468,
      -0.429077,
      -0.479384,
      0.023745,
      0.335918,
      0.049159,
      -0.009071,
      0.59677,
      -0.458091,
      0.359035,
      -0.020015,
      -0.454096,
      -0.32765,
      0.027143,
      -0.502838,
      -0.602934,
      -0.290125,
      0.252324,
      -0.246543,
      -0.402425,
      0.032107,
      0.431427,
      -0.28471,
      -0.598682,
      -0.022875,
      0.44136,
      -0.193659,
      -0.293648,
      -0.575404,
      -0.131379,
      -0.678674,
      -0.147163,
      -0.364072,
      0.157191,
      -0.317214,
      -0.683146,
      -0.22769,
      -0.587727,
      -0.270166,
      0.231452,
      -0.376902,
      0.22512,
      0.494261,
      -0.464727,
      -0.568937,
      -0.577267,
      -0.312725,
      -0.570035,
      0.336947,
      -0.562938,
      -0.284323,
      -0.337828,
      -0.426491,
      0.244022,
      -0.258921,
      -0.564153,
      -0.277004,
      -0.507315,
      -0.154067,
      -0.550633,
      -0.326149,
      0.678128,
      -0.509889,
      -0.644504,
      0.309691,
      0.480757,
      -0.147937,
      0.252277,
      0.580656,
      -0.173959,
      0.494045,
      -0.094392,
      -0.300138,
      0.617592,
      -0.349394,
      -0.223615,
      -0.745248,
      0.490956,
      -0.161738,
      -0.702564,
      -0.295299,
      -0.397769,
      -0.499752,
      0.08479,
      0.204084,
      0.756222,
      -0.355235,
      -0.338284,
      -0.180143,
      -0.371022,
      -0.200901,
      -0.242418,
      -0.671203,
      -0.623989,
      -0.621611,
      0.201605,
      -0.343614,
      -0.494881,
      0.005669,
      -0.202844,
      0.039642,
      -0.064064,
      -0.033105,
      -0.209439,
      0.019341,
      -0.746875,
      0.011047,
      -0.217358,
      0.338491,
      -0.090476,
      0.161228,
      -0.647891,
      -0.084598,
      0.065086,
      -0.427121,
      0.172546,
      -0.595226,
      0.341873,
      0.154038,
      0.400153,
      -0.348561,
      -0.080874,
      0.382802,
      -0.217438,
      -0.231042,
      -0.190362,
      -0.492887,
      0.101392,
      0.167175,
      0.318231,
      -0.306206,
      0.292823,
      0.462184,
      -0.477438,
      -0.263082,
      -0.13715,
      -0.416595,
      -0.466381,
      0.399378,
      -0.414822,
      -0.356011,
      -0.217221,
      -0.557566,
      -0.104199,
      -0.027272,
      0.416659,
      -0.142102,
      0.253056,
      -0.078996,
      -0.559802,
      0.433302,
      -0.466975,
      -0.097524,
      -0.457498,
      0.082213,
      -0.196878,
      -0.637643,
      0.198688,
      -0.329882,
      0.186321,
      0.381198,
      0.198576,
      -0.109733,
      -0.284168,
      -0.552063,
      -0.537244,
      -0.339061,
      0.231648,
      0.170421,
      -0.451904,
      -0.425498,
      -0.050893,
      -0.366393,
      -0.171011,
      -0.196087,
      -0.100069,
      0.207984,
      0.154839,
      -0.218218,
      -0.185455,
      0.153718,
      -0.095785,
      -0.558191,
      -0.160228,
      0.086319,
      -0.445566,
      0.069142,
      0.419562,
      0.172284,
      -0.250712,
      -0.353454,
      0.049087,
      0.188452,
      -0.50061,
      -0.241416,
      -0.348175,
      -0.437951,
      0.14793,
      0.070684,
      -0.054831,
      -0.163405,
      0.290808,
      0.238423,
      0.138169,
      -0.351071,
      0.215393,
      -0.275353,
      -0.669417,
      0.188954,
      -0.413895,
      -0.298713,
      0.013094,
      -0.06367,
      -0.139837,
      -0.637303,
      -0.167243,
      -0.375615,
      0.153643,
      -0.051554,
      0.062012,
      0.100949,
      -0.283439,
      -0.153645,
      -0.027409,
      -0.272561,
      -0.285494,
      -0.153901,
      -0.199242,
      -0.179058,
      -0.218052,
      -0.591896,
      -0.519437,
      0.203207,
      0.294282,
      -0.052158,
      0.235175,
      -0.32045,
      -0.51927,
      -0.348907,
      0.273246,
      0.000666,
      -0.075818,
      0.085946,
      -0.033392,
      0.156085,
      0.197211,
      0.093695,
      0.02938,
      -0.303539,
      -0.032017,
      -0.08199,
      -0.276315,
      0.183234,
      -0.478359,
      0.001623,
      0.352933,
      0.229937,
      0.141021,
      0.086332,
      -0.763375,
      -0.087039,
      -0.257048,
      0.083473,
      -0.275402,
      0.010953,
      0.390206,
      -0.29885,
      0.042989,
      -0.583045,
      -0.215818,
      -0.421703,
      -0.06377,
      0.331727,
      0.165349,
      -0.314384,
      -0.224931,
      -0.174345,
      0.083988,
      -0.014016,
      -0.276918,
      0.175859,
      0.351189,
      0.289664,
      0.298937,
      -0.466523,
      -0.591093,
      -0.196449,
      -0.141504,
      -0.590737,
      0.046273,
      -0.194517,
      -0.133053,
      -0.364256,
      0.103532,
      0.100206,
      0.257936,
      0.375311,
      -0.389711,
      -0.198217,
      0.086357,
      -0.518549,
      0.108588,
      -0.069794,
      -0.21571,
      -0.293078,
      -0.155724,
      -0.254395,
      -0.229256,
      -0.356912,
      -0.197806,
      0.352699,
      0.520149,
      0.45129,
      -0.129696,
      -0.432925,
      0.130102,
      -0.312151,
      -0.609507,
      -0.332736,
      -0.450676,
      -0.121733,
      -0.267648,
      -0.497403,
      -0.021458,
      -0.485787,
      -0.622549,
      -0.37849,
      -0.098904,
      -0.765236,
      -0.48424,
      -0.379731,
      0.458466,
      0.218086,
      0.306207,
      -0.10017,
      -0.219953,
      -0.519165,
      -0.197379,
      0.587352,
      -0.454026,
      0.09748,
      -0.546687,
      0.515865,
      -0.083957,
      -0.268637,
      0.400258,
      0.701282,
      -0.296074,
      0.070696,
      0.212119,
      -0.476958,
      0.316689,
      -0.45324,
      0.28205,
      0.507126,
      -0.379751,
      0.174274,
      0.107439,
      0.003157,
      0.575174,
      0.335337,
      0.454134,
      0.220433,
      0.620303,
      0.32941,
      -0.175003,
      -0.101147,
      0.604034,
      -0.168227,
      -0.038735,
      0.521726,
      0.477115,
      -0.581628,
      0.706354,
      0.137426,
      0.468149,
      -0.276159,
      0.71241,
      -0.596419,
      0.149189,
      0.367479,
      0.116526,
      -0.11815,
      0.45628,
      -0.193176,
      -0.031166,
      -0.247585,
      0.726084,
      0.347334,
      -0.104939,
      -0.302842,
      -0.609119,
      -0.417487,
      0.545184,
      -0.174902,
      0.25385,
      0.280827,
      0.409147,
      0.50619,
      0.561442,
      0.404145,
      0.72595,
      0.65077,
      -0.188821,
      -0.546892,
      -0.122549,
      -0.596618,
      -0.096959,
      -0.434478,
      0.064021,
      0.608389,
      0.296428,
      0.072354,
      0.438421,
      0.527171,
      0.479827,
      0.675745,
      -0.654852,
      0.271645,
      -0.242928,
      0.358072,
      0.386241,
      0.090713,
      -0.495289,
      0.341896,
      -0.00778,
      -0.289802,
      0.23473,
      0.20662,
      0.532254,
      0.704751,
      0.075632,
      0.018067,
      -0.734003,
      0.459238,
      -0.504116,
      -0.561521,
      0.505677,
      0.816423,
      -0.437455,
      0.054793,
      -0.520462,
      -0.425997,
      -0.166312,
      0.476657,
      -0.390754,
      0.236518,
      -0.273842,
      -0.395022,
      0.019352,
      -0.548001,
      -0.461965,
      -0.29756,
      -0.34675,
      0.80146,
      0.459128,
      -0.101072,
      0.198663,
      -0.3925,
      0.044819,
      0.413029,
      0.007543,
      0.666326,
      -0.421943,
      -0.09283,
      0.263658,
      0.334878,
      -0.04773,
      0.173251,
      -0.174281,
      0.28268,
      0.58106,
      -0.002353,
      0.750728,
      0.171813,
      0.136345,
      0.232607,
      0.518744,
      -0.308563,
      0.140592,
      0.03005,
      -0.473395,
      0.343447,
      -0.081437,
      -0.157499,
      0.255576,
      -0.292404,
      0.152102,
      0.098285,
      0.005264,
      0.096751,
      -0.319717,
      0.416508,
      0.669808,
      0.595368,
      0.172938,
      0.605242,
      0.458097,
      0.244766,
      -0.213033,
      -0.112236,
      0.555015,
      -0.257504,
      0.086023,
      -0.128617,
      -0.416936,
      0.447045,
      -0.602721,
      -0.487637,
      0.599409,
      0.121645,
      0.572327,
      -0.226723,
      0.253141,
      0.148306,
      0.648076,
      0.275714,
      -0.017301,
      0.042102,
      0.497962,
      -0.31343,
      0.089177,
      0.040613,
      0.662197,
      -0.280707,
      -0.257051,
      0.197448,
      -0.288746,
      -0.300158,
      0.288033,
      -0.016658,
      0.505202,
      0.211339,
      0.295023,
      -0.162644,
      -0.09359,
      0.560302,
      -0.133989,
      -0.497712,
      -0.150017,
      0.210884,
      -0.196027,
      0.14788,
      0.176837,
      -0.215425,
      0.595899,
      0.509709,
      0.428988,
      -0.091956,
      0.221971,
      0.596676,
      0.391651,
      0.012416,
      0.42255,
      0.549484,
      0.378101,
      0.6772,
      0.114182,
      -0.415411,
      0.392336,
      0.069033,
      0.114092,
      0.592885,
      -0.09667,
      0.657849,
      -0.208754,
      -0.530042,
      0.067145,
      -0.288391,
      0.486174,
      0.318742,
      0.072074,
      0.571235,
      0.593147,
      0.417686,
      -0.036465,
      0.523978,
      0.584666,
      0.365061,
      0.174018,
      0.46194,
      0.517737,
      -0.229854,
      -0.200155,
      -0.426796,
      0.147737,
      0.421136,
      0.150271,
      -0.155468,
      0.001362,
      0.228504,
      -0.241207,
      0.266328,
      0.426061,
      -0.165016,
      0.396542,
      0.010327,
      0.11167,
      0.281819,
      0.668222,
      0.203784,
      0.213107,
      -0.128027,
      0.010305,
      0.614497,
      -0.168253,
      0.255344,
      0.583401,
      -0.484429,
      0.15485,
      0.489236,
      -0.300485,
      -0.299509,
      0.316008,
      0.491604,
      -0.077914,
      -0.249637,
      -0.000528,
      0.061852,
      -0.23702,
      0.377467,
      0.142749,
      0.62696,
      0.116647,
      0.43125,
      0.45948,
      0.531845,
      -0.033429,
      0.600476,
      -0.210293,
      0.519583,
      0.520567,
      0.546106,
      0.422974,
      0.127274,
      0.409672,
      0.040658,
      0.409366,
      0.006402,
      -0.478428,
      0.039653,
      0.418237,
      -0.188542,
      0.345951,
      -0.230781,
      0.521418,
      0.159193,
      0.296297,
      0.043671,
      0.03498,
      0.403993,
      -0.229379,
      -0.37748,
      0.419532,
      -0.099203,
      0.024104,
      0.445833,
      0.191194,
      0.046397,
      -0.316436,
      0.319023,
      -0.200906,
      0.337937,
      0.609851,
      -0.281371,
      0.51452,
      -0.370694,
      -0.009399,
      -0.414071,
      -0.009796,
      0.576751,
      0.05994,
      0.337848,
      0.250259,
      0.391651,
      0.06139,
      0.265004,
      0.331092,
      0.302104,
      0.14888,
      0.506827,
      0.439616,
      0.590422,
      0.165804,
      -0.30607,
      0.245446,
      -0.032339,
      -0.107388,
      0.582377,
      -0.208974,
      0.726964,
      0.211391,
      0.326532,
      0.136841,
      -0.204296,
      0.004434,
      -0.162939,
      0.542239,
      0.18641,
      0.192527,
      0.365947,
      0.2954,
      0.173305,
      -0.33883,
      0.088107,
      0.508502,
      -0.362553,
      0.25085,
      -0.265984,
      -0.337627,
      0.168358,
      -0.119803,
      -0.044105,
      0.413833,
      -0.119077,
      0.694976,
      0.035592,
      0.539031,
      0.249035,
      0.389896,
      -0.136514,
      0.662614,
      -0.294632,
      -0.501854,
      -0.470288,
      -0.405262,
      -0.140322,
      -0.700961,
      -0.034123,
      0.34092,
      0.115082,
      -0.689082,
      0.131504,
      0.059476,
      0.46909,
      0.018078,
      -0.356276,
      0.563125,
      -0.454513,
      -0.175268,
      -0.515663,
      -0.146789,
      -0.6527,
      0.532445,
      -0.590118,
      0.496539,
      0.510627,
      -0.047365,
      0.493028,
      -0.630619,
      0.203833,
      -0.124921,
      -0.109523,
      -0.209475,
      0.17667,
      0.657469,
      -0.374012,
      0.573017,
      0.267559,
      0.396036,
      0.528326,
      0.658532,
      -0.66391,
      0.457642,
      -0.117675,
      0.100766,
      -0.565968,
      -0.46047,
      -0.332414,
      -0.033932,
      0.190902,
      -0.814174,
      0.287698,
      0.444242,
      -0.660007,
      -0.568389,
      -0.633914,
      -0.489975,
      -0.559321,
      0.077791,
      -0.677198,
      -0.46267,
      -0.202224,
      -0.082079,
      -0.524433,
      -0.271086,
      0.375615,
      -0.474762,
      -0.745859,
      -0.308377,
      -0.417778,
      -0.605897,
      -0.404878,
      -0.03964,
      -0.557693,
      0.421597,
      0.563902,
      -0.706465,
      -0.525289,
      -0.34068,
      0.50864,
      0.420861,
      -0.116131,
      -0.442764,
      -0.705814,
      -0.411679,
      0.327347,
      -0.163759,
      -0.494059,
      -0.259084,
      -0.458709,
      -0.314943,
      -0.493568,
      -0.691137,
      0.406848,
      0.312851,
      -0.142908,
      -0.316243,
      0.508942,
      -0.17837,
      0.429536,
      0.392865,
      0.392632,
      -0.234492,
      -0.230884,
      -0.058219,
      -0.364631,
      -0.611954,
      0.527817,
      -0.297608,
      -0.422705,
      0.482567,
      -0.484392,
      0.371729,
      0.037573,
      -0.069723,
      -0.742235,
      -0.609639,
      0.610617,
      -0.384111,
      -0.42617,
      -0.511265,
      -0.423078,
      -0.570546,
      -0.197656,
      0.261139,
      -0.480357,
      -0.383838,
      -0.763947,
      -0.281131,
      -0.805389,
      0.156191,
      -0.146216,
      0.378969,
      -0.483954,
      -0.559769,
      -0.166159,
      0.534934,
      -0.210184,
      0.114441,
      -0.690634,
      -0.509521,
      0.249357,
      -0.444682,
      -0.478599,
      -0.382515,
      0.242555,
      -0.470855,
      -0.487302,
      -0.716286,
      -0.713653,
      7.5e-05,
      -0.377862,
      0.133484,
      -0.404688,
      0.234248,
      -0.258374,
      -0.286767,
      0.031989,
      -0.222653,
      -0.261295,
      -0.592744,
      -0.355625,
      -0.243589,
      0.407868,
      -0.36881,
      0.238717,
      -0.453306,
      -0.481337,
      -0.683064,
      0.15965,
      -0.414656,
      -0.443072,
      0.389757,
      -0.001569,
      0.401594,
      0.207487,
      0.52564,
      0.697354,
      0.059976,
      -0.335443,
      -0.556993,
      -0.707109,
      0.002957,
      0.246889,
      0.448823,
      -0.126085,
      -0.083756,
      0.300796,
      0.551232,
      0.145341,
      0.12516,
      0.448532,
      0.235539,
      0.37084,
      -0.145674,
      -0.267883,
      -0.112272,
      -0.117494,
      0.496072,
      -0.185838,
      -0.443584,
      -0.507267,
      0.099488,
      -0.077026,
      -0.090196,
      -0.027925,
      -0.164772,
      -0.406007,
      -0.014385,
      -0.628077,
      0.515793,
      -0.019924,
      0.044818,
      -0.073361,
      0.471688,
      -0.218515,
      -0.322285,
      -0.060998,
      -0.3164,
      -0.640603,
      -0.45251,
      -0.092327,
      -0.48049,
      -0.177293,
      -0.004405,
      0.247312,
      -0.08119,
      0.337873,
      0.223702,
      0.33241,
      0.035054,
      0.207075,
      0.079413,
      -0.441477,
      -0.531474,
      -0.229945,
      0.48973,
      0.003315,
      -0.653457,
      -0.326827,
      0.161952,
      -0.2974,
      -0.440304,
      -0.308039,
      -0.490505,
      -0.116667,
      0.114414,
      -0.213831,
      0.255922,
      0.111131,
      -0.141544,
      -0.398141,
      -0.693799,
      0.329392,
      -0.586897,
      0.222537,
      -0.160412,
      -0.403596,
      -0.213895,
      0.084483,
      -0.374902,
      -0.531228,
      0.046443,
      -0.194501,
      -0.253366,
      -0.270893,
      0.310167,
      -0.647718,
      0.252694,
      0.461038,
      -0.31811,
      -0.194455,
      -0.15514,
      0.216615,
      -0.018591,
      -0.533621,
      -0.117776,
      0.15637,
      -0.22539,
      0.162677,
      -0.209347,
      -0.473457,
      -0.340227,
      -0.035228,
      -0.38648,
      -0.190271,
      -0.101066,
      0.080788,
      -0.194729,
      -0.243245,
      0.032984,
      -0.108017,
      0.026747,
      0.145722,
      0.357418,
      -0.556461,
      0.036046,
      -0.260107,
      -0.356885,
      -0.364328,
      -0.359532,
      -0.194264,
      -0.44653,
      -0.107852,
      -0.307074,
      -0.097452,
      0.075777,
      -0.229974,
      -0.174847,
      0.103537,
      -0.307684,
      -0.061843,
      0.219564,
      -0.306659,
      -0.00607,
      -0.180488,
      -0.381899,
      -0.140038,
      -0.140385,
      -0.27645,
      -0.119064,
      -0.128747,
      0.381885,
      0.276989,
      -0.27436,
      -0.402274,
      -0.169718,
      0.117404,
      -0.106574,
      0.01332,
      0.106196,
      0.278653,
      0.184567,
      -0.054614,
      -0.224844,
      0.035764,
      -0.274646,
      -0.463481,
      -0.148334,
      -0.08866,
      -0.421993,
      -0.366531,
      -0.0622,
      -0.1724,
      -0.444315,
      -0.237696,
      -0.506066,
      -0.247093,
      -0.14455,
      -0.493957,
      0.207648,
      0.223446,
      0.134093,
      -0.241132,
      0.17775,
      -0.188147,
      0.395386,
      0.194472,
      -0.02976,
      -0.355624,
      0.013981,
      -0.318459,
      -0.209006,
      0.056129,
      -0.449952,
      0.174229,
      0.192612,
      -0.517664,
      -0.14516,
      0.314106,
      -0.476153,
      0.273312,
      0.057779,
      -0.351213,
      -0.485894,
      -0.443668,
      0.383684,
      -0.70366,
      -0.233043,
      0.326974,
      0.626243,
      -0.166444,
      -0.65947,
      0.569507,
      0.386134,
      -0.1128,
      0.448931,
      0.169556,
      -0.227398,
      0.555984,
      0.561565,
      0.253794,
      0.565355,
      0.029489,
      -0.234114,
      0.087313,
      -0.76926,
      -0.235349,
      0.73834,
      0.675203,
      -0.540211,
      -0.482178,
      0.480747,
      0.609879,
      0.436718,
      0.633557,
      -0.705286,
      -0.425533,
      0.176452,
      0.468877,
      0.637175,
      -0.46621,
      -0.048253,
      0.632795,
      -0.472366,
      0.060457,
      -0.268206,
      0.399808,
      0.487787,
      0.557868,
      0.753275,
      0.593574,
      0.1922,
      -0.403457,
      -0.138083,
      -0.5476,
      0.371842,
      -0.732012,
      0.64918,
      -0.404606,
      -0.440862,
      -0.403545,
      -0.364617,
      -0.546212,
      -0.057281,
      0.413548,
      -0.447011,
      -0.447286,
      -0.422325,
      0.424826,
      0.101933,
      -0.033235,
      0.445614,
      -0.679877,
      -0.554554,
      0.505218,
      0.602993,
      0.572167,
      0.480544,
      -0.297421,
      0.482827,
      0.240263,
      0.413102,
      -0.496772,
      0.31435,
      0.226967,
      -0.130286,
      -0.774657,
      -0.047823,
      0.48621,
      -0.021701,
      0.453418,
      -0.576587,
      0.706014,
      -0.311951,
      0.314864,
      0.004521,
      0.480447,
      0.310598,
      -0.262249,
      0.687985,
      -0.407352,
      -0.396059,
      0.155079,
      -0.271358,
      -0.506261,
      -0.574385,
      -0.377584,
      -0.39139,
      0.071072,
      0.115957,
      -0.165314,
      -0.161671,
      -0.509215,
      0.431592,
      -0.208237,
      0.424786,
      0.489161,
      -0.3037,
      0.037345,
      0.213707,
      0.478003,
      0.562603,
      -0.443659,
      0.188662,
      0.012282,
      0.600214,
      0.338551,
      0.391407,
      0.444864,
      -0.14318,
      0.658697,
      -0.441071,
      -0.474462,
      0.300048,
      0.210178,
      -0.028889,
      0.389238,
      -0.662621,
      -0.631189,
      0.694988,
      -0.550941,
      0.311849,
      0.465677,
      0.554302,
      0.19625,
      0.509752,
      0.065713,
      0.61822,
      -0.549913,
      0.143378,
      -0.518423,
      -0.514042,
      0.300781,
      0.399038,
      0.43847,
      0.638539,
      0.023644,
      -0.542054,
      -0.280163,
      0.471107,
      -0.464391,
      0.01044,
      -0.227106,
      -0.351126,
      0.124222,
      -0.809157,
      -0.263072,
      0.711986,
      -0.324864,
      0.317019,
      0.443529,
      0.393591,
      0.495487,
      0.481375,
      0.56484,
      0.263019,
      0.178148,
      0.051238,
      0.66224,
      0.133332,
      0.378901,
      0.262295,
      0.423843,
      -0.39995,
      -0.285405,
      0.490346,
      0.38079,
      -0.180803,
      0.119124,
      -0.26961,
      0.751288,
      0.765507,
      0.07229,
      0.495738,
      0.277551,
      0.462324,
      -0.655683,
      -0.310931,
      -1.0496,
      0.725704,
      -0.249284,
      0.51464,
      0.401376,
      0.597111,
      0.615264,
      0.116921,
      0.106007,
      0.317437,
      0.336065,
      -0.615246,
      0.200955,
      0.487918,
      0.446368,
      -0.170699,
      -0.37773,
      0.219476,
      -0.306857,
      0.183395,
      -0.416713,
      -0.011188,
      0.00381,
      0.598435,
      -0.440833,
      -0.088276,
      0.474173,
      -0.088778,
      -0.192276,
      0.464612,
      0.367782,
      -0.589547,
      0.129768,
      0.18001,
      -0.420959,
      0.661092,
      -0.229962,
      0.401455,
      0.563109,
      0.409939,
      0.493292,
      -0.583953,
      -0.338012,
      -0.311091,
      -0.345426,
      0.025744,
      -0.547239,
      -0.519244,
      -0.062766,
      -0.361461,
      -0.110502,
      -0.083707,
      0.342648,
      0.271937,
      0.489497,
      0.337094,
      -0.071293,
      0.401041,
      0.261228,
      0.355356,
      0.693632,
      0.33135,
      0.677752,
      -0.398561,
      0.578035,
      0.253066,
      -0.531777,
      0.002381,
      0.337149,
      -0.560276,
      0.732257,
      0.591442,
      0.412087,
      -0.441286,
      0.426309,
      -0.584681,
      0.533163,
      -0.344514,
      -0.640289,
      0.395976,
      0.250404,
      -0.278555,
      0.602005,
      0.47869,
      -0.425198,
      0.472748,
      0.760215,
      -0.608119,
      0.213902,
      -0.607675,
      0.184425,
      -0.523454,
      -0.058175,
      -0.197018,
      -0.074169,
      -0.087017,
      -0.515054,
      -0.305294,
      0.787729,
      0.56237,
      0.527727,
      -0.079254,
      0.289396,
      -0.640554,
      -0.61706,
      0.382841,
      0.65266,
      -0.430873,
      0.066186,
      0.269244,
      0.334773,
      0.787282,
      -0.739478,
      -0.431129,
      0.298825,
      -0.489307,
      0.492856,
      0.386028,
      0.509368,
      -0.558489,
      -0.109271,
      -0.291663,
      -0.212293,
      -0.172186,
      0.430343,
      -0.47592,
      -0.156563,
      0.05213,
      0.236502,
      0.124555,
      -0.558283,
      -0.611351,
      0.052699,
      -0.326929,
      -0.123188,
      -0.258734,
      0.434996,
      -0.142375,
      0.331583,
      0.330805,
      -0.061188,
      -0.173531,
      -0.027515,
      -0.28906,
      0.298514,
      0.464737,
      -0.236487,
      0.458377,
      -0.475325,
      -0.296236,
      -0.332968,
      0.035438,
      0.353888,
      0.444032,
      0.675497,
      -0.01662,
      0.286046,
      0.037628,
      -0.074402,
      0.283126,
      -0.201501,
      0.317601,
      -0.459694,
      0.502805,
      0.055252,
      0.64932,
      -0.308935,
      -0.245354,
      0.55726,
      0.104224,
      0.500036,
      0.229538,
      0.715995,
      -0.517968,
      0.608948,
      0.225362,
      -0.077856,
      -0.38655,
      0.302366,
      -0.139451,
      -0.322977,
      0.308546,
      -0.308346,
      -0.521065,
      0.249866,
      -0.394265,
      0.108717,
      -0.06154,
      0.10756,
      -0.306883,
      0.200943,
      0.40953,
      0.426671,
      0.349688,
      0.135938,
      -0.159288,
      0.042369,
      -0.143405,
      0.007537,
      -0.067015,
      0.228167,
      0.327589,
      -0.154724,
      -0.098377,
      -0.169617,
      -0.322508,
      0.058641,
      0.136259,
      -0.045245,
      0.406503,
      -0.07898,
      -0.143522,
      -0.364061,
      -0.212993,
      0.250797,
      -0.253251,
      -0.506505,
      0.485278,
      -0.190635,
      0.099813,
      0.191348,
      -0.163274,
      0.192588,
      -0.227179,
      0.159352,
      0.604132,
      -0.324328,
      0.215696,
      -0.350161,
      -0.260207,
      0.335917,
      -0.153201,
      -0.162585,
      -0.468715,
      -0.290775,
      -0.634034,
      0.023904,
      -0.136609,
      -0.53677,
      -0.496022,
      -0.313124,
      0.357531,
      0.059931,
      0.584191,
      0.483665,
      -0.597213,
      0.124189,
      0.21213,
      0.522823,
      0.046361,
      -0.09258,
      0.099268,
      0.147974,
      -0.199329,
      -0.13227,
      -0.109594,
      -0.193287,
      0.038581,
      0.512496,
      0.449434,
      0.32184,
      -0.592553,
      0.422716,
      -0.436872,
      0.061036,
      -0.310773,
      -0.480647,
      -0.402483,
      -0.035401,
      0.411627,
      -0.495001,
      0.383378,
      -0.312033,
      -0.163563,
      0.212841,
      0.35149,
      0.142687,
      0.143766,
      -0.155154,
      -0.311212,
      0.002463,
      0.319865,
      -0.599777,
      -0.380187,
      -0.080859,
      -0.315408,
      -0.019285,
      0.158037,
      0.342279,
      -0.584869,
      -0.074931,
      0.357201,
      -0.440953,
      -0.417524,
      -0.435109,
      -0.191698,
      -0.13049,
      -0.252932,
      0.352642,
      0.172051,
      0.474836,
      -0.283259,
      -0.270976,
      -0.511342,
      -0.601129,
      -0.490036,
      -0.803809,
      0.280832,
      -0.471331,
      -0.316897,
      -0.157436,
      0.481556,
      -0.032321,
      -0.439426,
      0.228503,
      -0.449161,
      -0.119102,
      -0.143046,
      0.285837,
      -0.311365,
      -0.029597,
      0.361545,
      -0.252507,
      0.28231,
      0.056169,
      0.608872,
      0.118745,
      0.135266,
      -0.293159,
      -0.505105,
      -0.247814,
      0.135363,
      -0.138547,
      0.010769,
      -0.582424,
      0.012502,
      -0.068841,
      -0.657308,
      -0.045286,
      0.337588,
      0.241838,
      -0.177647,
      -0.878573,
      0.291496,
      -0.309649,
      0.098666,
      -0.145315,
      -0.052631,
      -0.517877,
      0.070409,
      -0.043687,
      -0.001542,
      -0.21803,
      -0.275055,
      0.539131,
      0.116418,
      0.135427,
      0.039335,
      -0.360566,
      -0.212954,
      -0.455511,
      -0.024183,
      0.212834,
      -0.666653,
      0.06854,
      -0.458291,
      -0.384621,
      -0.13178,
      0.246926,
      0.355837,
      -0.046281,
      -0.056971,
      0.081665,
      -0.064355,
      -0.090974,
      0.408625,
      -0.079983,
      0.202437,
      0.138852,
      -0.511248,
      -0.276,
      0.13334,
      -0.611634,
      0.16259,
      -0.331584,
      -0.068223,
      -0.390367,
      -0.228886,
      -0.109324,
      -0.157052,
      0.008174,
      -0.2724,
      0.077405,
      0.25905,
      0.216648,
      -0.405959,
      -0.225038,
      -0.188183,
      0.024945,
      -0.283164,
      -0.134476,
      -0.153589,
      -0.334276,
      0.014884,
      -0.037221,
      0.159497,
      -0.074116,
      0.231352,
      -0.253392,
      -0.269895,
      0.213714,
      0.115142,
      -0.069556,
      -0.396369,
      -0.089495,
      -0.332064,
      -0.158751,
      -0.395588,
      -0.109106,
      -0.058217,
      -0.141916,
      -0.311712,
      -0.301568,
      0.115079,
      0.109155,
      -0.136103,
      -0.029449,
      -0.206487,
      0.151355,
      -0.084439,
      -0.304428,
      0.017239,
      0.146017,
      -0.357205,
      -0.5139,
      -0.268196,
      -0.106638,
      -0.374889,
      0.001283,
      -0.083447,
      0.060286,
      -0.197601,
      -0.031488,
      0.364342,
      -0.08165,
      -0.097257,
      0.066468,
      -0.038288,
      -0.027498,
      -0.093791,
      -8.7e-05,
      -0.278144,
      -0.170905,
      -0.272167,
      -0.106148,
      -0.090323,
      0.072426,
      -0.329113,
      0.05519,
      0.434742,
      -0.155907,
      -0.131827,
      -0.108649,
      0.032819,
      0.076737,
      0.209248,
      -0.105028,
      0.341902,
      -0.186029,
      -0.113337,
      -0.183478,
      -0.090581,
      -0.209769,
      -0.077155,
      -0.070994,
      -0.226184,
      -0.061449,
      -0.250805,
      -0.540588,
      -0.031468,
      0.065571,
      0.019559,
      0.002496,
      -0.160352,
      -0.137431,
      -0.465524,
      0.091178,
      -0.146262,
      0.106831,
      -0.251955,
      -0.163237,
      -0.040649,
      -0.164963,
      -0.250114,
      -0.063866,
      0.055609,
      -0.358422,
      -0.202626,
      -0.054633,
      0.103495,
      -0.0046,
      -0.040102,
      -0.04654,
      -0.311524,
      0.056663,
      0.109672,
      -0.150199,
      0.100711,
      -0.094268,
      -0.19658,
      -0.00443,
      -0.13964,
      0.12975,
      -0.022689,
      0.053712,
      0.125595,
      -0.446519,
      -0.022261,
      -0.012182,
      -0.076094,
      -0.13133,
      -0.258998,
      -0.073895,
      -0.188278,
      -0.306534,
      -0.090479,
      -0.1914,
      -0.304323,
      -0.195824,
      0.014921,
      -0.015022,
      -0.219483,
      0.056755,
      -0.282008,
      0.175957,
      0.143811,
      0.04516,
      -0.276936,
      -0.059841,
      -0.270291,
      -0.121095,
      0.011823,
      -0.390444,
      -0.110259,
      -0.258788,
      0.021372,
      -0.24595,
      0.100534,
      -0.042157,
      -0.2978,
      0.109786,
      -0.010532,
      0.147966,
      -0.055526,
      -0.120654,
      0.286959,
      -0.17361,
      -0.150844,
      -0.345804,
      0.256897,
      0.001923,
      -0.129368,
      -0.012113,
      -0.12787,
      -0.285658,
      -0.067234,
      -0.1633,
      -0.106163,
      -0.417622,
      0.13043,
      0.153337,
      0.02265,
      -0.171225,
      0.262782,
      -0.151806,
      0.011378,
      -0.183566,
      -0.170546,
      -0.159258,
      -0.371038,
      0.01635,
      0.239633,
      0.088773,
      -0.146608,
      -0.312166,
      -0.201379,
      0.281629,
      0.402484,
      0.184898,
      0.391678,
      0.146014,
      0.441551,
      0.277523,
      0.159335,
      -0.277098,
      -0.275476,
      -0.231924,
      -0.2385,
      0.303149,
      0.014162,
      -0.426082,
      0.195436,
      0.323689,
      -0.180505,
      -0.052268,
      0.433832,
      -0.216051,
      -0.39696,
      -0.048744,
      0.38832,
      0.136758,
      0.503088,
      0.221738,
      -0.49327,
      -0.304603,
      -0.336735,
      -0.098755,
      -0.046082,
      -0.32118,
      0.516935,
      0.563844,
      -0.060352,
      -0.349785,
      -0.494262,
      0.239736,
      -0.512618,
      0.499968,
      -0.270743,
      -0.211889,
      -0.205287,
      -0.237262,
      0.296862,
      0.501883,
      -0.513256,
      -0.09975,
      -0.177926,
      -0.168858,
      0.026244,
      -0.024485,
      -0.390406,
      -0.581696,
      0.451808,
      -0.512306,
      0.563739,
      0.298693,
      0.419985,
      0.113353,
      0.088007,
      -0.373108,
      0.54154,
      -0.491862,
      -0.062293,
      -0.496267,
      -0.008406,
      0.540553,
      -0.1463,
      -0.540927,
      -0.262427,
      -0.2639,
      -0.295072,
      0.531385,
      0.44068,
      -0.21595,
      0.003816,
      -0.607504,
      -0.253358,
      0.195041,
      -0.342358,
      -0.102741,
      -0.470408,
      -0.337381,
      0.08491,
      -0.191925,
      -0.265679,
      -0.603017,
      0.105741,
      0.344409,
      0.339782,
      0.35127,
      -0.434325,
      -0.491656,
      -0.309689,
      0.15612,
      -0.386773,
      0.266873,
      0.086141,
      0.507677,
      0.385733,
      -0.399001,
      -0.299931,
      0.130434,
      -0.619128,
      -0.596909,
      0.282162,
      -0.390579,
      -0.546374,
      -0.410492,
      0.054788,
      -0.15184,
      -0.546195,
      0.36186,
      0.499177,
      -0.528635,
      -0.532055,
      -0.165363,
      0.254003,
      0.097358,
      0.505899,
      0.0367,
      -0.636342,
      -0.307241,
      -0.166575,
      -0.543163,
      -0.219117,
      -0.09036,
      -0.275386,
      -0.759711,
      -0.37717,
      -0.493494,
      0.082058,
      0.125916,
      0.072601,
      0.49475,
      -0.456625,
      0.306304,
      -0.145468,
      -0.29135,
      -0.247552,
      0.148854,
      -0.35587,
      0.509673,
      -0.51847,
      -0.045332,
      -0.419041,
      0.275803,
      0.525235,
      -0.594167,
      -0.463653,
      0.389641,
      0.103177,
      0.287168,
      -0.440895,
      -0.567486,
      -0.37657,
      -0.375381,
      0.378465,
      -0.633929,
      -0.228581,
      0.051462,
      -0.407723,
      0.344324,
      -0.472506,
      0.385231,
      -0.377926,
      -0.597093,
      0.491098,
      0.190623,
      -0.024026,
      0.413028,
      -0.177118,
      -0.045051,
      0.332266,
      -0.225399,
      -0.293848,
      0.150246,
      0.526219,
      -0.18081,
      -0.518398,
      -0.141124,
      -0.336557,
      0.227804,
      -0.109582,
      -0.009143,
      -0.608114,
      0.180166,
      -0.251887,
      0.267735,
      -0.662839,
      -0.309155,
      -0.274901,
      -0.21529,
      -0.443096,
      -0.068492,
      -0.323056,
      -0.154742,
      0.005122,
      0.20396,
      -0.454453,
      -0.467775,
      0.404739,
      -0.618997,
      0.282415,
      0.455809,
      -0.049686,
      -0.472983,
      0.356768,
      0.345608,
      -0.045372,
      -0.2127,
      -0.601711,
      -0.32712,
      -0.210712,
      0.126079,
      0.215202,
      -0.465309,
      -0.444881,
      0.418916,
      -0.048825,
      -0.074808,
      0.524003,
      -0.083494,
      -0.293746,
      0.37083,
      0.134264,
      -0.4576,
      -0.009681,
      -0.177401,
      0.370374,
      0.39096,
      -0.206948,
      0.163829,
      -0.309522,
      0.152206,
      -0.53794,
      -0.193885,
      0.150826,
      0.407532,
      0.225338,
      0.152571,
      -0.281945,
      0.092453,
      -0.679367,
      -0.219325,
      0.113943,
      -0.137041,
      -0.027886,
      0.24294,
      -0.767394,
      0.412138,
      0.0796,
      0.016353,
      -0.502432,
      -0.33502,
      -0.085028,
      0.162544,
      -0.136746,
      0.277993,
      0.214016,
      -0.28291,
      -0.374221,
      -0.125648,
      0.27708,
      -0.373333,
      -0.471285,
      0.157558,
      -0.3744,
      -0.01798,
      0.19215,
      -0.034203,
      0.040854,
      -0.149994,
      -0.148452,
      -0.064612,
      -0.002414,
      0.341372,
      -0.089381,
      -0.398973,
      -0.342493,
      -0.070621,
      0.304804,
      -0.659127,
      -0.31879,
      0.341987,
      0.248195,
      -0.468431,
      0.1386,
      0.434899,
      -0.219126,
      -0.400978,
      -0.213298,
      -0.341049,
      -0.480652,
      -0.400085,
      -0.291477,
      -0.205639,
      0.160679,
      0.216836,
      0.261048,
      0.410235,
      -0.20072,
      -0.295648,
      -0.061965,
      0.075126,
      -0.161943,
      0.251223,
      -0.190816,
      -0.048725,
      -0.00277,
      0.050005,
      -0.394057,
      -0.185529,
      0.301976,
      -0.362875,
      0.097617,
      -0.201391,
      -0.50021,
      -0.466456,
      -0.094585,
      -0.205916,
      0.219354,
      -0.325696,
      -0.014469,
      -0.344702,
      0.307788,
      -0.303585,
      0.130537,
      -0.285378,
      -0.488063,
      -0.227562,
      0.147118,
      -0.279305,
      -0.457025,
      -0.54209,
      -0.475317,
      -0.388767,
      -0.031538,
      0.04303,
      -0.748267,
      -0.296987,
      0.029875,
      0.125507,
      -0.315281,
      -0.28314,
      -0.700193,
      0.080546,
      0.247997,
      0.002944,
      0.167433,
      -0.227968,
      -0.350311,
      -0.15153,
      -0.150691,
      -0.269794,
      -0.221628,
      -0.235739,
      0.00268,
      0.059289,
      0.079452,
      -0.061923,
      -0.132182,
      0.068693,
      -0.163319,
      -0.005087,
      -0.106027,
      -0.187772,
      -0.152057,
      -0.309804,
      -0.485566,
      0.217765,
      -0.057758,
      -0.230084,
      -0.15178,
      0.03635,
      -0.367749,
      0.146533,
      -0.347908,
      -0.123536,
      -0.447403,
      0.164623,
      -0.338222,
      0.115693,
      -0.148792,
      0.294163,
      -0.428131,
      -0.566658,
      -0.006088,
      0.116123,
      -0.393926,
      -0.084995,
      -0.391963,
      -0.39799,
      0.295372,
      0.378832,
      -0.55655,
      0.513557,
      -0.144102,
      0.440388,
      -0.073317,
      0.293858,
      0.506531,
      -0.552652,
      0.619386,
      0.418751,
      0.338901,
      0.555984,
      -0.330343,
      -0.612043,
      0.577268,
      -0.246259,
      -0.357933,
      -0.390383,
      -0.306866,
      -0.328322,
      0.619578,
      0.668956,
      0.080746,
      0.695812,
      -0.524843,
      -0.156367,
      -0.283352,
      0.425868,
      -0.418881,
      0.490874,
      0.32904,
      -0.016367,
      -0.019556,
      -0.487385,
      0.306949,
      0.577631,
      -0.568228,
      -0.459122,
      -0.016066,
      0.656648,
      0.494864,
      0.516616,
      -0.361238,
      0.296014,
      0.46394,
      -0.087473,
      0.765849,
      0.59688,
      0.210603,
      -0.015744,
      -0.670994,
      0.164325,
      -0.340374,
      -0.070637,
      0.098027,
      -0.102449,
      0.502173,
      -0.405472,
      -0.125864,
      0.412547,
      0.239164,
      0.347034,
      -0.154875,
      -0.382055,
      -0.345422,
      0.605063,
      -0.499239,
      0.933247,
      -0.424465,
      0.120246,
      0.168868,
      0.027523,
      0.731827,
      0.610436,
      0.397443,
      -0.244684,
      -0.545599,
      -0.50552,
      0.009789,
      -0.24339,
      0.427168,
      0.604749,
      0.358675,
      -0.15768,
      0.754184,
      -0.187127,
      0.491042,
      0.2826,
      0.601785,
      0.507617,
      0.058094,
      0.191693,
      0.05946,
      -0.315205,
      0.483283,
      0.56821,
      0.310207,
      0.623393,
      0.638646,
      -0.158006,
      0.421411,
      0.108536,
      0.595955,
      0.241578,
      -0.188024,
      0.531043,
      0.635825,
      0.51318,
      0.512122,
      0.288107,
      0.625717,
      -0.180066,
      0.391779,
      -0.664074,
      0.361433,
      0.08717,
      -0.349457,
      0.683704,
      0.531005,
      -0.321671,
      0.369157,
      -0.441542,
      0.293809,
      0.48851,
      -0.30706,
      0.225113,
      0.064432,
      0.179922,
      0.380911,
      -0.041851,
      0.179499,
      0.413858,
      0.587593,
      -0.418507,
      0.25288,
      0.165581,
      -0.062995,
      0.543148,
      0.247117,
      0.001242,
      -0.523094,
      0.329116,
      0.480199,
      0.577132,
      -0.033566,
      0.733535,
      0.333157,
      0.456269,
      0.359772,
      0.396189,
      -0.128067,
      -0.325118,
      0.302346,
      -0.286237,
      0.018816,
      -0.448249,
      -0.411767,
      0.577988,
      0.478719,
      -0.69729,
      -0.308293,
      0.108056,
      -0.268929,
      0.472987,
      -0.180319,
      -0.157736,
      0.279358,
      -0.653856,
      -0.06806,
      0.420085,
      -0.092427,
      -0.383614,
      0.317775,
      -0.315859,
      -0.32002,
      -0.453299,
      -0.07078,
      0.021307,
      0.298152,
      0.540853,
      0.535356,
      0.313488,
      0.452637,
      -0.156825,
      0.563332,
      0.492235,
      0.175852,
      0.280305,
      0.032135,
      -0.211469,
      0.172778,
      0.619427,
      -0.222691,
      -0.469408,
      -0.399802,
      -0.02748,
      0.27234,
      0.488075,
      -0.006529,
      0.581128,
      0.320207,
      -0.01146,
      0.076282,
      0.775488,
      0.427752,
      -0.425301,
      -0.352576,
      -0.370954,
      -0.132578,
      0.270646,
      -0.580383,
      -0.075898,
      0.456315,
      0.58185,
      0.129749,
      0.090687,
      -0.072415,
      0.155283,
      0.761697,
      0.510432,
      -0.538764,
      -0.495655,
      -0.06232,
      0.068728,
      -0.384277,
      0.050135,
      -0.375181,
      0.416021,
      -0.057582,
      0.047101,
      0.20036,
      -0.517356,
      0.252467,
      -0.489603,
      0.572465,
      0.345104,
      0.362381,
      -0.164448,
      0.140916,
      -0.0297,
      0.278197,
      -0.153792,
      0.130232,
      0.701317,
      -0.351767,
      -0.437278,
      0.31566,
      -0.082331,
      0.328947,
      0.467935,
      0.647908,
      -0.24511,
      -0.352522,
      0.20529,
      0.334095,
      -0.071955,
      0.089082,
      0.464227,
      0.006742,
      0.122236,
      -0.361674,
      -0.063165,
      0.358761,
      0.114309,
      0.2217,
      0.000314,
      0.740468,
      -0.349464,
      0.291965,
      -0.42603,
      0.073017,
      -0.051402,
      0.495789,
      0.554366,
      0.007821,
      0.581943,
      0.650248,
      0.673713,
      0.513143,
      0.720252,
      0.669675,
      0.139796,
      0.366624,
      0.63981,
      -0.701837,
      0.562657,
      -0.316281,
      0.462556,
      -0.137446,
      -0.230042,
      0.202341,
      -0.416541,
      -0.417104,
      0.361497,
      0.037583,
      -0.01219,
      0.286463,
      0.307704,
      0.45907,
      0.244192,
      -0.259431,
      -0.246311,
      0.436446,
      0.171569,
      -0.243117,
      -0.113322,
      0.587415,
      0.281847,
      -0.313716,
      0.359255,
      -0.07915,
      0.558843,
      -0.266594,
      0.191858,
      -0.031145,
      0.290296,
      0.423079,
      0.26139,
      -0.074539,
      0.513217,
      0.245817,
      0.429958,
      -0.081577,
      -0.117549,
      -0.00338,
      -0.321691,
      -0.103439,
      0.118845,
      0.193604,
      -0.273823,
      0.476288,
      0.084221,
      -0.593491,
      -0.018036,
      -0.414888,
      0.513584,
      -0.57895,
      -0.370908,
      0.17487,
      0.043601,
      -0.331926,
      -0.145404,
      0.218575,
      0.19282,
      -0.229114,
      -0.39685,
      0.362185,
      -0.075599,
      0.223573,
      0.325843,
      0.284189,
      -0.522707,
      0.075689,
      -0.53294,
      -0.131736,
      0.269031,
      -0.099294,
      -0.365097,
      0.36785,
      -0.138784,
      -0.501603,
      -0.08702,
      -0.304071,
      0.336071,
      0.38723,
      0.564437,
      0.577139,
      0.304436,
      -0.424958,
      0.271982,
      -0.29879,
      0.172689,
      -0.05478,
      0.162873,
      0.070855,
      0.099755,
      -0.056383,
      -0.066547,
      0.033988,
      -0.085785,
      -0.211744,
      0.08597,
      0.244142,
      0.048035,
      0.44358,
      0.426227,
      -0.281163,
      0.053372,
      -0.246555,
      -0.392453,
      -0.389779,
      0.065689,
      -0.198263,
      0.125441,
      -0.317176,
      -0.117384,
      -0.54516,
      0.330631,
      0.228957,
      0.099274,
      -0.344055,
      0.062647,
      0.267398,
      -0.239754,
      0.217944,
      -0.398703,
      -0.189667,
      -0.065133,
      0.311499,
      0.411891,
      -0.371434,
      0.135509,
      -0.217944,
      0.190658,
      -0.173045,
      -0.25867,
      0.367724,
      -0.32441,
      0.476094,
      0.119552,
      0.363955,
      0.424678,
      -0.027842,
      -0.163992,
      -0.590068,
      -0.236871,
      0.52878,
      0.076825,
      0.562366,
      0.344627,
      0.150829,
      -0.278574,
      0.51201,
      0.434692,
      0.37711,
      0.6336,
      -0.061039,
      -0.292234,
      0.513231,
      -0.265886,
      0.20291,
      -0.384773,
      -0.172032,
      0.014591,
      0.35157,
      0.419377,
      -0.480011,
      0.511099,
      0.129315,
      -0.620986,
      0.450308,
      0.213963,
      -0.232769,
      -0.43065,
      0.543911,
      -0.269175,
      -0.310982,
      0.101575,
      -0.086339,
      0.592705,
      0.173652,
      0.159666,
      -0.489469,
      0.397407,
      0.113304,
      0.190232,
      -0.255979,
      -0.432643,
      0.473781,
      0.545121,
      0.524884,
      -0.544105,
      0.354747,
      0.030803,
      -0.40761,
      0.216109,
      -0.175844,
      0.395239,
      0.20372,
      0.283201,
      0.130099,
      -0.591285,
      0.378664,
      0.445665,
      0.238123,
      -0.145386,
      -0.311905,
      0.202585,
      0.046557,
      -0.070255,
      -0.108432,
      0.566846,
      0.278527,
      0.632592,
      0.078255,
      0.466216,
      0.118744,
      0.627202,
      0.431158,
      0.124985,
      -0.360671,
      0.545815,
      0.454515,
      0.381981,
      0.337678,
      0.323614,
      -0.453005,
      -0.057303,
      0.346942,
      0.409738,
      0.169966,
      -0.314211,
      0.450518,
      -0.157832,
      -0.210475,
      -0.432174,
      -0.246228,
      -0.251069,
      0.431024,
      0.347683,
      0.237351,
      0.519367,
      0.125647,
      -0.004395,
      0.394733,
      -0.279202,
      -0.38287,
      0.709998,
      -0.359985,
      -0.268172,
      0.50151,
      -0.247287,
      0.268875,
      -0.586949,
      -0.133915,
      0.522805,
      0.145177,
      0.034575,
      0.47194,
      0.119037,
      -0.057318,
      -0.070414,
      -0.096738,
      -0.029341,
      0.458664,
      0.315781,
      0.156723,
      0.6322,
      0.296865,
      0.572806,
      0.077497,
      -0.246199,
      0.151734,
      -0.010313,
      0.40193,
      0.241563,
      0.272716,
      0.169295,
      -0.360971,
      -0.397705,
      0.197289,
      0.677271,
      -0.437162,
      0.272995,
      0.257159,
      0.341661,
      0.154436,
      0.712678,
      0.060772,
      0.052132,
      0.283238,
      0.234504,
      0.190013,
      0.476327,
      0.442663,
      0.300202,
      0.629323,
      0.150308,
      -0.38923,
      0.713594,
      -0.108004,
      0.189622,
      0.30062,
      0.052099,
      0.261946,
      0.370621,
      0.196642,
      0.014831,
      -0.232631,
      0.49263,
      0.222656,
      -0.209136,
      0.333354,
      0.213373,
      -0.287345,
      0.151266,
      0.15548,
      0.198532,
      -0.103511,
      0.454175,
      0.463019,
      0.335363,
      0.033882,
      0.186494,
      0.120301,
      0.434742,
      0.55426,
      -0.032076,
      0.154568,
      0.272293,
      0.191267,
      0.224126,
      0.327693,
      -0.243297,
      0.177737,
      0.344365,
      0.440976,
      -0.048748,
      0.081123,
      -0.266017,
      -0.145568,
      0.066575,
      0.427908,
      -0.006255,
      0.455796,
      -0.16989,
      0.188166,
      -0.24881,
      0.023103,
      0.334234,
      0.223926,
      0.366813,
      0.300423,
      -0.176387,
      -0.190738,
      0.108511,
      0.070083,
      0.338774,
      0.496607,
      0.241274,
      0.433126,
      -0.268614,
      0.25707,
      0.007253,
      -0.123981,
      0.072263,
      -0.112152,
      -0.093424,
      0.179719,
      0.196477,
      -0.261576,
      -0.273104,
      -0.37804,
      0.181418,
      0.097242,
      -0.01355,
      0.34056,
      0.230918,
      0.167834,
      -0.494331,
      0.436892,
      0.49931,
      -0.111947,
      -0.042248,
      -0.049389,
      -0.11414,
      -0.327744,
      0.143899,
      -0.177756,
      -0.204279,
      -0.135344,
      0.393519,
      0.330584,
      -0.057333,
      0.44397,
      -0.274236,
      0.370539,
      0.248766,
      -0.169004,
      0.010835,
      0.106468,
      0.126799,
      -0.103607,
      -0.090836,
      0.103309,
      0.165278,
      -0.199392,
      0.022116,
      -0.07034,
      0.225781,
      0.066975,
      -0.059394,
      0.110771,
      -0.0503,
      -0.156307,
      -0.123246,
      0.335369,
      -0.046554,
      0.198895,
      0.184506,
      -0.184181,
      0.273759,
      -0.062587,
      0.191598,
      -0.015471,
      0.174862,
      0.18861,
      0.078058,
      -0.198306,
      0.2051,
      0.049214,
      -0.055455,
      -0.159622,
      0.201079,
      0.213577,
      0.079111,
      -0.006842,
      -0.031599,
      0.23661,
      0.332232,
      0.336288,
      0.04548,
      -0.03247,
      0.130633,
      0.184298,
      0.177917,
      0.156433,
      0.033112,
      0.380859,
      0.180622,
      0.094949,
      0.093963,
      0.116427,
      0.060758,
      0.134933,
      -0.217942,
      0.015103,
      -0.121108,
      0.143777,
      -0.144634,
      -0.002565,
      0.218602,
      -0.022451,
      0.387344,
      -0.135909,
      0.355598,
      -0.076264,
      0.001808,
      0.018748,
      -0.009624,
      -0.033478,
      -0.240678,
      0.237148,
      -0.102711,
      -0.076023,
      0.098744,
      -0.265102,
      0.134738,
      0.357614,
      0.20303,
      0.213572,
      0.444397,
      0.092329,
      0.129256,
      0.147048,
      0.317011,
      0.128863,
      0.041621,
      0.312636,
      0.365937,
      0.36198,
      0.19439,
      -0.059509,
      0.139667,
      0.067423,
      -0.040987,
      -0.134668,
      0.115435,
      0.029844,
      0.25392,
      0.261807,
      0.335107,
      0.307566,
      0.420073,
      0.236293,
      0.336532,
      -0.023971,
      -0.048584,
      -0.029879,
      -0.314257,
      -0.195708,
      0.329711,
      -0.418897,
      -0.225835,
      -0.290858,
      -0.2605,
      -0.023509,
      0.048284,
      0.483544,
      -0.310614,
      0.445551,
      -0.383769,
      -0.12816,
      -0.147171,
      -0.047926,
      -0.183427,
      -0.324348,
      0.303095,
      0.442273,
      -0.670287,
      0.28857,
      -0.215349,
      0.312187,
      -0.230472,
      -0.452293,
      0.099691,
      0.055128,
      0.433061,
      -0.187537,
      0.344908,
      -0.000541,
      -0.232009,
      0.404218,
      -0.20661,
      -0.165127,
      0.341772,
      0.149482,
      0.529356,
      -0.502025,
      0.151349,
      -0.496061,
      0.199405,
      -0.354885,
      -0.003147,
      0.04316,
      0.253975,
      0.261548,
      -0.368123,
      0.033317,
      -0.459518,
      0.042702,
      -0.538326,
      -0.661802,
      -0.367339,
      -0.451255,
      -0.27182,
      -0.227368,
      0.400262,
      0.233467,
      -0.396253,
      0.297895,
      -0.154655,
      -0.555521,
      -0.207207,
      0.588138,
      -0.200775,
      0.013662,
      -0.415679,
      0.123429,
      0.563216,
      0.580847,
      -0.38025,
      -0.274959,
      -0.142274,
      -0.450612,
      -0.400268,
      -0.177393,
      0.493507,
      -0.070124,
      0.419031,
      -0.310516,
      -0.505364,
      -0.342327,
      0.242432,
      -0.476175,
      0.118542,
      0.120959,
      0.524246,
      -0.032918,
      -0.55014,
      -0.099532,
      -0.200236,
      -0.595171,
      0.522399,
      0.054416,
      -0.220152,
      -0.292198,
      -0.457974,
      -0.281637,
      0.144474,
      -0.146964,
      0.282198,
      -0.355424,
      -0.052842,
      -0.33485,
      -0.602988,
      -0.283589,
      0.544283,
      0.309114,
      -0.371464,
      0.303621,
      -0.153838,
      -0.349131,
      -0.15697,
      -0.009226,
      0.122515,
      -0.401924,
      -0.449705,
      -0.131091,
      -0.024284,
      0.323891,
      0.375075,
      -0.567454,
      -0.037062,
      0.026846,
      -0.39235,
      -0.456246,
      -0.186465,
      0.272124,
      -0.394346,
      0.07547,
      0.317591,
      -0.137088,
      -0.506653,
      -0.191252,
      -0.529453,
      -0.295105,
      0.084902,
      -0.07718,
      -0.077679,
      0.400522,
      0.222812,
      -0.190742,
      -0.397768,
      0.100178,
      -0.168546,
      0.213266,
      -0.648861,
      -0.389642,
      0.101315,
      0.014118,
      -0.343408,
      -0.336285,
      0.436559,
      -0.024816,
      0.024814,
      0.36632,
      -0.376274,
      -0.089874,
      -0.280071,
      0.136952,
      -0.388098,
      -0.353447,
      -0.459545,
      -0.524417,
      0.073315,
      -0.165341,
      0.057971,
      0.11961,
      -0.337303,
      0.065395,
      0.2127,
      -0.200798,
      -0.150419,
      -0.386035,
      -0.048985,
      -0.443892,
      -0.374123,
      0.058602,
      0.031329,
      -0.134738,
      -0.16609,
      -0.31106,
      -0.105677,
      -0.512584,
      -0.019806,
      0.098578,
      0.219815,
      0.373868,
      -0.362963,
      0.312906,
      -0.53279,
      -0.101977,
      -0.195393,
      0.221857,
      0.30597,
      0.2082,
      -0.057782,
      -0.018307,
      0.012993,
      -0.114432,
      0.09929,
      -0.078326,
      -0.523066,
      -0.080152,
      -0.167046,
      0.21844,
      -0.279213,
      -0.372779,
      0.146364,
      -0.030011,
      0.110072,
      -0.047324,
      0.039374,
      -0.138683,
      0.134049,
      0.22321,
      -0.172424,
      0.218785,
      -0.272886,
      0.193283,
      -0.214255,
      0.000264,
      0.29342,
      0.26604,
      0.213893,
      -0.159654,
      -0.355066,
      0.254067,
      -0.379363,
      -0.065855,
      -0.285201,
      -0.462738,
      -0.039843,
      0.085417,
      -0.270813,
      -0.061663,
      -0.346261,
      0.130962,
      -0.41383,
      -0.369339,
      0.12765,
      -0.218112,
      -0.289826,
      -0.165366,
      -0.100561,
      0.340286,
      -0.202407,
      0.012722,
      -0.23936,
      0.075799,
      0.236077,
      0.074307,
      -0.159492,
      -0.11301,
      -0.184632,
      -0.323925,
      -0.262891,
      -0.208043,
      -0.297142,
      -0.21605,
      -0.351489,
      0.129292,
      -0.139821,
      -0.298578,
      -0.311115,
      -0.107269,
      0.104469,
      0.033257,
      -0.202063,
      -0.493664,
      -0.065508,
      0.143072,
      -0.142831,
      0.143169,
      0.098289,
      -0.318716,
      -0.138736,
      -0.057115,
      -0.109729,
      0.343844,
      -0.307846,
      -0.27332,
      -0.062139,
      -0.011555,
      0.035542,
      -0.091929,
      0.010294,
      -0.027585,
      0.069698,
      0.067948,
      -0.056157,
      -0.035256,
      -0.2302,
      -0.119695,
      -0.065401,
      0.096112,
      -0.065214,
      -0.194555,
      -0.267042,
      0.114484,
      -0.175994,
      0.132246,
      -0.185017,
      0.02465,
      0.060964,
      0.002259,
      0.206431,
      -0.197141,
      -0.15751,
      -0.290471,
      -0.362221,
      -0.277909,
      0.110651,
      -0.010066,
      -0.411107,
      0.159128,
      -0.357874,
      -0.339638,
      -0.134285,
      -0.229784,
      0.008155,
      0.022192,
      0.061658,
      -0.25995,
      0.082209,
      -0.029082,
      -0.239145,
      -0.195778,
      0.019696,
      -0.116159,
      -0.056942,
      -0.346128,
      -0.309999,
      0.0159,
      0.084852,
      -0.192273,
      -0.12728,
      -0.012983,
      0.179309,
      -0.449404,
      0.223529,
      -0.090987,
      -0.182533,
      -0.122052,
      0.214528,
      -0.242652,
      0.281781,
      0.156735,
      -0.144328,
      -0.405917,
      0.237541,
      0.01047,
      -0.060606,
      -0.043784,
      -0.141096,
      -0.237063,
      -0.126096,
      -0.11543,
      -0.307471,
      -0.132121,
      -0.154429,
      -0.061727,
      -0.241239,
      -0.177801,
      -0.010836,
      -0.280837,
      0.097694,
      -0.222206,
      0