# Chunk number: 18 of 37

 -0.141096,
      -0.237063,
      -0.126096,
      -0.11543,
      -0.307471,
      -0.132121,
      -0.154429,
      -0.061727,
      -0.241239,
      -0.177801,
      -0.010836,
      -0.280837,
      0.097694,
      -0.222206,
      0.106837,
      -0.188068,
      -0.199299,
      -0.225835,
      -0.136981,
      -0.22816,
      -0.228152,
      0.063101,
      0.080707,
      0.201046,
      -0.266223,
      -0.231825,
      0.462555,
      -0.528076,
      -0.200125,
      -0.527435,
      0.440784,
      0.179134,
      -0.618892,
      -0.309354,
      -0.279937,
      -0.528369,
      -0.445422,
      0.249175,
      0.347447,
      -0.525244,
      -0.350131,
      0.235383,
      0.1196,
      -0.43318,
      -0.472297,
      0.458614,
      0.138733,
      -0.198552,
      -0.338868,
      -0.106535,
      -0.736849,
      0.640752,
      -0.115539,
      -0.353367,
      -0.528652,
      -0.25859,
      -0.393793,
      -0.49161,
      -0.281459,
      0.218142,
      0.006975,
      -0.130861,
      0.489138,
      0.406532,
      0.282044,
      0.452986,
      0.40205,
      0.453851,
      -0.529528,
      -0.202523,
      0.338479,
      -0.075985,
      -0.280017,
      -0.248605,
      0.145418,
      -0.002431,
      0.08631,
      -0.524107,
      0.335066,
      -0.711015,
      0.320248,
      -0.183234,
      -0.188526,
      0.245041,
      -0.540996,
      0.281697,
      -0.145342,
      0.054791,
      0.402704,
      -0.376328,
      0.130447,
      0.129344,
      -0.376204,
      0.279839,
      0.510271,
      0.486953,
      0.291349,
      -0.333311,
      -0.462844,
      -0.382604,
      -0.543453,
      -0.084581,
      -0.347767,
      -0.828875,
      0.429506,
      -0.717896,
      -0.605496,
      0.473769,
      0.039817,
      -0.073366,
      0.021787,
      0.232342,
      -0.373963,
      0.150614,
      -0.137087,
      0.493606,
      0.20688,
      0.492305,
      0.36391,
      0.050863,
      0.500777,
      -0.125585,
      -0.371116,
      0.570509,
      0.729931,
      -0.432997,
      -0.393937,
      -0.398808,
      -0.294116,
      0.544166,
      0.474118,
      0.537511,
      0.37784,
      -0.049225,
      0.593749,
      0.377997,
      0.049127,
      0.62669,
      0.13607,
      -0.484385,
      0.359009,
      0.217501,
      -0.295617,
      -0.308235,
      0.498219,
      -0.002256,
      0.452455,
      0.201446,
      0.145542,
      0.054053,
      0.547919,
      0.122212,
      0.420694,
      0.088777,
      0.405043,
      -0.547772,
      -0.31616,
      -0.170419,
      0.214986,
      -0.048673,
      -0.274416,
      -0.537385,
      0.37473,
      0.273382,
      -0.197712,
      0.66764,
      0.388701,
      -0.243852,
      0.33321,
      -0.419005,
      -0.566322,
      -0.061677,
      0.439314,
      0.374875,
      0.098303,
      0.26323,
      0.28222,
      0.387371,
      0.78403,
      -0.326899,
      0.303579,
      0.145511,
      -0.047891,
      -0.347505,
      0.506382,
      0.699299,
      -0.294508,
      0.339056,
      -0.004468,
      -0.014702,
      0.017075,
      0.286123,
      0.209875,
      -0.328642,
      0.520702,
      -0.194412,
      -0.642633,
      0.419293,
      0.138269,
      -0.553734,
      0.294051,
      0.360586,
      0.537223,
      0.452252,
      0.498976,
      0.506111,
      0.186641,
      -0.516959,
      -0.064264,
      -0.213992,
      -0.245709,
      -0.082699,
      0.221466,
      0.284825,
      0.225515,
      0.116106,
      -0.259849,
      0.656329,
      -0.248344,
      0.382608,
      -0.013957,
      0.030055,
      -0.590887,
      -0.248806,
      -0.198859,
      0.417899,
      -0.207452,
      0.421444,
      -0.15472,
      0.049741,
      0.336273,
      0.370679,
      -0.263859,
      0.477289,
      -0.143503,
      -0.103802,
      0.374759,
      -0.578257,
      0.570732,
      0.508789,
      0.465935,
      0.003261,
      0.159434,
      0.407916,
      0.221911,
      0.498468,
      0.751911,
      0.658515,
      -0.271326,
      0.406451,
      0.38761,
      -0.528845,
      0.029046,
      0.689091,
      0.431463,
      -0.236627,
      0.660722,
      0.433941,
      0.5962,
      -0.51027,
      0.580257,
      0.400468,
      0.029926,
      -0.210018,
      -0.206176,
      -0.103208,
      -0.547412,
      0.172017,
      -0.16304,
      0.103231,
      0.138384,
      0.370252,
      -0.577969,
      -0.391931,
      -0.379963,
      -0.313789,
      0.281742,
      0.354879,
      0.016187,
      0.308626,
      0.587713,
      0.069199,
      -0.299111,
      0.524241,
      -0.272018,
      0.403047,
      0.234525,
      -0.260351,
      0.568356,
      -0.522573,
      0.257892,
      -0.387238,
      0.151851,
      -0.302432,
      0.249493,
      0.604412,
      0.036147,
      -0.120819,
      0.158407,
      0.134973,
      -0.339407,
      0.603439,
      0.173803,
      0.119266,
      0.329983,
      -0.55763,
      -0.222306,
      0.526439,
      0.38514,
      0.424472,
      -0.271396,
      0.222481,
      0.096224,
      -0.263459,
      0.508866,
      0.267767,
      0.294858,
      -0.216501,
      -0.294195,
      0.778309,
      0.194724,
      -0.303672,
      -0.141476,
      0.350205,
      -0.013012,
      -0.204657,
      -0.109684,
      -0.047143,
      -0.306917,
      0.447401,
      0.55879,
      0.673447,
      0.503434,
      0.335006,
      -0.161692,
      0.004888,
      0.387598,
      0.41155,
      -0.107563,
      0.847456,
      0.396388,
      0.511039,
      0.254732,
      0.023229,
      0.087397,
      0.292329,
      0.453935,
      0.647202,
      -0.353451,
      -0.188548,
      -0.421809,
      -0.137942,
      0.299042,
      0.616582,
      -0.323465,
      -0.105688,
      -0.246879,
      0.357241,
      0.345057,
      0.399335,
      0.063589,
      0.08098,
      0.169649,
      0.248131,
      0.497514,
      0.134331,
      -0.398994,
      0.064883,
      0.035975,
      -0.134587,
      0.192493,
      -0.01966,
      -0.305625,
      0.653059,
      0.346134,
      -0.246108,
      -0.429103,
      0.292714,
      0.085749,
      0.570686,
      0.296149,
      0.663221,
      0.496463,
      0.434427,
      0.13586,
      0.313837,
      0.281207,
      -0.01547,
      0.582418,
      0.484855,
      -0.159262,
      -0.077442,
      0.266772,
      0.453216,
      -0.207692,
      0.416038,
      0.549776,
      0.085415,
      0.406729,
      0.101534,
      0.294747,
      0.640836,
      0.246486,
      0.462452,
      0.25548,
      0.223035,
      0.320732,
      0.61721,
      0.381136,
      0.33666,
      -0.398451,
      0.20852,
      0.606197,
      -0.09105,
      0.480536,
      0.211657,
      0.464886,
      -0.286344,
      -0.184977,
      -0.048252,
      -0.359766,
      0.100476,
      0.099418,
      -0.100776,
      -0.05417,
      -0.152025,
      -0.104794,
      -0.035195,
      -0.436797,
      0.119362,
      0.221733,
      0.12845,
      -0.313015,
      0.004759,
      0.188637,
      0.139711,
      0.247139,
      0.208987,
      0.254334,
      -0.195219,
      -0.280012,
      -0.574287,
      -0.125708,
      -0.404369,
      -0.115698,
      -0.060468,
      -0.234888,
      -0.288284,
      0.367935,
      -0.167859,
      -0.167756,
      0.470963,
      0.376601,
      0.452097,
      -0.151515,
      -0.428937,
      -0.229234,
      -0.449459,
      -0.07055,
      0.60609,
      -0.027224,
      -0.194707,
      0.545678,
      -0.174692,
      0.54101,
      0.413957,
      -0.620604,
      0.053498,
      0.46554,
      0.299268,
      0.435598,
      0.612962,
      0.432279,
      0.143349,
      -0.415401,
      0.473913,
      0.214055,
      0.473714,
      -0.106579,
      0.33757,
      0.567907,
      0.554201,
      0.422872,
      0.328227,
      -0.57541,
      0.32429,
      0.558564,
      0.313848,
      0.40616,
      0.097514,
      0.080442,
      0.254015,
      0.05776,
      0.349517,
      -0.426409,
      -0.300254,
      0.108762,
      -0.330734,
      0.275704,
      -0.165187,
      0.131252,
      0.548946,
      0.454444,
      -0.162184,
      0.214704,
      -0.507413,
      -0.423362,
      0.049391,
      0.139062,
      -0.06735,
      0.317887,
      -0.32314,
      0.491661,
      0.400974,
      0.075304,
      -0.561691,
      0.347543,
      0.104355,
      0.444031,
      0.072685,
      -0.425795,
      -0.249475,
      0.654135,
      -0.373648,
      -0.264174,
      0.438682,
      0.051818,
      0.467988,
      0.561328,
      0.253085,
      0.274153,
      0.167291,
      0.443753,
      0.241139,
      -0.132016,
      -0.605232,
      -0.262468,
      0.28008,
      -0.303575,
      -0.358341,
      -0.152708,
      -0.467785,
      -0.324486,
      -0.244349,
      0.248293,
      0.049941,
      0.209053,
      -0.422856,
      -0.464939,
      -0.382139,
      -0.060945,
      0.350685,
      0.491866,
      0.466618,
      -0.1441,
      0.155173,
      -0.170884,
      0.129507,
      0.477589,
      0.247448,
      0.055267,
      0.327034,
      0.449775,
      0.339101,
      -0.312168,
      0.255773,
      0.529093,
      0.334323,
      0.298276,
      0.150071,
      0.20145,
      0.087106,
      -0.24271,
      -0.092238,
      -0.05445,
      0.457933,
      -0.086557,
      -0.13492,
      -0.124075,
      -0.192273,
      -0.049311,
      -0.273177,
      0.279255,
      0.558272,
      0.167632,
      -0.256394,
      -0.038593,
      0.290578,
      0.705992,
      -0.186965,
      0.419885,
      0.214043,
      0.428979,
      -0.271731,
      -0.365525,
      0.329584,
      0.177106,
      0.081383,
      0.019127,
      0.113026,
      -0.123316,
      0.269661,
      -0.014241,
      0.3538,
      -0.184469,
      -0.146106,
      0.037857,
      0.115,
      -0.147226,
      -0.081507,
      -0.624571,
      -0.455688,
      0.029274,
      0.067861,
      -0.046949,
      0.361259,
      0.31217,
      -0.037296,
      0.443212,
      0.551022,
      0.017386,
      -0.018365,
      -0.178352,
      0.251475,
      0.032996,
      0.028281,
      0.332307,
      0.172945,
      0.441062,
      -0.270559,
      0.070698,
      0.123231,
      0.563389,
      -0.116871,
      -0.012813,
      0.320266,
      0.272887,
      0.574154,
      -0.331317,
      -0.06536,
      0.040591,
      0.283383,
      -0.086206,
      -0.268489,
      0.093795,
      0.017555,
      0.317971,
      0.09696,
      0.304601,
      -0.120121,
      -0.092752,
      0.116243,
      0.146801,
      0.264206,
      0.081996,
      0.309363,
      0.141291,
      0.182757,
      0.562341,
      0.223276,
      0.144734,
      0.304,
      0.14203,
      0.433225,
      0.106101,
      -0.001847,
      -0.321152,
      0.079588,
      0.259449,
      -0.144621,
      0.080509,
      -0.061533,
      0.220593,
      0.156004,
      0.043035,
      0.465031,
      0.518538,
      0.096845,
      0.061696,
      -0.036224,
      0.311406,
      0.216357,
      0.291139,
      0.095263,
      -0.049139,
      -0.000988,
      0.173325,
      0.14454,
      0.167225,
      0.045596,
      0.369777,
      -0.323894,
      0.442922,
      -0.114905,
      0.140045,
      0.11523,
      -0.134274,
      -0.104653,
      0.276073,
      -0.020161,
      0.3665,
      0.177527,
      -0.105201,
      0.124503,
      -0.013685,
      0.268882,
      -0.260993,
      0.45026,
      0.452554,
      0.576562,
      -0.131197,
      -0.06029,
      0.15983,
      0.091691,
      0.010961,
      0.034483,
      0.148975,
      -0.008508,
      0.075877,
      -0.013164,
      0.243475,
      0.286245,
      -0.009399,
      0.119227,
      0.025084,
      -0.00522,
      0.177821,
      -0.220346,
      -0.030142,
      0.018432,
      -0.053973,
      -0.152545,
      0.026778,
      0.039775,
      0.043312,
      0.050577,
      0.12745,
      -0.121963,
      -0.090973,
      0.358437,
      0.136924,
      0.372253,
      0.250404,
      0.112743,
      0.192318,
      0.038122,
      0.190385,
      0.255376,
      0.147282,
      0.161694,
      0.050273,
      0.195679,
      0.232065,
      0.117198,
      0.004775,
      -0.068935,
      0.093337,
      0.124393,
      0.106618,
      -0.00438,
      0.26742,
      0.126039,
      0.042665,
      0.307537,
      0.005836,
      0.327629,
      0.155673,
      0.063244,
      0.246249,
      0.267891,
      -0.268003,
      -0.123844,
      0.237344,
      -0.033075,
      0.332662,
      0.283767,
      -0.031129,
      -0.082578,
      0.056477,
      0.268764,
      0.11197,
      -0.11822,
      0.092269,
      0.192003,
      -0.130482,
      0.167379,
      -0.135963,
      0.04491,
      0.129483,
      0.205404,
      -0.062799,
      0.039296,
      0.103706,
      0.064798,
      0.183311,
      0.04984,
      0.36998,
      -0.130603,
      0.143086,
      -0.024875,
      0.124571,
      0.221649,
      0.386587,
      0.052118,
      -0.027106,
      0.070726,
      0.188979,
      0.027166,
      0.100837,
      0.363478,
      0.373849,
      0.307833,
      -0.116446,
      -0.071157,
      0.496408,
      -0.147282,
      -0.121475,
      -0.148679,
      0.002762,
      -0.489215,
      -0.416961,
      0.110312,
      -0.177573,
      0.248193,
      -0.360227,
      -0.162177,
      0.596242,
      0.08181,
      -0.049728,
      0.135758,
      -0.049854,
      -0.370458,
      -0.069074,
      -0.157054,
      -0.513058,
      -0.580921,
      -0.271475,
      -0.248239,
      -0.489776,
      -0.236031,
      0.242664,
      -0.422382,
      -0.289678,
      -0.434265,
      -0.400635,
      0.590011,
      -0.565929,
      -0.042165,
      -0.505112,
      -0.086981,
      -0.150423,
      -0.007512,
      -0.350769,
      -0.300233,
      -0.066324,
      0.572233,
      -0.322901,
      0.307789,
      -0.437459,
      -0.35205,
      -0.351494,
      -0.720436,
      0.403265,
      0.399402,
      0.333452,
      -0.377432,
      0.139569,
      -0.618374,
      -0.531163,
      0.390221,
      -0.21833,
      -0.715781,
      0.201855,
      -0.621364,
      -0.546072,
      -0.387818,
      0.083025,
      -0.562803,
      0.297008,
      0.055086,
      0.733059,
      0.734891,
      -0.029227,
      -0.028259,
      -0.357556,
      -0.641697,
      -0.631876,
      -0.349327,
      0.037053,
      -0.527899,
      0.119685,
      0.338913,
      0.109782,
      0.180801,
      0.603657,
      0.41372,
      -0.475242,
      -0.145379,
      -0.437936,
      -0.385105,
      -0.442593,
      -0.738628,
      -0.479113,
      -0.826974,
      0.463399,
      -0.20959,
      -0.02558,
      -0.566928,
      0.345902,
      -0.392729,
      -0.754638,
      -0.219919,
      -0.179507,
      0.038122,
      -0.543849,
      -0.402615,
      -0.234158,
      0.178054,
      -0.290286,
      0.535375,
      0.16068,
      -0.15677,
      0.683333,
      -0.430262,
      0.219281,
      -0.4017,
      -0.42785,
      -0.122349,
      -0.039652,
      0.435494,
      -0.320153,
      -0.340865,
      -0.256581,
      0.120127,
      -0.260314,
      -0.332365,
      0.531987,
      0.203514,
      0.483992,
      -0.403254,
      -0.394637,
      0.538454,
      -0.2833,
      -0.332307,
      -0.241746,
      -0.159007,
      0.652855,
      -0.206196,
      0.463812,
      -0.149927,
      -0.148068,
      0.362246,
      -0.024572,
      -0.61935,
      -0.492073,
      -0.03707,
      0.255638,
      0.052875,
      -0.471046,
      -0.535343,
      -0.092164,
      0.147764,
      -0.32688,
      -0.198362,
      -0.498769,
      -0.00302,
      -0.444025,
      -0.527161,
      -0.565327,
      0.612482,
      -0.513005,
      -0.27813,
      -0.096379,
      0.07173,
      0.492753,
      0.568544,
      0.207834,
      -0.338774,
      -0.266532,
      -0.320426,
      -0.383426,
      0.556709,
      0.186863,
      -0.500586,
      -0.594811,
      -0.233232,
      -0.340002,
      0.635274,
      -0.251334,
      -0.55261,
      -0.399567,
      0.042399,
      -0.612391,
      -0.588285,
      -0.509431,
      0.013315,
      -0.511795,
      -0.192331,
      0.092881,
      -0.1749,
      -0.016639,
      0.612317,
      -0.218606,
      0.267276,
      -0.415981,
      0.215305,
      -0.110052,
      -0.053304,
      -0.344637,
      -0.187043,
      -0.696149,
      0.189844,
      0.374702,
      -0.657599,
      0.238036,
      -0.37835,
      -0.501711,
      0.370206,
      -0.037674,
      -0.072013,
      -0.015133,
      -0.093815,
      -0.354742,
      0.187091,
      0.081989,
      0.402282,
      -0.206037,
      0.356992,
      -0.157861,
      -0.010409,
      0.000409,
      0.28057,
      -0.144479,
      -0.523069,
      -0.670039,
      -0.401178,
      -0.309918,
      -0.185716,
      -0.649714,
      -0.226216,
      -0.079411,
      -0.197104,
      -0.171027,
      -0.124393,
      -0.525917,
      -0.126838,
      0.245239,
      0.059544,
      -0.046639,
      -0.262734,
      -0.352582,
      0.081416,
      -0.118067,
      0.368439,
      0.286992,
      0.22779,
      -0.312897,
      0.40981,
      -0.267462,
      -0.568132,
      -0.32187,
      -0.293518,
      -0.425149,
      -0.665008,
      -0.029294,
      0.198553,
      -0.15838,
      0.316555,
      0.197038,
      0.363287,
      0.18227,
      -0.550817,
      0.012847,
      -0.273719,
      0.355365,
      0.097414,
      -0.386478,
      -0.282772,
      -0.155598,
      0.16151,
      0.078317,
      -0.472985,
      0.358957,
      -0.181545,
      -0.053071,
      0.31775,
      0.374824,
      0.376318,
      0.318804,
      0.052158,
      -0.244716,
      0.407532,
      -0.428101,
      -0.039434,
      0.065487,
      -0.092352,
      -0.138512,
      -0.575544,
      0.110944,
      0.051743,
      -0.238372,
      0.347998,
      -0.295983,
      -0.423263,
      0.261853,
      -0.081425,
      -0.065999,
      0.2071,
      -0.358259,
      -0.08889,
      0.225504,
      -0.009041,
      -0.067596,
      0.318296,
      0.03454,
      -0.299371,
      -0.207161,
      -0.137883,
      -0.090546,
      -0.030642,
      -0.334587,
      -0.167587,
      -0.502544,
      -0.132432,
      -0.301529,
      -0.156819,
      -0.095372,
      0.181732,
      -0.203751,
      -0.024197,
      -0.305303,
      -0.294451,
      -0.063953,
      0.112575,
      -0.40587,
      0.013147,
      -0.173433,
      -0.44613,
      -0.216417,
      0.155036,
      0.05986,
      0.285287,
      0.016185,
      0.214368,
      -0.080091,
      -0.485415,
      -0.105846,
      0.129312,
      -0.418381,
      0.090277,
      -0.431619,
      0.298404,
      -0.120613,
      0.204424,
      -0.190325,
      -0.246654,
      -0.01727,
      -0.207776,
      -0.063317,
      -0.181767,
      0.010229,
      -0.439858,
      -0.108432,
      0.016071,
      -0.389317,
      0.050299,
      -0.198423,
      -0.051267,
      0.061247,
      -0.001074,
      -0.140238,
      0.182866,
      -0.048657,
      -0.004607,
      -0.116955,
      0.091184,
      -0.383432,
      0.095212,
      0.033984,
      0.096755,
      -0.274175,
      -0.08319,
      -0.153877,
      -0.182847,
      -0.308377,
      -0.28636,
      -0.110917,
      -0.25637,
      0.036032,
      -0.326346,
      0.145133,
      -0.174291,
      -0.034256,
      0.258254,
      0.154235,
      0.408828,
      -0.184887,
      -0.309909,
      0.208839,
      -0.166762,
      -0.192704,
      -0.413436,
      0.429704,
      0.274578,
      -0.414251,
      0.662552,
      0.300415,
      0.399184,
      0.578141,
      -0.099516,
      0.331269,
      0.193963,
      -0.454248,
      0.001581,
      0.331638,
      -0.091592,
      -0.066016,
      -0.11067,
      0.345258,
      0.027342,
      -0.329242,
      0.218543,
      0.601413,
      -0.378564,
      0.213907,
      0.364214,
      -0.375208,
      0.195466,
      -0.542332,
      0.537812,
      -0.07769,
      -0.531273,
      -0.259719,
      -0.282478,
      0.330696,
      -0.347826,
      -0.008877,
      -0.230381,
      0.263113,
      0.308187,
      0.119788,
      -0.395616,
      -0.454563,
      0.617456,
      0.241203,
      -0.399815,
      0.355419,
      -0.405242,
      0.155826,
      -0.507343,
      -0.685308,
      0.125965,
      0.408418,
      -0.085122,
      -0.052092,
      0.314993,
      0.444326,
      -0.313234,
      -0.196081,
      -0.271755,
      -0.317406,
      -0.085385,
      -0.632587,
      0.591684,
      0.405473,
      -0.501435,
      -0.161888,
      -0.475831,
      0.003545,
      0.25914,
      -0.111242,
      0.447043,
      -0.36049,
      -0.120692,
      -0.316881,
      -0.538663,
      -0.514597,
      0.07527,
      -0.116488,
      -0.624777,
      0.374962,
      -0.281652,
      0.261236,
      -0.0367,
      -0.03956,
      0.426105,
      0.620254,
      -0.151889,
      0.161254,
      -0.037041,
      -0.47563,
      0.597078,
      0.182362,
      0.358576,
      0.518136,
      -0.299285,
      0.234188,
      0.08275,
      -0.148564,
      -0.26355,
      -0.052932,
      -0.070365,
      -0.121842,
      -0.739891,
      -0.161474,
      -0.624246,
      -0.627776,
      -0.111141,
      -0.55249,
      0.082177,
      0.441209,
      -0.183181,
      -0.562327,
      0.408596,
      0.513682,
      0.420493,
      -0.352259,
      -0.162773,
      -0.509255,
      -0.415619,
      -0.462855,
      0.167474,
      -0.46776,
      -0.375113,
      -0.401346,
      0.430769,
      0.048337,
      -0.559693,
      0.486758,
      0.504096,
      0.180422,
      -0.160354,
      0.472358,
      -0.283621,
      0.521985,
      0.049973,
      0.24313,
      -0.383978,
      -0.50632,
      -0.186984,
      -0.504663,
      0.150786,
      0.153572,
      -0.133879,
      0.443759,
      -0.132763,
      -0.057201,
      -0.289489,
      -0.260395,
      0.111211,
      0.091875,
      -0.309889,
      -0.060573,
      -0.659272,
      0.241942,
      0.376115,
      -0.637994,
      -0.444835,
      -0.559687,
      0.391427,
      -0.534921,
      -0.170344,
      -0.129717,
      0.312097,
      -0.512203,
      -0.637821,
      0.384862,
      0.453435,
      -0.311243,
      0.444526,
      -0.034029,
      0.279504,
      -0.061988,
      0.214614,
      0.543388,
      -0.261633,
      -0.26417,
      -0.472555,
      -0.545832,
      0.290745,
      0.173508,
      -0.238772,
      -0.558647,
      -0.354808,
      -0.328922,
      -0.399263,
      -0.29815,
      -0.633393,
      0.242061,
      -0.264009,
      -0.379698,
      0.531888,
      -0.703478,
      0.004876,
      -0.209881,
      -0.267673,
      -0.144165,
      0.572492,
      -0.222662,
      -0.158124,
      0.229217,
      -0.201884,
      0.460984,
      0.043816,
      0.222078,
      0.31046,
      0.103565,
      0.390785,
      -0.254994,
      -0.304746,
      0.370969,
      -0.415443,
      0.461267,
      -0.654114,
      0.095042,
      -0.787554,
      0.14869,
      -0.32837,
      -0.228448,
      -0.561028,
      -0.721956,
      -0.577449,
      -0.253869,
      -0.542399,
      0.387772,
      0.237383,
      0.251366,
      -0.334371,
      0.218333,
      -0.685384,
      -0.029648,
      -0.07532,
      -0.341456,
      -0.387218,
      0.397217,
      0.064457,
      -0.292045,
      0.313799,
      -0.611579,
      0.119427,
      -0.176771,
      0.632106,
      0.233757,
      0.45144,
      -0.235433,
      0.114713,
      0.467414,
      0.66688,
      -0.405306,
      0.62393,
      -0.486801,
      -0.338326,
      -0.184373,
      -0.505112,
      -0.25576,
      -0.021409,
      0.066204,
      0.206393,
      -0.684812,
      -0.13977,
      0.207236,
      0.106007,
      0.329849,
      0.228757,
      -0.331532,
      -0.134218,
      0.294394,
      0.038956,
      -0.539468,
      -0.547487,
      -0.139413,
      -0.12096,
      -0.558493,
      0.409589,
      0.424414,
      0.566088,
      0.341835,
      0.237332,
      0.392826,
      -0.426093,
      -0.526047,
      -0.045455,
      0.54031,
      0.478887,
      0.400164,
      -0.255102,
      -0.316975,
      -0.171514,
      -0.663561,
      -0.330454,
      0.195577,
      0.310448,
      0.743982,
      -0.046837,
      -0.590563,
      -0.325126,
      -0.289017,
      -0.466386,
      -0.084825,
      -0.278499,
      0.163193,
      -0.555601,
      0.248424,
      0.421006,
      0.262091,
      0.333515,
      0.335631,
      -0.60127,
      0.490347,
      0.430768,
      -0.022993,
      -0.484858,
      -0.332399,
      -0.304133,
      -0.581689,
      -0.173885,
      0.527154,
      0.391383,
      -0.20688,
      -0.328326,
      0.457221,
      -0.31088,
      0.097407,
      -0.18443,
      -0.592957,
      0.122911,
      0.299588,
      -0.69298,
      0.571023,
      -0.702284,
      0.2149,
      -0.032868,
      0.292598,
      0.3473,
      -0.209282,
      0.231585,
      0.413372,
      0.395055,
      0.311289,
      0.153114,
      0.437164,
      -0.673026,
      0.518882,
      -0.213777,
      -0.234852,
      0.503921,
      0.372078,
      0.125068,
      0.222451,
      -0.276926,
      -0.111653,
      -0.611576,
      -0.782433,
      -0.300565,
      -0.232206,
      0.029882,
      0.73358,
      0.003277,
      -0.348616,
      -0.698459,
      -0.189437,
      -0.720022,
      -0.828198,
      -0.229906,
      -0.636282,
      -0.626885,
      0.347083,
      -0.25089,
      -0.484724,
      -0.481171,
      -0.50616,
      -0.051404,
      -0.453833,
      -0.047623,
      0.163312,
      -0.562232,
      -0.672008,
      -0.523378,
      0.449842,
      0.640161,
      -0.021382,
      0.343785,
      -0.241565,
      -0.408416,
      -0.655289,
      -0.334437,
      0.637793,
      0.679695,
      0.044228,
      -0.510613,
      0.759531,
      -0.811855,
      0.510925,
      0.145696,
      -0.420134,
      0.49906,
      0.058325,
      0.603245,
      0.018357,
      -0.400892,
      -0.463853,
      0.274571,
      -0.260012,
      0.568803,
      -0.048578,
      0.725738,
      0.062091,
      0.183304,
      0.631381,
      -0.139313,
      0.396428,
      0.256512,
      -0.012173,
      0.199567,
      -0.461927,
      0.255831,
      0.427411,
      0.093139,
      0.741135,
      -0.710193,
      -0.410052,
      -0.329696,
      0.208893,
      -0.34706,
      0.445073,
      -0.029939,
      0.718383,
      0.250178,
      -0.334923,
      -0.634158,
      -0.567946,
      0.758482,
      0.384479,
      -0.467347,
      0.61966,
      -0.397189,
      -0.501199,
      0.577567,
      0.588141,
      0.304857,
      0.18855,
      0.349606,
      0.52559,
      -0.595008,
      0.547803,
      0.644293,
      -0.421849,
      0.255433,
      -0.485559,
      -0.052106,
      -0.120403,
      -0.234297,
      0.442841,
      -0.481911,
      -0.032067,
      -0.404044,
      -0.608256,
      0.712755,
      -0.363053,
      0.412453,
      0.606043,
      -0.663642,
      -0.132743,
      -0.545239,
      -0.602544,
      0.441548,
      0.318511,
      0.514005,
      -0.532936,
      0.343399,
      0.804747,
      -0.496389,
      0.497385,
      -0.143553,
      0.095915,
      -0.623745,
      0.107656,
      0.175203,
      -0.065758,
      -0.479432,
      0.350187,
      0.42017,
      -0.660389,
      0.153471,
      0.271681,
      -0.437969,
      -0.541347,
      0.527322,
      0.573207,
      -0.600492,
      0.478382,
      -0.476754,
      -0.114644,
      0.421081,
      0.016227,
      -0.183417,
      0.449444,
      0.341416,
      -0.33336,
      -0.379188,
      0.533512,
      -0.489088,
      -0.13841,
      -0.604458,
      0.333015,
      0.135316,
      -0.487598,
      -0.059532,
      -0.253326,
      0.374452,
      -0.111321,
      -0.382801,
      -0.197286,
      -0.019281,
      -0.549381,
      0.046816,
      0.538701,
      0.175648,
      0.360569,
      0.076006,
      -0.602309,
      -0.404393,
      -0.41771,
      0.204723,
      -0.497867,
      -0.371519,
      0.359483,
      -0.071238,
      -0.555169,
      -0.171093,
      -0.442011,
      -0.432892,
      -0.346099,
      -0.539558,
      0.419901,
      0.4236,
      -0.222139,
      0.476125,
      0.332638,
      -0.733657,
      -0.218858,
      -0.319084,
      0.168891,
      0.055271,
      0.268592,
      -0.480828,
      0.24975,
      -0.297031,
      -0.210108,
      -0.401628,
      0.053656,
      -0.693821,
      0.72218,
      -0.58683,
      0.193716,
      -0.2119,
      -0.611098,
      -0.219186,
      0.43888,
      -0.03134,
      0.377211,
      0.183694,
      -0.365308,
      0.570943,
      -0.118437,
      0.254656,
      0.112505,
      0.012894,
      -0.655245,
      -0.51759,
      -0.00449,
      -0.253812,
      -0.740669,
      -0.452565,
      -0.125837,
      -0.623314,
      -0.439548,
      -0.412845,
      -0.622904,
      -0.272951,
      -0.109953,
      -0.054545,
      -0.233439,
      -0.455949,
      0.430124,
      -0.56435,
      -0.185845,
      -0.368737,
      0.170091,
      -0.169925,
      0.550494,
      -0.658014,
      -0.730834,
      0.040672,
      0.314144,
      -0.619548,
      0.506677,
      0.497184,
      -0.378829,
      0.257371,
      0.296171,
      0.143984,
      0.564141,
      -0.086494,
      -0.004142,
      -0.592494,
      -0.579228,
      -0.508742,
      -0.032292,
      0.205093,
      -0.021056,
      -0.570404,
      0.385562,
      -0.622832,
      0.310453,
      -0.612941,
      0.426899,
      -0.034117,
      -0.029583,
      -0.291274,
      -0.07102,
      -0.118562,
      -0.578353,
      0.293381,
      -0.339336,
      0.370005,
      -0.260316,
      0.374613,
      -0.008478,
      -0.551561,
      0.2021,
      -0.45605,
      -0.222933,
      -0.524804,
      0.351535,
      -0.43972,
      -0.246207,
      -0.273042,
      -0.340111,
      -0.524361,
      -0.399563,
      0.270972,
      -0.059541,
      0.3321,
      -0.385908,
      -0.399748,
      -0.367992,
      -0.359736,
      -0.184657,
      0.240537,
      0.432074,
      -0.281444,
      -0.285665,
      0.435288,
      0.185061,
      0.020471,
      -0.441257,
      0.493327,
      0.214152,
      -0.213609,
      0.276828,
      0.308733,
      -0.047183,
      -0.467711,
      -0.247172,
      -0.399391,
      0.268084,
      0.176432,
      0.23608,
      -0.506133,
      -0.565143,
      -0.305178,
      -0.497665,
      0.312322,
      0.114388,
      0.136677,
      0.013873,
      0.215435,
      0.455864,
      -0.455388,
      0.642286,
      -0.432633,
      0.278999,
      -0.175384,
      -0.408017,
      -0.13224,
      -0.112555,
      0.431288,
      -0.268678,
      -0.06927,
      0.363016,
      0.118042,
      -0.440048,
      0.236983,
      -0.246596,
      -0.250336,
      -0.059294,
      0.125951,
      -0.530774,
      0.421118,
      -0.167501,
      -0.508426,
      0.110096,
      0.095215,
      0.004608,
      -0.647281,
      -0.754534,
      -0.257934,
      -0.335581,
      0.160616,
      0.129092,
      0.183148,
      -0.506334,
      -0.285462,
      -0.416885,
      -0.222575,
      0.242367,
      0.152649,
      -0.101251,
      0.328447,
      -0.323432,
      -0.118674,
      0.392215,
      -0.181624,
      -0.126335,
      -0.068143,
      0.303871,
      -0.384518,
      -0.659055,
      -0.527068,
      -0.409147,
      0.056972,
      -0.360067,
      -0.210263,
      0.053477,
      -0.211793,
      -0.541249,
      -0.411615,
      -0.281846,
      -0.557698,
      -0.512255,
      0.275805,
      -0.344119,
      -0.137086,
      0.454945,
      -0.541868,
      -0.324554,
      -0.417159,
      -0.34014,
      0.23349,
      -0.138685,
      -0.53848,
      0.122982,
      0.17389,
      0.027177,
      -0.373701,
      0.144244,
      -0.076748,
      0.249749,
      -0.315633,
      0.066822,
      -0.084932,
      0.061031,
      0.287164,
      -0.432072,
      0.387338,
      -0.205554,
      -0.440484,
      0.443958,
      -0.082744,
      -0.488755,
      -0.498201,
      -0.61714,
      0.045273,
      0.293642,
      -0.311821,
      -0.642051,
      -0.657552,
      -0.060103,
      0.093488,
      -0.703022,
      0.316458,
      0.030234,
      -0.246712,
      -0.53445,
      0.179896,
      0.294541,
      0.480215,
      -0.28789,
      -0.278165,
      -0.510799,
      0.397074,
      0.416983,
      -0.511435,
      0.201011,
      0.795391,
      0.600078,
      -0.202843,
      -0.50227,
      -0.627977,
      0.505785,
      0.729827,
      -0.396526,
      -0.016177,
      0.129584,
      -0.680556,
      0.542303,
      0.308394,
      0.632154,
      0.424521,
      0.521648,
      0.478439,
      0.487029,
      -0.004159,
      -0.409097,
      0.595141,
      0.635339,
      -0.670456,
      0.437799,
      0.111869,
      -0.193503,
      0.538794,
      0.470023,
      -0.189259,
      0.617373,
      -0.446258,
      0.109832,
      -0.261376,
      0.301839,
      -0.455874,
      0.53622,
      -0.203237,
      -0.278583,
      -0.281181,
      0.629235,
      0.311737,
      0.627027,
      0.175928,
      0.330505,
      -0.034348,
      -0.64227,
      -0.305467,
      -0.442696,
      -0.3159,
      -0.553521,
      0.622121,
      -0.661878,
      -0.286084,
      0.303061,
      -0.038695,
      -0.209378,
      -0.557212,
      0.140682,
      -0.011103,
      -0.369472,
      -0.852823,
      -0.402126,
      -0.254712,
      -0.099053,
      0.467799,
      -0.197053,
      0.199931,
      -0.843478,
      -0.484899,
      0.155121,
      -0.578261,
      0.045204,
      -0.4367,
      0.706566,
      0.616186,
      -0.688859,
      -0.410124,
      0.350721,
      -0.538409,
      0.107942,
      -0.347774,
      -0.648083,
      0.354781,
      -0.496984,
      0.064333,
      -0.256604,
      0.258541,
      -0.482959,
      -0.089298,
      -0.244941,
      0.006058,
      -0.073944,
      -0.326295,
      0.331345,
      -0.569135,
      0.378853,
      -0.662086,
      -0.130476,
      0.541212,
      -0.566026,
      -0.251246,
      -0.42307,
      0.448528,
      0.457622,
      0.679388,
      0.55576,
      -0.627688,
      0.727807,
      0.602636,
      -0.434324,
      -0.183273,
      -0.301239,
      -0.243214,
      -0.278376,
      0.501891,
      0.342382,
      0.341126,
      0.019995,
      0.564511,
      -0.678602,
      0.10592,
      0.404578,
      0.275144,
      -0.85821,
      -0.630273,
      -0.495189,
      -0.271452,
      -0.097345,
      0.016627,
      0.372861,
      -0.107288,
      0.343084,
      -0.421651,
      -0.384253,
      0.618762,
      -0.589332,
      -0.362082,
      0.224199,
      0.268178,
      0.384127,
      -0.827201,
      -0.362632,
      -0.324551,
      0.326086,
      -0.647003,
      -0.327767,
      -0.689009,
      -0.324192,
      -0.268635,
      0.515447,
      -0.067164,
      0.662261,
      -0.516728,
      0.206236,
      -0.413921,
      0.129712,
      0.491448,
      -0.690294,
      -0.232812,
      0.451289,
      -0.669486,
      -0.329231,
      0.094272,
      -0.491123,
      0.26159,
      -0.176399,
      -0.566592,
      -0.039755,
      -0.143042,
      0.322618,
      0.351972,
      -0.235451,
      -0.39929,
      -0.6805,
      -0.476274,
      -0.452597,
      -0.478066,
      -0.537394,
      0.620491,
      -0.06052,
      0.294157,
      -0.095937,
      -0.029737,
      -0.52019,
      -0.675532,
      0.661651,
      -0.359556,
      0.088985,
      0.330865,
      -0.22041,
      -0.042754,
      -0.357525,
      -0.214291,
      0.431543,
      -0.482155,
      0.522116,
      0.43138,
      -0.257603,
      -0.372954,
      0.046075,
      -0.318456,
      0.394592,
      -0.2878,
      -0.543308,
      -0.486551,
      -0.002399,
      -0.344524,
      -0.675367,
      -0.831247,
      0.126116,
      0.281087,
      0.13396,
      -0.389052,
      0.151793,
      0.399577,
      -0.655631,
      -0.089916,
      0.069997,
      -0.409356,
      -0.247987,
      -0.215013,
      -0.688673,
      0.231593,
      -0.544982,
      -0.454643,
      -0.69561,
      -0.548998,
      -0.293296,
      -0.499138,
      -0.694623,
      -0.066155,
      0.217592,
      0.403822,
      0.277464,
      -0.432208,
      -0.63226,
      -0.494329,
      -0.390942,
      0.180933,
      -0.347084,
      -0.383356,
      0.493352,
      -0.267829,
      -0.398895,
      -0.353114,
      -0.314514,
      0.058871,
      -0.353668,
      -0.7117,
      -0.602539,
      -0.598892,
      0.14076,
      -0.481668,
      -0.5415,
      -0.478161,
      -0.560633,
      0.195967,
      -0.440754,
      0.053035,
      -0.415449,
      -0.339623,
      -0.237175,
      0.350846,
      -0.164025,
      -0.354724,
      0.261605,
      0.024064,
      -0.32538,
      0.13836,
      0.075152,
      -0.37662,
      0.225712,
      0.189653,
      -0.556026,
      -0.87675,
      -0.259412,
      -0.585883,
      -0.266214,
      0.662289,
      0.219032,
      0.248655,
      -0.582807,
      -0.025005,
      0.427569,
      -0.491936,
      -0.575279,
      0.344208,
      0.34337,
      -0.423281,
      -0.316042,
      -0.628934,
      -0.348394,
      0.500704,
      0.340167,
      -0.589365,
      0.012488,
      -0.264587,
      -0.474596,
      -0.097592,
      -0.007546,
      -0.235997,
      -0.011413,
      -0.021985,
      -0.437405,
      -0.193938,
      -0.44325,
      -0.382949,
      -0.044351,
      0.085728,
      0.430879,
      -0.046368,
      0.261056,
      -0.349889,
      -0.647247,
      -0.372319,
      -0.401221,
      -0.771958,
      -0.608575,
      -0.506562,
      0.243847,
      -0.723255,
      0.475018,
      0.2399,
      -0.197751,
      -0.471536,
      -0.153334,
      0.435953,
      0.059827,
      -0.329702,
      -0.060818,
      0.196269,
      -0.72494,
      -0.324326,
      -0.342045,
      0.121888,
      0.247434,
      -0.107514,
      -0.437639,
      0.158048,
      0.134575,
      -0.392479,
      0.199139,
      -0.304905,
      -0.042465,
      -0.510491,
      -0.359335,
      0.331721,
      0.086091,
      0.262988,
      -0.256973,
      0.055112,
      -0.460318,
      -0.160839,
      -0.376055,
      -0.534362,
      0.110792,
      -0.46325,
      0.091673,
      -0.13271,
      -0.664192,
      0.49379,
      -0.097829,
      0.394797,
      -0.159167,
      -0.462495,
      -0.426045,
      -0.381217,
      0.249991,
      0.210938,
      -0.440389,
      0.161308,
      0.368153,
      -0.034592,
      -0.095617,
      -0.324802,
      -0.024272,
      -0.198288,
      -0.647569,
      -0.466879,
      -0.080405,
      -0.297955,
      0.009342,
      0.313977,
      0.188074,
      0.16193,
      -0.120788,
      -0.050744,
      -0.364059,
      0.496406,
      0.032493,
      0.432806,
      0.303298,
      0.556608,
      0.12772,
      -0.08332,
      0.359259,
      0.311534,
      -0.145393,
      -0.022955,
      -0.166294,
      0.038777,
      0.265209,
      -0.255371,
      -0.375062,
      0.101659,
      -0.029486,
      -0.365155,
      0.596113,
      -0.184948,
      -0.708778,
      0.440265,
      0.572538,
      0.141398,
      0.004171,
      0.131259,
      -0.441888,
      -0.415733,
      -0.161679,
      -0.417071,
      -0.267849,
      -0.133072,
      -0.166058,
      0.126967,
      -0.461837,
      0.019235,
      -0.171799,
      0.350322,
      0.031604,
      -0.25869,
      -0.511139,
      0.476443,
      -0.350748,
      -0.483636,
      -0.379985,
      -0.299025,
      -0.394395,
      0.710925,
      -0.266321,
      0.329548,
      0.184367,
      -0.345806,
      -0.618547,
      0.36537,
      0.277506,
      0.141216,
      0.538598,
      -0.08002,
      -0.754698,
      0.305214,
      0.488263,
      -0.413893,
      -0.234161,
      0.369803,
      -0.382982,
      -0.026913,
      -0.582675,
      -0.394664,
      0.478602,
      -0.023987,
      -0.733308,
      0.255819,
      -0.252909,
      -0.665601,
      -0.550342,
      0.441411,
      -0.553288,
      0.234247,
      0.447182,
      0.219304,
      0.083241,
      0.441134,
      -0.225434,
      -0.439942,
      0.043565,
      0.091488,
      -0.014671,
      -0.662043,
      -0.724138,
      0.140178,
      -0.546549,
      -0.393172,
      -0.100266,
      0.527896,
      0.27548,
      -0.20844,
      0.132289,
      -0.042662,
      -0.264231,
      -0.214398,
      0.157451,
      -0.127135,
      -0.488411,
      -0.078319,
      -0.366863,
      -0.59199,
      0.059448,
      0.491447,
      -0.240881,
      -0.04596,
      -0.008258,
      0.161269,
      -0.05032,
      -0.539165,
      0.50071,
      -0.362276,
      -0.376387,
      -0.57838,
      0.326572,
      -0.43258,
      -0.045342,
      0.228126,
      0.017254,
      -0.756227,
      -0.493051,
      0.22813,
      -0.388402,
      0.6389,
      -0.460879,
      0.147935,
      -0.269671,
      -0.211517,
      0.129854,
      0.26255,
      -0.686538,
      0.485676,
      0.38057,
      0.316845,
      0.105981,
      0.635515,
      -0.371761,
      0.374858,
      -0.444632,
      0.015473,
      -0.606459,
      -0.593636,
      -0.276624,
      0.043134,
      -0.448837,
      0.152847,
      -0.557422,
      -0.34512,
      -0.147294,
      -0.100341,
      -0.576262,
      0.019984,
      0.122076,
      -0.359275,
      -0.540151,
      -0.672794,
      -0.426107,
      0.267108,
      0.392057,
      -0.324356,
      -0.121583,
      0.096258,
      0.459856,
      -0.448722,
      -0.179347,
      -0.323478,
      0.256408,
      0.025895,
      0.058635,
      -0.26689,
      -0.354612,
      0.308843,
      -0.432784,
      -0.819672,
      -0.001981,
      0.262002,
      -0.460342,
      -0.518632,
      -0.636593,
      -0.294187,
      0.123369,
      -0.407762,
      -0.666336,
      0.094498,
      0.063367,
      0.272415,
      0.024248,
      0.018394,
      0.544406,
      -0.234633,
      0.262202,
      -0.244527,
      -0.23413,
      -0.017081,
      -0.081961,
      -0.582976,
      -0.097968,
      0.280096,
      0.101178,
      -0.055941,
      -0.32365,
      -0.290412,
      0.10724,
      -0.455779,
      -0.587417,
      -0.069375,
      -0.132969,
      -0.359375,
      -0.188825,
      -0.341205,
      -0.22004,
      -0.291444,
      -0.305324,
      -0.574534,
      -0.135649,
      -0.360114,
      0.27827,
      -0.378894,
      -0.320957,
      -0.207652,
      -0.256041,
      -0.400807,
      0.098852,
      0.285536,
      -0.267788,
      -0.312965,
      0.102359,
      -0.322613,
      -0.647023,
      -0.132878,
      0.202503,
      0.003292,
      -0.272284,
      -0.132434,
      -0.162504,
      -0.086786,
      -0.479471,
      0.074585,
      0.248809,
      -0.314784,
      -0.32251,
      -0.209698,
      -0.279143,
      0.23418,
      -0.497723,
      0.035022,
      -0.0809,
      0.297649,
      0.233497,
      0.156951,
      -0.352694,
      -0.029565,
      -0.398664,
      0.203364,
      0.240835,
      -0.304506,
      -0.049245,
      0.341556,
      -0.285891,
      -0.137012,
      -0.219568,
      -0.236953,
      -0.050252,
      -0.300991,
      0.124984,
      0.080665,
      -0.016551,
      -0.18634,
      -0.224183,
      0.002191,
      -0.02846,
      0.115398,
      -0.299859,
      -0.5095,
      -0.021035,
      -0.056707,
      -0.04504,
      -0.18201,
      -0.511541,
      -0.148582,
      -0.159378,
      0.218823,
      -0.152509,
      0.175199,
      -0.161527,
      0.000519,
      -0.224627,
      -0.002964,
      -0.257606,
      -0.097935,
      -0.197724,
      -0.23503,
      0.078865,
      -0.394377,
      -0.001168,
      0.022527,
      0.149203,
      0.016869,
      -0.210173,
      0.061037,
      -9.5e-05,
      -0.192964,
      0.077424,
      0.138963,
      -0.241766,
      0.219767,
      -0.349205,
      -0.052436,
      -0.22084,
      -0.590435,
      -0.306726,
      -0.268053,
      -0.082772,
      -0.065649,
      -0.065841,
      -0.026262,
      -0.074386,
      -0.424974,
      -0.160556,
      -0.296826,
      -0.167926,
      -0.229443,
      -0.008701,
      -0.414666,
      0.180427,
      0.286012,
      -0.008946,
      -0.092492,
      0.058686,
      -0.054145,
      -0.221527,
      -0.287899,
      -0.038119,
      -0.410191,
      -0.378363,
      0.079302,
      0.19929,
      -0.386322,
      -0.209501,
      -0.216282,
      0.085841,
      -0.066527,
      -0.005203,
      -0.362889,
      -0.318464,
      -0.236425,
      -0.354449,
      0.003973,
      0.217414,
      0.029359,
      0.121357,
      0.102678,
      0.012102,
      -0.068491,
      0.211913,
      -0.040396,
      0.221149,
      -0.275887,
      0.128072,
      0.19648,
      -0.42943,
      -0.186821,
      0.012433,
      -0.292327,
      -0.490415,
      0.101712,
      -0.169228,
      0.013684,
      -0.506373,
      0.168663,
      -0.245578,
      -0.147283,
      -0.325598,
      -0.192907,
      0.117012,
      -0.255959,
      -0.177246,
      -0.089644,
      -0.106722,
      0.067023,
      0.079031,
      0.300099,
      0.230256,
      -0.022348,
      -0.189486,
      -0.346493,
      0.0222,
      0.305957,
      -0.295225,
      -0.347428,
      0.264984,
      0.18904,
      0.450452,
      0.32304,
      0.241457,
      -0.264081,
      0.387842,
      -0.33819,
      -0.23139,
      0.523308,
      0.411437,
      -0.518297,
      0.558905,
      0.296592,
      -0.218988,
      0.075636,
      0.135402,
      -0.473782,
      0.708568,
      -0.206142,
      -0.139176,
      -0.065554,
      -0.294072,
      -0.259791,
      0.581731,
      0.460096,
      -0.081484,
      -0.325034,
      -0.345906,
      -0.37339,
      -0.07847,
      -0.667234,
      -0.233758,
      0.530145,
      0.646102,
      0.346155,
      -0.519878,
      -0.003652,
      -0.391404,
      -0.130936,
      0.259426,
      -0.238177,
      -0.646858,
      0.320162,
      0.234332,
      -0.53475,
      -0.32441,
      0.07488,
      -0.273288,
      -0.268284,
      0.778979,
      0.082586,
      0.620425,
      0.28405,
      0.204164,
      0.518387,
      0.730773,
      -0.261243,
      0.456361,
      0.347494,
      -0.495381,
      0.488421,
      0.484538,
      -0.350986,
      0.26146,
      0.514904,
      -0.233468,
      -0.481132,
      0.31922,
      -0.343185,
      0.077638,
      -0.420834,
      -0.578167,
      -0.383051,
      0.07903,
      0.022471,
      0.167945,
      0.474469,
      0.519194,
      0.336282,
      -0.560269,
      -0.433602,
      -0.224612,
      -0.264832,
      -0.247174,
      -0.292482,
      -0.39249,
      0.353763,
      -0.320738,
      0.670024,
      -0.525659,
      -0.299813,
      0.291194,
      0.16062,
      0.214605,
      -0.345476,
      -0.51761,
      -0.166273,
      -0.593017,
      -0.650816,
      -0.024417,
      -0.460463,
      -0.456253,
      -0.319635,
      0.083301,
      0.036215,
      -0.57806,
      0.560082,
      -0.266242,
      0.386268,
      -0.392683,
      -0.486726,
      0.223038,
      -0.61662,
      0.154616,
      -0.508392,
      0.43571,
      -0.287141,
      -0.275066,
      0.302115,
      0.061075,
      0.17399,
      0.443385,
      -0.395653,
      -0.248103,
      0.431929,
      -0.649782,
      0.122387,
      0.380441,
      0.139406,
      0.028974,
      -0.022529,
      0.287605,
      -0.180974,
      -0.104193,
      -0.019922,
      0.261538,
      -0.1789,
      0.434961,
      -0.423733,
      -0.559209,
      -0.290995,
      0.273544,
      -0.139055,
      -0.286234,
      0.114748,
      0.207403,
      0.363701,
      0.446745,
      0.168187,
      -0.749114,
      -0.609065,
      0.183652,
      -0.102743,
      0.200582,
      0.321622,
      -0.5275,
      -0.371959,
      -0.400534,
      -0.241935,
      0.038265,
      -0.486153,
      -0.043259,
      -0.605093,
      -0.434926,
      0.507432,
      -0.169145,
      -0.061905,
      0.3176,
      0.379068,
      -0.355926,
      -0.272201,
      -0.33523,
      -0.266008,
      -0.349977,
      0.144754,
      -0.031018,
      -0.51477,
      0.303281,
      0.018963,
      -0.147998,
      -0.595479,
      -0.407841,
      -0.012893,
      0.01496,
      0.127146,
      0.351012,
      0.125025,
      -0.088439,
      -0.107487,
      -0.566454,
      -0.241034,
      -0.295813,
      0.168926,
      0.165312,
      -0.142708,
      0.392993,
      -0.248256,
      -0.506736,
      -0.348606,
      0.394916,
      -0.357311,
      -0.111736,
      0.153439,
      0.378258,
      0.083512,
      0.395114,
      0.051209,
      -0.57575,
      0.247572,
      0.142879,
      -0.229724,
      0.427245,
      -0.215393,
      -0.250115,
      -0.444275,
      -0.009764,
      -0.482481,
      -0.499517,
      -0.204453,
      -0.43919,
      0.026947,
      -0.054314,
      -0.211415,
      -0.316326,
      -0.041088,
      -0.094296,
      0.086156,
      -0.252127,
      0.271739,
      -0.244766,
      -0.264427,
      -0.332944,
      -0.057628,
      0.158112,
      0.346942,
      -0.389177,
      0.137625,
      -0.277231,
      -0.383767,
      0.067555,
      0.150339,
      -0.020175,
      0.390936,
      0.233907,
      0.135875,
      -0.31537,
      -0.354791,
      -0.234392,
      -0.398836,
      -0.285985,
      -0.65264,
      0.071969,
      -0.154762,
      -0.020419,
      -0.072235,
      -0.32105,
      -0.360662,
      -0.18476,
      -0.033113,
      0.018565,
      0.049681,
      -0.203092,
      -0.433024,
      -0.492758,
      -0.110782,
      -0.02922,
      -0.280759,
      0.105136,
      -0.040679,
      -0.016078,
      0.156684,
      0.313859,
      -0.27565,
      -0.14088,
      -0.237531,
      0.200686,
      0.199138,
      -0.481115,
      -0.427488,
      0.023149,
      -0.102162,
      -0.67296,
      -0.471369,
      -0.362006,
      0.101152,
      0.04009,
      -0.081625,
      -0.286519,
      0.01727,
      -0.033418,
      -0.26263,
      -0.087765,
      -0.170141,
      -0.2703,
      -0.140753,
      -0.225019,
      0.173819,
      0.070092,
      -0.317821,
      0.008973,
      -0.151038,
      0.15726,
      -0.10086,
      -0.156832,
      -0.173265,
      -0.205745,
      -0.057812,
      -0.541799,
      0.111511,
      -0.491317,
      -0.1609,
      -0.051595,
      -0.142025,
      -0.156159,
      -0.242435,
      -0.320224,
      -0.357858,
      0.081957,
      -0.267859,
      0.173214,
      0.06173,
      -0.27787,
      -0.296711,
      -0.04875,
      0.160842,
      0.140678,
      -0.125878,
      -0.142415,
      -0.242218,
      0.194983,
      -0.052028,
      0.016008,
      -0.277332,
      -0.426521,
      -0.083095,
      -0.042687,
      -0.095394,
      0.043794,
      0.297212,
      -0.113209,
      -0.448953,
      0.094339,
      0.033587,
      -0.043861,
      -0.325467,
      0.29934,
      -0.216261,
      -0.144265,
      -0.337158,
      -0.046937,
      -0.039902,
      -0.061401,
      -0.311297,
      0.039075,
      -0.148684,
      -0.172569,
      -0.092301,
      -0.193031,
      0.146104,
      -0.129372,
      -0.021081,
      -0.075894,
      0.244115,
      -0.257271,
      -0.367977,
      0.122518,
      0.006277,
      0.061514,
      -0.298516,
      -0.270092,
      0.211482,
      -0.104607,
      -0.274524,
      -0.176915,
      0.094978,
      -0.453364,
      -0.014225,
      0.101365,
      -0.087739,
      -0.268129,
      -0.122565,
      0.05589,
      0.253543,
      0.379789,
      0.078713,
      0.404202,
      -0.113603,
      -0.289994,
      -0.208385,
      -0.345962,
      0.671297,
      -0.156293,
      0.252104,
      -0.376942,
      0.18865,
      -0.478699,
      0.56875,
      0.366401,
      0.508338,
      -0.168043,
      0.577547,
      0.605623,
      0.164397,
      -0.201316,
      -0.527739,
      -0.033813,
      -0.223094,
      -0.212354,
      -0.352915,
      0.571495,
      -0.106183,
      -0.432881,
      -0.341892,
      0.658175,
      0.418789,
      -0.598005,
      -0.260574,
      -0.414731,
      0.458005,
      -0.096215,
      -0.59421,
      -0.618804,
      0.494209,
      -0.360687,
      -0.336244,
      0.357451,
      -0.465065,
      0.420481,
      -0.207031,
      -0.603375,
      0.122346,
      0.078,
      0.475035,
      -0.062253,
      -0.199572,
      0.460127,
      -0.124808,
      -0.172277,
      -0.055625,
      0.260761,
      -0.258109,
      0.108079,
      0.347144,
      0.426985,
      -0.615324,
      0.101653,
      -0.61401,
      0.690937,
      0.1513,
      -0.418042,
      -0.426582,
      0.206916,
      -0.192064,
      -0.432663,
      -0.375983,
      0.109898,
      -0.297679,
      0.629075,
      -0.511054,
      0.258698,
      0.236124,
      0.284875,
      0.608352,
      -0.535617,
      0.404146,
      -0.17908,
      -0.007385,
      -0.575024,
      0.189122,
      0.262772,
      0.262591,
      -0.001047,
      0.012495,
      -0.459414,
      -0.709132,
      -0.395537,
      0.575756,
      -0.390627,
      -0.459063,
      0.462917,
      0.198753,
      -0.206421,
      0.614546,
      -0.286787,
      -0.482578,
      -0.421835,
      0.469536,
      -0.553069,
      -0.546927,
      0.237906,
      -0.596838,
      -0.582917,
      -0.643729,
      -0.050572,
      -0.677868,
      -0.476827,
      -0.256474,
      -0.247196,
      0.098034,
      0.23899,
      -0.59068,
      0.452799,
      -0.468549,
      -0.166583,
      0.188042,
      -0.40899,
      0.336881,
      -0.46092,
      0.716936,
      -0.114603,
      0.397635,
      -0.559649,
      -0.466042,
      -0.429996,
      -0.535837,
      -0.596396,
      -0.386884,
      0.556076,
      0.413339,
      0.303882,
      0.25681,
      -0.596928,
      -0.528818,
      -0.00862,
      -0.581472,
      -0.529187,
      0.162682,
      0.417815,
      -0.330151,
      0.711338,
      0.181275,
      -0.466286,
      -0.481533,
      0.540582,
      0.332894,
      -0.256163,
      -0.329916,
      -0.359245,
      0.205536,
      0.343336,
      -0.400244,
      0.37577,
      0.322314,
      -0.513247,
      0.370722,
      0.52973,
      0.086567,
      -0.886864,
      0.016032,
      -0.380767,
      -0.290745,
      -0.41507,
      -0.282213,
      0.496535,
      0.369501,
      0.450334,
      0.538976,
      -0.395756,
      0.291196,
      -0.105907,
      -0.220319,
      -0.146458,
      -0.340288,
      0.090584,
      -0.003202,
      0.306763,
      -0.009682,
      -0.381788,
      -0.574493,
      -0.127753,
      -0.57554,
      0.545946,
      -0.449758,
      0.14873,
      -0.251675,
      0.471305,
      0.273327,
      -0.477096,
      -0.263297,
      0.056722,
      0.337083,
      -0.136342,
      -0.566144,
      -0.258229,
      -0.215026,
      -0.499397,
      -0.258945,
      -0.075433,
      -0.058942,
      -0.29581,
      0.230812,
      -0.066858,
      0.582459,
      -0.383279,
      0.176357,
      -0.544387,
      -0.526203,
      0.138487,
      -0.558131,
      -0.452092,
      -0.113183,
      -0.474082,
      -0.587778,
      -0.477953,
      0.283838,
      -0.467902,
      -0.193451,
      -0.466282,
      0.209997,
      -0.337157,
      -0.437408,
      -0.419143,
      -0.297325,
      -0.234711,
      -0.123859,
      -0.571543,
      0.027113,
      0.123661,
      -0.296606,
      0.059186,
      0.130036,
      0.058008,
      -0.09817,
      0.188253,
      -0.275943,
      -0.274856,
      -0.474898,
      0.247682,
      -0.228478,
      0.077051,
      -0.040384,
      -0.127899,
      -0.166476,
      -0.263908,
      -0.506708,
      0.031862,
      -0.488933,
      0.070832,
      -0.181808,
      0.22158,
      0.055125,
      -0.026316,
      -0.398798,
      0.034114,
      -0.370243,
      -0.287927,
      -0.208846,
      0.110747,
      -0.218805,
      -0.118537,
      -0.480021,
      0.047535,
      -0.500541,
      0.458248,
      0.048781,
      0.156858,
      -0.173092,
      -0.494605,
      -0.339517,
      -0.199432,
      0.39178,
      -0.48461,
      0.217005,
      -0.283574,
      0.102682,
      -0.427062,
      -0.388692,
      -0.776615,
      -0.171755,
      -0.168174,
      -0.331218,
      -0.007719,
      -0.528869,
      -0.258592,
      -0.367575,
      0.034684,
      -0.370541,
      -0.05006,
      -0.46629,
      0.151635,
      0.346768,
      -0.450858,
      0.035612,
      -0.075344,
      -0.125401,
      -0.271167,
      0.068152,
      0.160408,
      -0.184266,
      -0.253575,
      -0.101068,
      -0.176929,
      0.210661,
      -0.311252,
      -0.184857,
      -0.131767,
      -0.245919,
      -0.291843,
      -0.120886,
      0.01918,
      0.186108,
      -0.102083,
      -0.386633,
      0.16259,
      0.060664,
      -0.06176,
      -0.075165,
      -0.319449,
      0.140532,
      -0.302922,
      -0.335872,
      -0.010655,
      -0.40863,
      0.079401,
      -0.046673,
      0.224707,
      0.003961,
      0.106655,
      0.14628,
      0.01534,
      0.148149,
      -0.147286,
      -0.097726,
      -0.271262,
      -0.321555,
      -0.374435,
      0.001589,
      0.052519,
      -0.164592,
      -0.39372,
      -0.431476,
      -0.058422,
      0.060149,
      0.128559,
      -0.273045,
      -0.079938,
      -0.266395,
      -0.26574,
      0.030884,
      -0.286341,
      0.013464,
      -0.153068,
      0.483703,
      -0.028065,
      -0.35593,
      0.105276,
      -0.1814,
      -0.421257,
      -0.320162,
      0.062198,
      0.059694,
      -0.067611,
      -0.143789,
      0.111871,
      -0.392502,
      0.35508,
      0.164432,
      -0.30063,
      -0.271749,
      -0.019822,
      0.024062,
      -0.038835,
      -0.3724,
      -0.177612,
      -0.467569,
      0.315123,
      -0.040926,
      -0.045745,
      0.030258,
      0.106748,
      -0.035212,
      -0.125064,
      -0.128807,
      -0.007604,
      0.37159,
      -0.323785,
      -0.080138,
      0.395805,
      -0.315062,
      0.242252,
      -0.342047,
      0.192591,
      -0.381639,
      0.405895,
      0.178515,
      -0.38062,
      0.45545,
      0.406259,
      0.518853,
      0.062413,
      0.588597,
      -0.091002,
      0.43353,
      0.608421,
      0.09369,
      -0.196358,
      -0.206774,
      0.536491,
      -0.625209,
      -0.597184,
      -0.096223,
      -0.289963,
      0.674376,
      0.48534,
      -0.486076,
      -0.016713,
      -0.270057,
      -0.327774,
      -0.173155,
      -0.014741,
      0.570386,
      -0.551145,
      0.035724,
      -0.227915,
      -0.235055,
      -0.67262,
      -0.220514,
      -0.126116,
      -0.56044,
      0.532291,
      0.319826,
      -0.18311,
      0.176956,
      -0.392339,
      0.551934,
      -0.611551,
      -0.362755,
      0.198662,
      0.032565,
      0.686072,
      0.228235,
      0.581182,
      -0.550675,
      -0.635631,
      0.27787,
      0.172436,
      -0.19003,
      0.287844,
      -0.243618,
      0.31743,
      0.431579,
      0.211399,
      -0.089704,
      0.134618,
      -0.417919,
      0.881573,
      -0.419847,
      -0.46944,
      0.298162,
      -0.328597,
      0.062464,
      0.419287,
      0.875401,
      0.34661,
      -0.602323,
      -0.152192,
      0.359777,
      0.371567,
      0.580667,
      -0.142189,
      0.253495,
      -0.209905,
      -0.439238,
      0.599744,
      -0.685742,
      0.373129,
      -0.572568,
      0.006814,
      0.365249,
      -0.559915,
      -0.412882,
      -0.467999,
      -0.506269,
      0.231832,
      -0.396377,
      0.322544,
      0.373144,
      -0.541297,
      0.391494,
      -0.609744,
      -0.259418,
      -0.493897,
      -0.472516,
      -0.27212,
      -0.150392,
      0.593336,
      -0.477387,
      -0.303482,
      -0.66494,
      -0.205087,
      -0.268809,
      0.405803,
      0.632201,
      -0.373654,
      0.045982,
      -0.161597,
      0.082581,
      -0.13159,
      0.52123,
      -0.401203,
      -0.126054,
      -0.366516,
      -0.289501,
      0.055136,
      0.322016,
      0.183036,
      -0.290604,
      0.543074,
      -0.573459,
      0.171918,
      -0.569458,
      0.130059,
      0.409941,
      -0.685954,
      0.289851,
      0.078155,
      -0.455,
      -0.58301,
      -0.422428,
      0.411248,
      -0.467832,
      0.007338,
      -0.188578,
      -0.394439,
      -0.301551,
      0.242854,
      -0.632811,
      -0.290102,
      0.432205,
      -0.118631,
      0.426266,
      0.606184,
      -0.63942,
      -0.275896,
      -0.053635,
      -0.841704,
      -0.043177,
      0.408843,
      -0.295528,
      0.019867,
      -0.451811,
      0.342614,
      -0.515298,
      0.492833,
      -0.17488,
      -0.123088,
      -0.636852,
      -0.448306,
      -0.038936,
      0.287903,
      0.104204,
      -0.297608,
      0.058489,
      -0.345526,
      -0.286193,
      -0.405781,
      0.263522,
      -0.670349,
      -0.371074,
      0.046016,
      -0.359851,
      -0.219043,
      -0.311654,
      0.28302,
      -0.559665,
      -0.005425,
      0.209082,
      0.294319,
      0.094551,
      -0.519503,
      -0.317682,
      -0.240637,
      -0.470535,
      -0.112949,
      -0.104211,
      0.539605,
      0.399824,
      0.372258,
      -0.572702,
      0.229665,
      -0.393335,
      -0.395875,
      -0.066722,
      -0.328058,
      0.182408,
      -0.459968,
      -0.302739,
      -0.231462,
      -0.231494,
      0.501891,
      -0.183462,
      -0.590135,
      0.116591,
      0.20053,
      -0.447114,
      -0.480573,
      0.159871,
      -0.293066,
      -0.425275,
      -0.35377,
      -0.121013,
      0.178848,
      -0.338338,
      -0.139347,
      -0.613311,
      -0.544222,
      -0.412954,
      0.161244,
      -0.233909,
      0.310265,
      -0.405286,
      0.082734,
      0.129456,
      0.248044,
      0.099244,
      0.458548,
      -0.49657,
      0.066496,
      0.317092,
      -0.188499,
      -0.410537,
      0.594802,
      -0.09441,
      -0.487993,
      -0.720617,
      0.086237,
      -0.378813,
      -0.571896,
      -0.182972,
      -0.335338,
      0.270079,
      -0.469239,
      -0.288132,
      0.249161,
      -0.21931,
      -0.50919,
      0.215389,
      -0.55458,
      -0.206521,
      -0.37958,
      -0.187438,
      -0.675903,
      0.011623,
      -0.500084,
      -0.332638,
      0.40805,
      -0.137321,
      0.095362,
      -0.496347,
      0.448996,
      0.150276,
      0.044683,
      -0.108279,
      0.19298,
      -0.574272,
      0.010875,
      -0.542613,
      0.427791,
      0.184067,
      0.209754,
      0.299462,
      -0.234002,
      -0.253046,
      -0.391579,
      -0.177784,
      -0.196751,
      -0.112001,
      -0.66814,
      -0.146531,
      0.331582,
      0.29072,
      0.061308,
      -0.276425,
      0.092066,
      0.01722,
      0.337747,
      0.064476,
      -0.418113,
      -0.44641,
      -0.364023,
      0.288388,
      -0.18117,
      -0.530265,
      0.055171,
      -0.453141,
      -0.15306,
      0.174759,
      0.192716,
      0.381954,
      -0.400502,
      -0.324417,
      0.194765,
      -0.300845,
      -0.140212,
      0.21576,
      -0.618175,
      0.27883,
      -0.136139,
      -0.501051,
      -0.44466,
      0.118118,
      -0.364723,
      -0.3811,
      0.440525,
      0.379786,
      -0.400408,
      0.260392,
      0.291026,
      -0.23004,
      0.116229,
      -0.063915,
      -0.556288,
      0.248925,
      -0.324685,
      0.246748,
      -0.212945,
      -0.04097,
      -0.285654,
      -0.007419,
      -0.22226,
      0.040136,
      0.089639,
      0.148703,
      0.016086,
      0.285116,
      -0.290785,
      0.444059,
      -0.057248,
      0.386019,
      0.042914,
      -0.265247,
      -0.452248,
      -0.153678,
      -0.216641,
      -0.260735,
      0.063397,
      -0.195125,
      0.182205,
      -0.351875,
      -0.097873,
      -0.102049,
      0.164588,
      0.183369,
      -0.467782,
      0.297168,
      0.004903,
      0.121344,
      -0.179925,
      -0.35452,
      -0.542885,
      0.136978,
      -0.237144,
      -0.484134,
      -0.389173,
      -0.27043,
      -0.505272,
      -0.452417,
      0.191625,
      -0.312899,
      0.340187,
      0.031858,
      -0.036299,
      -0.521822,
      -0.18694,
      -0.426815,
      -0.519505,
      0.027512,
      -0.384482,
      -0.432034,
      0.251045,
      0.11016,
      0.176327,
      -0.361208,
      -0.34798,
      0.405675,
      -0.38111,
      0.327398,
      -0.142511,
      -0.170243,
      -0.269023,
      0.335615,
      -0.656021,
      0.286859,
      0.196667,
      -0.364104,
      -0.668861,
      -0.525544,
      0.386579,
      -0.352378,
      -0.606233,
      0.58777,
      0.446985,
      0.119549,
      -0.333622,
      -0.265188,
      -0.160018,
      -0.347815,
      0.518514,
      0.662644,
      -0.534011,
      -0.440732,
      0.278747,
      0.635361,
      -0.047567,
      0.120073,
      -0.653599,
      0.536589,
      0.300229,
      -0.571531,
      -0.04859,
      -0.445553,
      -0.353483,
      0.390528,
      0.395557,
      0.61981,
      0.050866,
      0.109561,
      0.671537,
      -0.185886,
      -0.422338,
      0.405558,
      -0.477752,
      -0.097264,
      0.132274,
      -0.274621,
      -0.456108,
      -0.498336,
      -0.396158,
      0.716819,
      -0.211758,
      0.085345,
      0.081075,
      0.59234,
      -0.313937,
      0.426608,
      -0.428561,
      -0.482233,
      0.340644,
      0.47572,
      -0.451534,
      -0.020781,
      0.504261,
      0.096097,
      -0.131832,
      0.452289,
      0.013887,
      0.305349,
      -0.521976,
      -0.377143,
      0.280875,
      -0.133832,
      -0.380531,
      -0.146908,
      0.467718,
      -0.653128,
      0.21815,
      0.461748,
      -0.252934,
      0.16947,
      0.327045,
      0.545173,
      -0.315614,
      -0.464491,
      0.353348,
      -0.332288,
      0.29678,
      0.302718,
      -0.201326,
      0.083344,
      0.38241,
      -0.060606,
      0.694381,
      0.293953,
      0.656878,
      0.236963,
      0.301986,
      0.42163,
      0.44419,
      0.481385,
      0.597468,
      0.392983,
      -0.514729,
      -0.295854,
      -0.078419,
      0.443943,
      -0.106731,
      -0.14809,
      -0.547811,
      0.193223,
      -0.086294,
      -0.306761,
      0.276347,
      0.147896,
      -0.397663,
      -0.220996,
      0.371116,
      0.376561,
      -0.605303,
      0.477381,
      0.353969,
      0.08679,
      -0.123813,
      -0.47963,
      0.360927,
      -0.015844,
      0.710679,
      0.153732,
      -0.400534,
      0.064501,
      0.564369,
      -0.500766,
      0.831841,
      0.523629,
      0.235496,
      -0.131497,
      0.57317,
      0.407365,
      0.634123,
      0.40278,
      -0.113528,
      0.364195,
      -0.176991,
      0.02586,
      0.604062,
      0.334298,
      -0.448552,
      0.347834,
      0.212179,
      -0.311242,
      0.033833,
      0.480936,
      0.270301,
      0.535041,
      0.545438,
      0.309062,
      -0.078154,
      0.537332,
      0.359017,
      0.370943,
      -0.172426,
      0.69411,
      -0.403697,
      -0.025702,
      0.08758,
      0.015019,
      0.233439,
      0.202104,
      0.563216,
      0.4153,
      0.500842,
      0.617919,
      0.145037,
      0.37771,
      0.49881,
      0.284036,
      -0.313278,
      0.465162,
      0.094294,
      -0.235333,
      0.687702,
      -0.200058,
      -0.439251,
      0.530913,
      0.057487,
      -0.072038,
      -0.353304,
      -0.071667,
      -0.060634,
      -0.348305,
      -0.198993,
      0.537367,
      -0.257038,
      0.65744,
      0.337439,
      0.050311,
      -0.370282,
      0.418229,
      0.304624,
      0.051135,
      0.235427,
      0.472598,
      0.296645,
      0.418977,
      0.423408,
      0.035755,
      0.294198,
      0.530381,
      -0.483702,
      0.195857,
      0.439473,
      0.169368,
      0.27302,
      0.327622,
      -0.046665,
      0.359385,
      0.553119,
      -0.111157,
      0.236436,
      0.056097,
      -0.354208,
      -0.422796,
      0.163401,
      -0.244691,
      0.254744,
      0.234913,
      0.202679,
      -0.395496,
      0.486124,
      -0.473403,
      0.196197,
      -0.067638,
      -0.090854,
      0.514084,
      0.067461,
      -0.46641,
      0.213056,
      0.620934,
      0.234766,
      0.294645,
      0.179921,
      0.490609,
      0.287117,
      0.503266,
      0.315873,
      -0.280492,
      -0.07017,
      0.357128,
      0.051392,
      0.359565,
      0.257912,
      0.455098,
      0.598835,
      0.537706,
      0.044948,
      0.266206,
      -0.004728,
      0.376511,
      0.432546,
      0.336719,
      0.550329,
      0.176624,
      -0.41688,
      0.323759,
      -0.099334,
      0.358562,
      -0.064361,
      -0.116549,
      0.329476,
      0.223245,
      -0.05212,
      0.105848,
      0.248058,
      0.158483,
      0.516702,
      0.620739,
      -0.257116,
      0.105175,
      0.254062,
      0.05598,
      -0.002687,
      -0.000433,
      0.449757,
      0.355893,
      0.100982,
      0.427016,
      0.12045,
      0.152595,
      0.007342,
      -0.111477,
      -0.156444,
      0.221157,
      -0.117086,
      0.238326,
      -0.131926,
      -0.319497,
      0.261235,
      0.254557,
      -0.077149,
      0.052825,
      -0.096469,
      0.062528,
      0.332793,
      -0.076724,
      0.418428,
      -0.346656,
      -0.426624,
      0.42925,
      0.442923,
      0.21041,
      -0.129924,
      0.443644,
      -0.026068,
      0.376169,
      0.479942,
      0.108123,
      0.304931,
      0.232528,
      0.251619,
      -0.12311,
      0.195183,
      0.507095,
      -0.173952,
      -0.119214,
      -0.14895,
      0.351887,
      0.059174,
      -0.063366,
      -0.205384,
      0.215848,
      0.46607,
      0.157176,
      0.406963,
      -0.029928,
      0.084851,
      0.325944,
      0.452045,
      0.111716,
      0.131791,
      -0.029986,
      -0.408746,
      0.2463,
      0.481328,
      -0.087754,
      -0.136518,
      0.019102,
      0.45677,
      0.337114,
      0.22317,
      0.424834,
      0.330042,
      0.08643,
      -0.346322,
      0.334788,
      -0.15676,
      -0.04676,
      0.611756,
      0.244012,
      -0.01647,
      0.003318,
      -0.382225,
      0.139699,
      0.351675,
      -0.036576,
      -0.208878,
      0.282299,
      0.4213,
      -0.266324,
      -0.002994,
      0.061327,
      -0.313108,
      0.062221,
      0.147732,
      0.354947,
      0.250294,
      0.350548,
      -0.167045,
      0.157975,
      -0.14678,
      -0.115581,
      -0.387896,
      -0.368122,
      -0.434558,
      0.445409,
      -0.521767,
      0.327563,
      0.347954,
      0.502563,
      -0.079784,
      0.173228,
      -0.029589,
      0.219509,
      0.421811,
      0.138054,
      0.399337,
      -0.508659,
      -0.18138,
      0.330876,
      0.341591,
      -0.119757,
      -0.498828,
      0.099843,
      0.379737,
      -0.10308,
      0.205135,
      0.660813,
      0.254388,
      0.280988,
      0.244124,
      0.638771,
      -0.149538,
      0.398001,
      0.23122,
      -0.01434,
      -0.03588,
      -0.26701,
      -0.283918,
      -0.28876,
      0.190953,
      0.356136,
      0.503893,
      -0.327997,
      0.314542,
      -0.023456,
      0.38404,
      -0.486653,
      -0.449607,
      0.052675,
      -0.518006,
      -0.282457,
      0.301489,
      0.239382,
      -0.189035,
      -0.435507,
      0.510399,
      -0.574259,
      0.282151,
      0.346912,
      0.469367,
      0.247707,
      -0.157149,
      -0.174277,
      0.394894,
      0.575002,
      0.0369,
      -0.056262,
      0.372048,
      -0.428508,
      0.490061,
      -0.247553,
      0.332373,
      0.610826,
      0.435482,
      -0.381886,
      -0.054702,
      0.651312,
      0.194115,
      0.579364,
      -0.357197,
      0.248637,
      0.654179,
      0.620809,
      0.189823,
      0.009353,
      0.119678,
      -0.118814,
      0.037744,
      0.263555,
      0.27166,
      -0.609674,
      -0.525793,
      0.256848,
      -0.419319,
      -0.097672,
      0.56582,
      -0.729547,
      -0.357169,
      0.630555,
      0.452507,
      0.613091,
      0.407029,
      0.144605,
      -0.246839,
      0.083833,
      0.663528,
      0.162619,
      -0.501597,
      -0.151775,
      -0.278176,
      0.057765,
      -0.152525,
      -0.019665,
      0.166951,
      0.404236,
      -0.38911,
      0.275903,
      0.301238,
      -0.027427,
      0.3803,
      0.517175,
      0.369358,
      -0.448818,
      0.197966,
      -0.171622,
      0.261422,
      0.648731,
      0.396541,
      0.55558,
      -0.321651,
      0.064877,
      -0.067394,
      -0.559878,
      -0.028427,
      -0.050582,
      0.020146,
      0.787524,
      -0.534003,
      0.632997,
      0.313856,
      0.47465,
      0.425013,
      0.3135,
      0.381505,
      -0.032767,
      0.320356,
      -0.170445,
      0.362623,
      0.421395,
      -0.301323,
      0.636588,
      0.217411,
      0.302801,
      -0.366214,
      -0.536283,
      0.341796,
      -0.03834,
      -0.528242,
      -0.444045,
      0.469508,
      -0.188785,
      0.397525,
      0.03816,
      -0.554471,
      0.363446,
      0.174606,
      0.418352,
      0.148612,
      0.246607,
      0.319836,
      -0.527492,
      0.779613,
      0.216981,
      0.038614,
      -0.001496,
      0.355963,
      0.562727,
      0.326027,
      -0.242312,
      -0.157195,
      0.163458,
      0.316974,
      0.104906,
      0.38674,
      0.510742,
      -0.144834,
      0.273084,
      -0.559004,
      0.339142,
      0.345086,
      -0.091748,
      -0.045337,
      0.644042,
      0.150111,
      -0.336491,
      0.35031,
      -0.543304,
      -0.069248,
      -0.396885,
      0.435317,
      -0.047617,
      0.086919,
      -0.293286,
      0.152206,
      -0.318941,
      0.197621,
      -0.065865,
      0.346824,
      0.413283,
      -0.020591,
      -0.290221,
      0.530183,
      0.090472,
      -0.135512,
      0.288058,
      -0.06002,
      0.235363,
      0.358892,
      0.443673,
      0.635211,
      0.005043,
      0.342752,
      0.066579,
      -0.145012,
      -0.389082,
      -0.253747,
      0.226154,
      0.550157,
      0.137385,
      0.210445,
      -0.318716,
      0.423339,
      -0.433192,
      -0.303942,
      -0.210319