# Chunk number: 13 of 37

 -0.057743,
      -0.141337,
      -0.061953,
      0.13308,
      -0.051279,
      0.044119,
      -0.113914,
      -0.30247,
      -0.026776,
      0.284905,
      0.128856,
      0.071215,
      0.104741,
      0.268409,
      0.294646,
      -0.094413,
      0.178654,
      -0.06524,
      -0.083305,
      0.107258,
      0.037244,
      0.047123,
      0.070133,
      -0.102197,
      -0.452421,
      -0.20869,
      0.123815,
      0.135214,
      -0.220422,
      -0.024076,
      -0.240889,
      -0.167494,
      -0.016953,
      0.038256,
      0.098578,
      0.092045,
      -0.012546,
      -0.296458,
      0.12031,
      -0.016309,
      -0.026413,
      -0.000746,
      0.022425,
      0.135955,
      0.156888,
      -0.11733,
      0.029316,
      -0.062515,
      -0.252627,
      -0.069854,
      -0.113406,
      0.146941,
      -0.018144,
      0.080616,
      0.097654,
      -0.134118,
      -0.099301,
      -0.126003,
      0.056526,
      0.185138,
      0.113072,
      0.082432,
      0.114496,
      0.02605,
      -0.36974,
      0.076748,
      0.228401,
      -0.004661,
      0.089304,
      -0.167529,
      0.050246,
      0.079266,
      -0.166205,
      -0.036099,
      0.119776,
      -0.05284,
      -0.034082,
      -0.014031,
      -0.185605,
      0.036212,
      -0.07116,
      0.262659,
      0.28334,
      0.056705,
      -0.087539,
      -0.158638,
      -0.052269,
      -0.040406,
      -0.168203,
      -0.034908,
      -0.015054,
      -0.018165,
      0.251488,
      -0.082252,
      -0.270085,
      0.050428,
      0.386255,
      0.10575,
      -0.135678,
      -0.049098,
      -0.112463,
      0.112582,
      -0.150154,
      0.201852,
      0.082579,
      -0.099459,
      0.06277,
      -0.024956,
      0.081558,
      -0.141734,
      0.014359,
      0.022828,
      -0.111201,
      -0.220708,
      -0.087756,
      -0.166798,
      0.126885,
      0.17389,
      0.056725,
      -0.076696,
      0.162435,
      0.093002,
      0.101281,
      0.063599,
      0.058284,
      -0.010266,
      0.226497,
      -0.075363,
      -0.231967,
      0.141961,
      0.025669,
      0.200225,
      0.133107,
      0.133668,
      -0.210029,
      0.076327,
      -0.040257,
      0.034153,
      0.266762,
      -0.526323,
      -0.101329,
      -0.28274,
      -0.054785,
      0.11441,
      0.373586,
      0.18797,
      0.329598,
      0.107275,
      0.161754,
      0.199958,
      -0.509107,
      0.234662,
      -0.121874,
      0.373269,
      0.033089,
      0.080419,
      0.142029,
      0.079117,
      -0.006166,
      0.160058,
      -0.170525,
      -0.137701,
      -0.027134,
      -0.005654,
      -0.102546,
      0.004434,
      0.334598,
      -0.127412,
      -0.12673,
      0.066695,
      0.140069,
      -0.129988,
      0.044314,
      -0.425639,
      -0.211865,
      -0.172296,
      -0.046303,
      -0.103666,
      -0.095024,
      -0.123124,
      0.02498,
      -0.006753,
      0.003099,
      -0.000859,
      0.452027,
      -0.16196,
      0.197188,
      -0.166663,
      -0.070454,
      0.20494,
      0.225652,
      0.028794,
      -0.036915,
      -0.430519,
      0.356669,
      0.148433,
      -0.04099,
      0.14815,
      0.058416,
      -0.150627,
      -0.11856,
      -0.008702,
      -0.170666,
      0.061825,
      -0.08976,
      -0.032899,
      0.05404,
      0.10895,
      -0.062676,
      -0.356556,
      -0.03609,
      0.065672,
      -0.009963,
      -0.088426,
      0.03984,
      0.195052,
      -0.041882,
      0.156351,
      0.151243,
      0.097624,
      -0.054077,
      -0.05375,
      0.026248,
      -0.050184,
      0.223871,
      0.220778,
      -0.077782,
      -0.143417,
      -0.1267,
      -0.027166,
      0.068168,
      -0.241584,
      0.08803,
      0.01031,
      -0.083083,
      -0.09773,
      -0.058453,
      0.068373,
      -0.002228,
      0.317572,
      -0.245104,
      0.167358,
      -0.333448,
      -0.106012,
      -0.261578,
      0.001074,
      0.118517,
      -0.024526,
      0.069215,
      -0.198244,
      -0.071248,
      0.108998,
      0.162933,
      0.462484,
      -0.34223,
      -0.15738,
      0.068242,
      -0.248624,
      0.165756,
      0.033579,
      0.060068,
      -0.148422,
      0.196827,
      0.02759,
      0.159895,
      -0.139138,
      -0.364451,
      -0.092888,
      0.159143,
      -0.063429,
      0.084277,
      -0.027589,
      0.080888,
      -0.050258,
      -0.133848,
      -0.058395,
      0.074381,
      -0.088559,
      0.008058,
      -0.124176,
      0.005647,
      0.242152,
      0.040848,
      0.106003,
      -0.052458,
      0.055065,
      0.112035,
      -0.150662,
      0.030655,
      -0.384298,
      -0.398211,
      -0.001971,
      -0.19526,
      -0.101216,
      -0.072055,
      0.28664,
      -0.162636,
      0.146043,
      -0.02661,
      0.174675,
      0.132927,
      0.084299,
      -0.010144,
      0.224596,
      0.148539,
      0.228711,
      -0.057882,
      -0.062278,
      0.030526,
      0.000793,
      0.19025,
      -0.094857,
      -0.165451,
      0.202031,
      0.272635,
      0.303294,
      -0.072361,
      0.035872,
      -0.007573,
      -0.195598,
      -0.100648,
      -0.077589,
      -0.071661,
      -0.182822,
      -0.007274,
      -0.17344,
      -0.251863,
      -0.017125,
      -0.072074,
      -0.083101,
      0.072736,
      -0.16867,
      -0.020101,
      0.069422,
      0.141093,
      -0.040649,
      -0.04461,
      0.229716,
      0.020275,
      0.05668,
      -0.328077,
      -0.081758,
      0.126175,
      -0.020749,
      0.220753,
      -0.226942,
      0.279082,
      0.102419,
      -0.043117,
      0.013117,
      -0.03923,
      -0.06563,
      -0.184039,
      -0.024567,
      -0.047466,
      0.155316,
      -0.198526,
      -0.135456,
      -0.067924,
      0.011747,
      0.074437,
      -0.04915,
      -0.13554,
      0.228754,
      0.306509,
      -0.001879,
      0.22398,
      -0.005321,
      -0.016858,
      -0.142578,
      -0.201706,
      0.234235,
      0.137692,
      -0.208547,
      0.091864,
      -0.096452,
      0.061637,
      0.011113,
      0.130877,
      -0.191479,
      0.000789,
      0.140884,
      -0.142598,
      -0.072197,
      -0.177314,
      0.1518,
      -0.057172,
      -0.265929,
      -0.176447,
      0.213756,
      0.1841,
      0.042828,
      -0.128038,
      -0.200038,
      0.218351,
      0.28283,
      -0.026797,
      -0.039403,
      -0.247502,
      -0.051752,
      0.117672,
      -0.222824,
      -0.08283,
      -0.044205,
      0.159459,
      -0.144412,
      0.096587,
      0.082649,
      0.109244,
      -0.211818,
      0.188637,
      -0.28061,
      -0.02968,
      0.007241,
      0.049856,
      0.213322,
      0.224713,
      -0.002836,
      -0.114639,
      -0.172899,
      0.217768,
      -0.066234,
      0.112281,
      -0.378859,
      -0.262377,
      0.315117,
      0.368979,
      0.022176,
      0.192835,
      0.208427,
      0.256548,
      -0.182434,
      -0.11521,
      -0.016311,
      -0.066273,
      0.153154,
      -0.179795,
      -0.278093,
      0.13771,
      -0.082649,
      0.346526,
      0.18868,
      0.110566,
      0.066019,
      0.078491,
      -0.134665,
      0.20282,
      -0.078093,
      -0.382029,
      0.002623,
      -0.191367,
      0.173651,
      0.054405,
      -0.044644,
      -0.238009,
      0.14371,
      -0.065681,
      0.205892,
      -0.028313,
      0.119132,
      -0.015301,
      -0.104034,
      -0.053027,
      0.138205,
      0.085205,
      -0.134776,
      -0.022987,
      0.002449,
      0.02781,
      -0.154501,
      0.025374,
      -0.022385,
      -0.054979,
      0.150308,
      -0.013566,
      -0.048643,
      -0.159059,
      -0.056739,
      0.016185,
      0.046985,
      -0.007245,
      -0.020851,
      0.096123,
      0.020698,
      -0.200912,
      0.117447,
      -0.078535,
      -0.075088,
      -0.272706,
      0.241364,
      0.372189,
      -0.086881,
      -0.018658,
      0.130665,
      0.075734,
      0.084188,
      0.224104,
      0.07978,
      -0.162518,
      -0.04631,
      -0.183268,
      0.080156,
      0.063279,
      -0.051098,
      0.255952,
      0.117399,
      0.014542,
      -0.164981,
      0.226247,
      -0.224875,
      0.08737,
      -0.299498,
      -0.199724,
      -0.031879,
      0.30063,
      0.233173,
      -0.011282,
      -0.044394,
      0.221168,
      -0.272459,
      -0.149715,
      0.029686,
      0.304795,
      0.14924,
      -0.222803,
      -0.04857,
      0.215915,
      0.025684,
      -0.033451,
      0.070412,
      -0.330433,
      -0.314458,
      0.084085,
      -0.082717,
      0.39522,
      -0.040857,
      0.084538,
      -0.191162,
      -0.022494,
      -0.104664,
      0.029643,
      0.022016,
      -0.009833,
      -0.290409,
      -0.098453,
      0.083086,
      -0.032526,
      -0.068656,
      0.055593,
      0.103435,
      -0.171532,
      -0.058921,
      0.146863,
      0.000748,
      -0.146652,
      -0.058937,
      -0.084302,
      -0.067791,
      -0.092391,
      0.150468,
      -0.008548,
      -0.01747,
      -0.178753,
      0.117407,
      -0.053132,
      0.175894,
      0.147016,
      0.079473,
      0.029123,
      0.001598,
      0.353493,
      -0.192566,
      -0.22277,
      -0.174299,
      -0.096161,
      -0.179358,
      -0.006287,
      -0.016916,
      0.189343,
      -0.042322,
      0.165754,
      -0.283158,
      -0.064517,
      -0.007044,
      -0.030589,
      -0.147974,
      0.124564,
      -0.016366,
      -0.016487,
      -0.241666,
      0.105793,
      0.093778,
      -0.237185,
      -0.020471,
      -0.15852,
      0.012139,
      -0.25778,
      0.101581,
      0.320991,
      -0.05403,
      -0.066942,
      0.0137,
      0.14936,
      0.239083,
      0.099622,
      0.045059,
      0.04358,
      -0.06876,
      0.145752,
      0.016168,
      0.231312,
      0.015854,
      0.010117,
      -0.199078,
      -0.177787,
      0.175956,
      -0.008102,
      -0.059901,
      0.161131,
      -0.204844,
      0.198552,
      0.099748,
      0.258466,
      0.337556,
      0.11349,
      0.208534,
      -0.218068,
      -0.198562,
      -0.031734,
      0.278253,
      -0.16964,
      -0.095431,
      0.111187,
      0.148244,
      -0.37026,
      -0.279428,
      -0.014919,
      -0.345236,
      0.450014,
      0.146545,
      -0.19863,
      -0.167209,
      -0.136773,
      -0.035464,
      -0.187426,
      -0.234828,
      -0.091287,
      0.050145,
      -0.023667,
      0.125698,
      0.262221,
      0.108242,
      -0.115741,
      -0.115831,
      -0.218692,
      0.032556,
      0.054973,
      0.382648,
      0.193474,
      0.141658,
      -0.048484,
      -0.023454,
      -0.246984,
      -0.204732,
      -0.087539,
      0.086157,
      -0.023519,
      0.039128,
      0.237968,
      -0.204872,
      -0.123232,
      0.026799,
      -0.010732,
      -0.075955,
      -0.051743,
      -0.133388,
      -0.269106,
      -0.147551,
      -0.001273,
      0.18584,
      0.19833,
      0.018865,
      0.107578,
      0.311081,
      -0.03685,
      0.059357,
      -0.26881,
      0.021112,
      0.097012,
      0.359134,
      0.036158,
      0.296268,
      -0.066428,
      -0.164002,
      0.051559,
      -0.083183,
      -0.076135,
      -0.117048,
      -0.092911,
      0.001698,
      0.100312,
      -0.152896,
      0.045357,
      0.116012,
      -0.15933,
      -0.211513,
      0.166026,
      -0.06893,
      -0.011931,
      -0.156603,
      -0.008414,
      0.119907,
      0.121711,
      0.150013,
      0.086387,
      0.01312,
      -0.021523,
      -0.021555,
      0.068467,
      0.003358,
      -0.098291,
      0.0222,
      0.092975,
      -0.049482,
      -0.094409,
      0.11,
      0.018684,
      0.138037,
      0.083417,
      0.012976,
      -0.046603,
      -0.213159,
      -0.129472,
      -0.340133,
      -0.140042,
      -0.208593,
      -0.000556,
      0.217565,
      0.077591,
      0.187736,
      -0.304477,
      0.028749,
      -0.323232,
      0.001129,
      0.094748,
      -0.268923,
      0.081868,
      0.087367,
      0.354276,
      0.023875,
      0.153951,
      -0.05535,
      -0.232948,
      -0.278877,
      -0.230596,
      0.136138,
      -0.027499,
      0.148068,
      0.071682,
      0.050083,
      0.134696,
      0.029823,
      -0.114592,
      -0.200629,
      -0.017632,
      -0.154948,
      0.204123,
      0.060528,
      0.082246,
      0.144252,
      -0.073169,
      -0.138981,
      -0.142794,
      0.045774,
      -0.026015,
      -0.117463,
      0.212428,
      0.209707,
      0.215097,
      -0.01878,
      -0.201224,
      0.326792,
      0.13719,
      -0.065178,
      0.088995,
      0.248198,
      -0.08003,
      -0.099336,
      -0.201989,
      0.166677,
      0.260093,
      -0.085651,
      -0.014552,
      0.045139,
      0.055483,
      0.0148,
      -0.262516,
      -0.113844,
      0.221485,
      -0.12971,
      -0.091662,
      0.027289,
      0.025442,
      0.018401,
      0.277557,
      0.051377,
      0.103511,
      -0.039054,
      0.006974,
      0.012045,
      -0.055594,
      -0.275179,
      0.08738,
      -0.265755,
      -0.108554,
      -0.104945,
      0.325961,
      -0.000235,
      -0.146523,
      0.174122,
      0.099891,
      0.150448,
      -0.100721,
      -0.2575,
      0.054983,
      -0.266432,
      -0.02287,
      0.066904,
      0.098504,
      -0.268742,
      -0.038702,
      0.111367,
      0.085644,
      0.106265,
      -0.222787,
      -0.192485,
      -0.08019,
      -0.140922,
      0.090618,
      0.102698,
      0.178603,
      -0.154214,
      0.012838,
      0.335331,
      0.094511,
      0.113415,
      0.046769,
      0.033818,
      -0.070767,
      -0.005591,
      -0.24942,
      0.07021,
      -0.222132,
      0.073006,
      0.01269,
      -0.022347,
      -0.116751,
      0.134707,
      0.131218,
      -0.011234,
      0.106301,
      0.208789,
      -0.04744,
      -0.206615,
      0.070243,
      0.008104,
      0.045894,
      0.117408,
      -0.128535,
      0.235168,
      -0.236138,
      -0.10406,
      0.06714,
      -0.02299,
      -0.002694,
      0.161948,
      -0.013077,
      0.187089,
      -0.162371,
      0.135475,
      -0.168877,
      0.074434,
      -0.056916,
      0.250867,
      0.040226,
      0.006896,
      0.084045,
      -0.034319,
      0.115554,
      0.029536,
      -0.190949,
      -0.001047,
      -0.102917,
      -0.269469,
      0.214312,
      0.16328,
      0.20834,
      -0.070273,
      0.027623,
      0.293908,
      0.0738,
      0.232322,
      -0.319515,
      -0.139152,
      -0.09994,
      0.113623,
      -4e-05,
      -0.08353,
      0.005567,
      -0.239414,
      -0.089042,
      -0.201928,
      0.170239,
      0.102273,
      -0.002355,
      0.017182,
      0.268732,
      0.064805,
      -0.222233,
      0.033972,
      -0.048875,
      -0.054182,
      -0.125172,
      -0.128658,
      0.03546,
      -0.317317,
      -0.088348,
      0.230597,
      0.276335,
      -0.054714,
      0.185535,
      -0.261142,
      -0.121775,
      0.166934,
      -0.18234,
      -0.066171,
      0.082235,
      0.059026,
      -0.102937,
      0.081822,
      0.035783,
      0.001336,
      0.054032,
      0.141536,
      0.238945,
      -0.122533,
      -0.128156,
      -0.004759,
      0.195329,
      0.036316,
      -0.107749,
      0.050892,
      0.49053,
      -0.262864,
      -0.072288,
      -0.258647,
      0.133152,
      0.107361,
      -0.020591,
      -0.208245,
      -0.123098,
      -0.129575,
      0.220316,
      -0.089913,
      -0.237492,
      0.125182,
      -0.118212,
      -0.05963,
      -0.174003,
      -0.167216,
      -0.099991,
      -0.010244,
      -0.169386,
      0.244112,
      0.237565,
      0.05079,
      0.272103,
      -0.087523,
      0.002094,
      0.125015,
      0.160705,
      0.182946,
      -0.097084,
      -0.090875,
      -0.054871,
      0.062563,
      0.201327,
      0.223674,
      0.140795,
      -0.013169,
      -0.008227,
      -0.050298,
      -0.39971,
      -0.11223,
      -0.206639,
      -0.195489,
      0.011017,
      -0.013144,
      0.115097,
      -0.044897,
      -0.235608,
      0.388523,
      0.111487,
      0.082067,
      0.083971,
      0.419313,
      -0.105703,
      -0.031949,
      0.00488,
      0.021971,
      -0.085061,
      -0.074631,
      -0.028524,
      -0.140709,
      0.182322,
      0.005294,
      -0.007834,
      -0.050327,
      -0.049084,
      0.159759,
      0.123944,
      -0.365153,
      0.147782,
      0.128897,
      -0.234738,
      0.066206,
      -0.177856,
      -0.071878,
      -0.096661,
      0.007435,
      -0.231432,
      0.115122,
      -0.145094,
      -0.037645,
      -0.111728,
      -0.186097,
      0.143985,
      0.111179,
      0.095211,
      -0.104234,
      0.151948,
      0.136625,
      -0.163024,
      -0.051242,
      0.213239,
      -0.197492,
      -0.002272,
      -0.020455,
      -0.118694,
      0.309744,
      -0.028104,
      0.012871,
      -0.058734,
      -0.207108,
      0.146127,
      0.130019,
      -0.026165,
      -0.044463,
      0.055784,
      -0.255531,
      0.110057,
      0.18988,
      0.228984,
      0.050139,
      0.258788,
      0.127011,
      -0.136306,
      -0.054937,
      -0.396783,
      -0.036021,
      -0.08212,
      0.05264,
      0.05247,
      0.154995,
      -0.066696,
      -0.39929,
      0.147767,
      0.06916,
      -0.073262,
      -0.116059,
      -0.171024,
      0.13755,
      -0.031149,
      -0.025153,
      0.043804,
      0.219828,
      -0.119953,
      -0.035931,
      0.206195,
      -0.048586,
      -0.135816,
      0.040079,
      0.250373,
      0.034833,
      -0.282095,
      0.030001,
      -0.117237,
      -0.226621,
      0.157814,
      -0.225116,
      0.140065,
      0.323297,
      0.137177,
      0.140714,
      -0.211206,
      0.158888,
      -0.067411,
      -0.023317,
      -0.058008,
      0.125147,
      0.029334,
      -0.228046,
      0.028923,
      0.125089,
      0.069258,
      0.250795,
      0.06104,
      0.103954,
      -0.015124,
      -0.102563,
      0.12383,
      0.084779,
      -0.353764,
      0.220166,
      -0.112101,
      -0.118958,
      -0.22904,
      0.287071,
      -0.417602,
      0.258686,
      -0.084438,
      -0.089739,
      0.379563,
      -0.1624,
      -0.113978,
      0.161453,
      -0.20691,
      -0.066514,
      -0.156784,
      0.230119,
      0.371784,
      0.001281,
      0.033643,
      0.100534,
      -0.329521,
      0.04103,
      -0.178109,
      0.156256,
      -0.119137,
      0.110146,
      0.199165,
      0.065952,
      -0.023064,
      0.283497,
      0.191023,
      0.240512,
      -0.209682,
      0.161304,
      0.104589,
      -0.067356,
      -0.120688,
      0.201109,
      0.229575,
      0.035715,
      0.121063,
      -0.197916,
      -0.273481,
      0.238417,
      0.068495,
      -0.174878,
      0.158661,
      0.010584,
      -0.062592,
      0.075087,
      -0.221032,
      0.180442,
      0.261514,
      -0.341561,
      -0.046563,
      -0.334824,
      -0.013926,
      0.237721,
      0.12024,
      -0.203242,
      -0.24625,
      -0.117692,
      -0.103158,
      -0.021565,
      0.16326,
      -0.241862,
      -0.213863,
      0.256909,
      -0.105234,
      -0.150199,
      0.185984,
      0.291799,
      0.073192,
      0.236951,
      0.362895,
      -0.261881,
      -0.002741,
      0.21731,
      0.186476,
      0.357025,
      -0.079185,
      0.179312,
      -0.21337,
      -0.286715,
      -0.190658,
      -0.215938,
      0.056476,
      -0.021848,
      -0.042572,
      -0.061488,
      -0.219339,
      -0.261877,
      0.16435,
      -0.183881,
      -0.120229,
      -0.024488,
      0.04531,
      0.121466,
      -0.225634,
      -0.128662,
      -0.048791,
      0.042878,
      0.345844,
      0.149985,
      0.193554,
      0.01506,
      0.222658,
      -0.03912,
      0.113272,
      -0.159031,
      -0.226904,
      -0.009135,
      -0.173954,
      0.105134,
      -0.048735,
      -0.25574,
      -0.177088,
      0.118458,
      0.019985,
      -0.168444,
      0.143473,
      -0.317296,
      -0.075685,
      0.05281,
      0.099224,
      0.275756,
      0.299906,
      0.018666,
      -0.079062,
      0.187487,
      -0.01744,
      -0.004127,
      -0.031679,
      0.012959,
      -0.292969,
      0.098104,
      -0.044491,
      0.326722,
      0.00038,
      -0.014108,
      0.206446,
      0.148543,
      0.099179,
      0.24612,
      0.098856,
      -0.197194,
      -0.042947,
      -0.125587,
      -0.206073,
      0.356248,
      -0.029309,
      -0.230461,
      0.07538,
      0.169726,
      0.102252,
      0.105519,
      -0.425503,
      0.072864,
      -0.138659,
      0.113653,
      0.109013,
      -0.011732,
      -0.376347,
      0.072163,
      -0.101259,
      -0.084599,
      0.369761,
      0.469131,
      0.205654,
      0.223038,
      0.214284,
      -0.186892,
      -0.114133,
      -0.03361,
      -0.197067,
      -0.299255,
      -0.035885,
      0.200985,
      0.213288,
      0.071131,
      -0.271097,
      0.074987,
      0.089996,
      -0.361682,
      -0.381332,
      -0.194965,
      0.191619,
      -0.109794,
      0.024432,
      0.141491,
      0.157661,
      0.383165,
      0.13375,
      0.040088,
      -0.138455,
      -0.068711,
      -0.002942,
      0.099882,
      0.080078,
      0.046268,
      0.109385,
      -0.228394,
      -0.036391,
      -0.022609,
      0.142318,
      -0.0925,
      0.024263,
      -0.303942,
      0.1974,
      -0.086108,
      -0.014594,
      -0.098067,
      -0.089991,
      0.051522,
      -0.259781,
      -0.030277,
      -0.004477,
      -0.169454,
      0.087579,
      0.08995,
      -0.370983,
      0.058907,
      -0.208571,
      0.308371,
      -0.329117,
      -0.060163,
      0.066618,
      -0.134128,
      0.167819,
      -0.166904,
      0.066506,
      0.110094,
      -0.207744,
      0.043668,
      -0.213914,
      0.382827,
      -0.020462,
      0.159433,
      -0.172287,
      0.195478,
      0.053981,
      -0.062656,
      0.073407,
      -0.026093,
      -0.099064,
      -0.121374,
      -0.01484,
      -0.067713,
      -0.022604,
      0.068844,
      -0.26506,
      -0.171976,
      0.121119,
      0.01896,
      -0.103918,
      -0.147212,
      -0.149242,
      -0.211889,
      0.362103,
      0.094528,
      0.06856,
      -0.111931,
      -0.183337,
      0.242771,
      0.434958,
      -0.093859,
      0.201424,
      -0.189701,
      0.036523,
      0.052472,
      -0.349192,
      -0.03054,
      -0.039542,
      0.109562,
      -0.035336,
      0.181102,
      -0.092883,
      -0.448908,
      -0.014041,
      0.233756,
      -0.080522,
      0.094717,
      0.224004,
      0.10222,
      0.110144,
      0.085003,
      -0.02109,
      -0.4556,
      0.058756,
      -0.050715,
      0.300001,
      0.046727,
      0.129721,
      -0.314984,
      -0.240835,
      0.016845,
      -0.127743,
      -0.002724,
      0.067883,
      0.207486,
      -0.186723,
      -0.073983,
      -0.326351,
      -0.234019,
      -0.015604,
      0.060676,
      0.114371,
      0.134442,
      0.008982,
      0.221262,
      0.001247,
      0.047541,
      -0.143014,
      0.185192,
      0.300144,
      -0.259445,
      0.427332,
      -0.283053,
      0.014841,
      -0.093372,
      0.099848,
      -0.23997,
      -0.035372,
      0.066542,
      -0.032929,
      0.024573,
      -0.094517,
      0.050518,
      -0.098394,
      0.153053,
      -0.060115,
      0.043671,
      0.028521,
      -0.050391,
      0.08529,
      -0.257577,
      -0.110144,
      -0.180319,
      0.243813,
      -0.099665,
      0.132409,
      -0.032757,
      0.151086,
      0.081654,
      -0.2023,
      0.11143,
      0.141455,
      -0.081252,
      0.159157,
      -0.173055,
      -0.065986,
      -0.157155,
      0.090945,
      0.002129,
      0.058262,
      0.213616,
      -0.191474,
      0.225889,
      0.355396,
      0.267666,
      -0.190953,
      -0.139177,
      -0.052376,
      -0.006729,
      -0.031578,
      0.159153,
      0.127568,
      0.057555,
      -0.157253,
      0.156052,
      -0.192962,
      0.133198,
      0.098233,
      -0.257844,
      0.015536,
      -0.151379,
      -0.125823,
      -0.066191,
      -0.120029,
      0.026564,
      -0.12847,
      -0.185111,
      -0.155944,
      -0.017644,
      -0.047103,
      -0.076959,
      -0.305968,
      -0.110449,
      0.187475,
      0.314199,
      0.19385,
      0.088506,
      -0.040822,
      -0.1073,
      0.033912,
      0.12682,
      0.397851,
      0.272611,
      -0.028826,
      0.159991,
      -0.045321,
      0.155788,
      0.328285,
      -0.156895,
      -0.273639,
      0.331185,
      0.30357,
      -0.18439,
      0.027034,
      -0.379914,
      -0.180738,
      0.006697,
      -0.035474,
      -0.127461,
      -0.430818,
      0.027452,
      -0.357116,
      0.094492,
      0.336025,
      -0.316802,
      -0.092566,
      0.19597,
      0.401824,
      0.047307,
      -0.38857,
      0.113167,
      -0.208956,
      0.192447,
      -0.056458,
      0.055259,
      0.07087,
      -0.254291,
      0.31769,
      0.038392,
      -0.357904,
      0.017589,
      0.024772,
      0.030173,
      0.065314,
      -0.138992,
      0.039008,
      0.244111,
      -0.178035,
      -0.053514,
      -0.116691,
      -0.068705,
      -0.027819,
      0.174534,
      -0.04811,
      -0.423336,
      -0.267995,
      0.257017,
      -0.295955,
      0.02618,
      0.335637,
      -0.062744,
      -0.027077,
      -0.234324,
      0.232204,
      0.17758,
      0.04482,
      0.459304,
      0.159123,
      0.273756,
      0.011455,
      0.120516,
      -0.167978,
      0.239472,
      -0.245611,
      0.181753,
      -0.191338,
      -0.051355,
      0.01951,
      -0.056948,
      -0.381242,
      0.1978,
      -0.200002,
      0.135628,
      -0.423702,
      0.008828,
      0.06282,
      0.239873,
      -0.117211,
      0.153729,
      0.117322,
      -0.201487,
      0.142725,
      -0.165574,
      -0.07595,
      -0.12593,
      0.159735,
      0.038471,
      0.002032,
      -0.075229,
      -0.282707,
      0.034535,
      0.050444,
      0.030382,
      0.036905,
      -0.078157,
      -0.01415,
      -0.240373,
      0.093333,
      0.356078,
      0.072678,
      -0.160529,
      -0.429014,
      0.279089,
      -0.1734,
      -0.156727,
      0.210506,
      -0.153927,
      0.022618,
      0.077775,
      0.051319,
      -0.004694,
      0.253982,
      -0.048137,
      0.032488,
      0.207433,
      -0.275353,
      0.1914,
      0.295812,
      0.059175,
      -0.042193,
      -0.004379,
      0.059125,
      -0.086311,
      -0.254316,
      0.130892,
      -0.240142,
      -0.075217,
      -0.148407,
      0.06011,
      0.072845,
      -0.120678,
      -0.335572,
      0.037183,
      0.26986,
      -0.120494,
      -0.109519,
      0.262274,
      0.220452,
      -0.158436,
      -0.123026,
      0.02014,
      0.0249,
      -0.027655,
      0.011555,
      -0.18959,
      0.046165,
      0.275921,
      -0.053586,
      0.160085,
      0.013155,
      -0.059929,
      -0.150334,
      -0.062086,
      -0.11751,
      0.24424,
      -0.040065,
      0.098754,
      -0.041282,
      -0.040485,
      -0.254663,
      -0.111825,
      -0.003256,
      -0.097637,
      0.250229,
      0.106516,
      0.078134,
      0.06866,
      -0.353546,
      0.055564,
      0.263823,
      -0.173892,
      0.045064,
      -0.183891,
      -0.060948,
      -0.024269,
      -0.023476,
      -0.018552,
      0.318445,
      0.072672,
      -0.068265,
      0.013379,
      -0.027348,
      0.138895,
      -0.129254,
      0.436904,
      0.23039,
      0.152073,
      -0.247338,
      -0.039766,
      -0.076381,
      -0.119316,
      -0.053382,
      -0.188861,
      -0.137225,
      0.111486,
      0.090886,
      -0.14788,
      -0.040745,
      -0.10493,
      0.045411,
      -0.094013,
      0.170746,
      0.109319,
      -0.183435,
      0.103877,
      -0.35656,
      -0.097819,
      0.145776,
      0.013519,
      0.176104,
      0.041574,
      0.168406,
      -0.166411,
      0.157336,
      0.077916,
      -0.030019,
      0.088116,
      -0.198182,
      0.188285,
      -0.107838,
      0.160286,
      0.065709,
      -0.048618,
      -0.065008,
      -0.378252,
      0.304557,
      0.075424,
      -0.011063,
      -0.095939,
      0.068558,
      0.15131,
      -0.179342,
      -0.200987,
      0.030714,
      0.030406,
      -0.040507,
      -0.313255,
      0.177975,
      0.140815,
      0.093172,
      -0.040253,
      -0.272464,
      0.058176,
      0.294205,
      -0.101315,
      0.324813,
      -0.213605,
      0.061659,
      0.178711,
      0.069133,
      -0.293647,
      0.341381,
      -0.051636,
      -0.107512,
      0.085263,
      -0.048307,
      0.389998,
      0.076084,
      0.319094,
      -0.230236,
      -0.182562,
      0.299544,
      -0.201382,
      0.166145,
      -0.145047,
      0.088396,
      -0.290799,
      -0.341483,
      0.071929,
      0.158325,
      -0.157036,
      -0.086897,
      0.296164,
      -0.317341,
      0.248538,
      0.086718,
      0.272088,
      -0.131136,
      0.020857,
      0.117507,
      0.135549,
      0.198395,
      0.287638,
      -0.286015,
      0.051436,
      0.264166,
      0.118591,
      0.298122,
      -0.162594,
      0.286356,
      0.165187,
      -0.263749,
      -0.016586,
      0.148892,
      -0.282094,
      0.409459,
      0.080011,
      -0.207692,
      0.054436,
      -0.07647,
      -0.022627,
      0.281139,
      -0.059685,
      -0.199545,
      -0.059267,
      0.133975,
      -0.10321,
      0.039041,
      -0.117129,
      -0.147021,
      0.139157,
      0.21331,
      -0.365139,
      0.146205,
      0.018654,
      0.171821,
      -0.080885,
      -0.246394,
      0.145516,
      0.141191,
      0.27826,
      0.388283,
      0.138078,
      -0.104575,
      -0.143031,
      -0.205628,
      -0.38315,
      0.081234,
      0.166625,
      0.16529,
      -0.358312,
      -0.404699,
      0.202835,
      0.290392,
      0.666746,
      0.026046,
      0.058212,
      0.176127,
      0.28067,
      0.081498,
      -0.130196,
      0.264711,
      -0.259039,
      0.187789,
      -0.376939,
      0.373472,
      0.063133,
      -0.064179,
      -0.025812,
      0.287196,
      0.141525,
      0.227959,
      -0.257863,
      0.022134,
      -0.306728,
      -0.67533,
      0.015093,
      -0.445221,
      0.215379,
      0.321322,
      -0.254274,
      0.092664,
      -0.254631,
      -0.216446,
      -0.069763,
      -0.201302,
      -0.012719,
      -0.282847,
      0.244569,
      -0.033138,
      -0.008481,
      0.313041,
      0.125154,
      0.000504,
      0.080422,
      -0.23668,
      0.076375,
      0.030368,
      0.031484,
      0.413992,
      -0.119966,
      0.244411,
      -0.354599,
      -0.187063,
      0.008638,
      -0.197364,
      -0.154042,
      0.060259,
      0.513275,
      0.022297,
      -0.015512,
      0.070565,
      0.2312,
      0.084354,
      0.063433,
      0.322534,
      0.033594,
      -0.164263,
      -0.104578,
      -0.15086,
      0.112006,
      0.077421,
      -0.028067,
      -0.021759,
      0.166719,
      -0.100894,
      0.130418,
      0.092944,
      -0.138052,
      0.117951,
      0.098306,
      -0.205438,
      -0.266161,
      -0.194327,
      0.003609,
      -0.049014,
      0.178143,
      -0.388278,
      -0.056373,
      0.279221,
      -0.003454,
      -0.209873,
      0.225194,
      0.065067,
      0.044752,
      -0.196488,
      -0.16085,
      -0.273055,
      0.16196,
      -0.581092,
      -0.128924,
      -0.123202,
      0.330101,
      0.252123,
      0.069588,
      0.023473,
      0.431732,
      0.043646,
      0.129105,
      0.308766,
      0.079932,
      -0.138756,
      -0.217257,
      -0.284018,
      -0.066493,
      0.062424,
      0.02586,
      -0.114097,
      0.114929,
      0.02471,
      -0.164075,
      0.16017,
      -0.311839,
      0.287344,
      0.393013,
      0.072433,
      0.034069,
      0.01395,
      -0.055262,
      0.290468,
      -0.016511,
      -0.001598,
      -0.017791,
      -0.213141,
      -0.1648,
      -0.114676,
      0.178591,
      -0.076108,
      -0.031583,
      -0.021214,
      -0.051118,
      0.059995,
      -0.247195,
      0.106465,
      -0.011292,
      -0.009189,
      -0.003653,
      0.014162,
      -0.059095,
      -0.160604,
      0.24478,
      0.236593,
      0.052613,
      -0.230074,
      -0.126242,
      -0.000154,
      -0.365744,
      -0.154639,
      0.16281,
      0.035782,
      0.212574,
      -0.39444,
      -0.038558,
      -0.088087,
      0.079437,
      -0.162843,
      0.171238,
      -0.039189,
      -0.179217,
      -0.021524,
      -0.30457,
      -0.212133,
      -8.8e-05,
      0.48178,
      0.00792,
      0.361105,
      -0.090609,
      -0.176843,
      0.128486,
      -0.272795,
      -0.009583,
      0.224324,
      -0.387566,
      0.119318,
      -0.023007,
      -0.262703,
      -0.347015,
      -0.069033,
      -0.135934,
      -0.051122,
      0.012597,
      0.027967,
      -0.152836,
      0.274968,
      0.330226,
      -0.142947,
      0.199754,
      -0.037303,
      -0.057971,
      -0.178931,
      -0.233717,
      -0.139475,
      0.130081,
      -0.076619,
      -0.153487,
      0.36709,
      0.011985,
      -0.114935,
      0.068462,
      0.067369,
      -0.058683,
      -0.008201,
      0.040546,
      0.054978,
      -0.150126,
      0.101289,
      0.228734,
      0.247616,
      -0.124552,
      0.14978,
      0.27861,
      0.255029,
      -0.251064,
      0.252746,
      0.084073,
      -0.28708,
      0.147475,
      -0.115827,
      -0.184417,
      -0.42174,
      -0.049317,
      -0.081682,
      0.122095,
      0.155345,
      0.213968,
      -0.380193,
      0.113859,
      0.235457,
      -0.036542,
      0.335039,
      0.071558,
      -0.122447,
      -0.105731,
      0.31733,
      -0.046767,
      0.398692,
      0.187043,
      0.117784,
      -0.174111,
      0.002291,
      -0.084657,
      -0.372501,
      -0.367326,
      -0.012503,
      0.045628,
      0.030418,
      -0.172459,
      0.129339,
      -0.280181,
      0.222219,
      -0.082959,
      0.051363,
      -0.137424,
      -0.00904,
      0.287562,
      0.193743,
      0.127433,
      0.232748,
      0.032657,
      0.030505,
      -0.176202,
      0.067454,
      -0.120762,
      0.026564,
      -0.107871,
      -0.00393,
      -0.265151,
      0.154673,
      0.373446,
      0.121703,
      -0.198428,
      0.103689,
      0.248779,
      -0.063192,
      -0.215806,
      -0.119716,
      0.23215,
      0.06381,
      -0.612917,
      -0.130662,
      0.01585,
      -0.03422,
      -0.006737,
      -0.319133,
      0.079157,
      -0.276713,
      0.177489,
      0.024527,
      -0.101147,
      -0.189507,
      -0.185361,
      -0.16202,
      -0.15088,
      0.185873,
      -0.20162,
      -0.236667,
      -0.038026,
      0.271492,
      0.204693,
      0.213806,
      0.009771,
      0.09976,
      0.040724,
      -0.050521,
      0.387063,
      -0.156743,
      -0.12785,
      0.261713,
      0.35568,
      0.262175,
      0.046862,
      -0.102532,
      -0.005134,
      0.138608,
      -0.157767,
      -0.12545,
      -0.113196,
      0.073061,
      0.193807,
      0.021322,
      0.367381,
      0.060561,
      0.090024,
      -0.118803,
      -0.057027,
      0.163309,
      -0.228433,
      -0.162683,
      -0.201396,
      0.011404,
      -0.136034,
      0.008796,
      0.064494,
      -0.094925,
      0.065442,
      0.128418,
      0.220251,
      -0.043054,
      -0.240072,
      0.102815,
      0.29763,
      -0.131854,
      -0.157171,
      0.33492,
      -0.325853,
      0.18188,
      0.340861,
      -0.207485,
      -0.443409,
      0.223243,
      0.061028,
      -0.225287,
      0.222765,
      0.016942,
      0.153644,
      0.112673,
      -0.271279,
      0.242386,
      0.077893,
      -0.345499,
      -0.180793,
      0.053097,
      0.055689,
      -0.281363,
      0.191991,
      0.081231,
      0.287402,
      -0.248158,
      0.220048,
      0.15415,
      -0.431491,
      -0.172579,
      0.187769,
      0.318252,
      0.051478,
      -0.188404,
      -0.240883,
      0.240153,
      0.004566,
      0.126928,
      -0.302497,
      0.129225,
      -0.321235,
      0.063182,
      0.05955,
      0.038027,
      0.139369,
      -0.105993,
      0.229947,
      -0.203778,
      -0.142842,
      -0.423717,
      -0.070552,
      0.161206,
      0.037286,
      0.201747,
      0.039362,
      -0.220639,
      -0.244077,
      -0.12219,
      -0.032282,
      0.624843,
      0.291384,
      -0.070027,
      0.174161,
      0.096576,
      0.134025,
      0.313187,
      0.402649,
      -0.101786,
      0.148618,
      -0.118871,
      -0.123749,
      -0.244664,
      -0.259799,
      -0.024356,
      -0.141104,
      -0.016184,
      -0.15219,
      -0.1919,
      0.048692,
      0.034956,
      0.023808,
      0.028786,
      -0.245454,
      -0.073065,
      -0.097229,
      -0.058614,
      0.135875,
      0.238398,
      0.089446,
      0.088207,
      -0.091335,
      -0.056086,
      0.157298,
      -0.300311,
      -0.182303,
      -0.210215,
      0.205179,
      -0.104012,
      -0.156882,
      -0.087661,
      0.327942,
      -0.123617,
      0.107324,
      0.281009,
      0.309588,
      -0.412929,
      0.127677,
      0.110773,
      -0.108454,
      -0.009987,
      0.362943,
      -0.050997,
      0.177506,
      -0.096158,
      0.040663,
      0.163678,
      -0.010994,
      -0.241354,
      -0.020394,
      -0.167857,
      -0.044572,
      -0.038859,
      -0.237428,
      -0.104376,
      0.116371,
      0.032295,
      -0.177124,
      0.047802,
      0.242678,
      0.013964,
      0.038483,
      -0.302157,
      0.144603,
      -0.020989,
      -0.19091,
      -0.068659,
      -0.033767,
      0.080853,
      -0.178115,
      -0.074513,
      0.100513,
      -0.067879,
      -0.29382,
      0.087496,
      -0.154334,
      -0.20487,
      -0.078262,
      0.059511,
      0.033874,
      0.048014,
      0.318632,
      -0.079562,
      0.107165,
      0.023941,
      -0.251527,
      -0.049315,
      0.121155,
      0.029509,
      0.060498,
      0.20517,
      -0.11298,
      -0.484212,
      -0.185341,
      -0.081493,
      -0.21584,
      -0.11501,
      0.442774,
      0.054195,
      -0.243079,
      0.224464,
      0.149405,
      0.361078,
      -0.085073,
      0.002095,
      0.321967,
      0.097421,
      -0.145396,
      -0.121934,
      -0.047988,
      -0.008868,
      0.265838,
      0.297769,
      -0.190736,
      0.033743,
      -0.131829,
      -0.009765,
      -0.264983,
      0.007599,
      0.05096,
      0.10218,
      0.142007,
      -0.210512,
      -0.072677,
      -0.267846,
      -0.296889,
      0.241436,
      0.166088,
      0.019991,
      0.261226,
      0.330483,
      0.115338,
      -0.106438,
      0.186933,
      0.107366,
      0.338904,
      0.048199,
      0.084885,
      -0.200891,
      -0.073567,
      -0.292152,
      -0.056351,
      0.21832,
      0.223744,
      0.029005,
      0.229062,
      -0.16895,
      0.02845,
      -0.217046,
      0.006368,
      0.326241,
      -0.109981,
      -0.138895,
      0.147982,
      0.052687,
      0.201307,
      -0.276207,
      0.070501,
      0.054901,
      -0.147166,
      0.056021,
      0.334102,
      0.194865,
      -0.086883,
      -0.104243,
      -0.089182,
      -0.116942,
      0.12384,
      0.164705,
      0.154348,
      0.196815,
      0.067404,
      -0.151261,
      -0.04774,
      -0.265589,
      0.020214,
      0.328598,
      0.070239,
      -0.28645,
      0.001316,
      0.338049,
      0.128058,
      -0.071457,
      -0.076549,
      -0.209836,
      -0.154907,
      0.123919,
      0.019887,
      0.082984,
      0.009926,
      0.12343,
      0.026973,
      -0.074693,
      0.146373,
      0.453746,
      0.018841,
      -0.311879,
      0.190985,
      0.00987,
      -0.089233,
      0.233043,
      -0.128263,
      -0.151175,
      -0.067342,
      -0.101178,
      0.161083,
      0.32232,
      0.016806,
      -0.111532,
      0.10777,
      -0.243373,
      -0.360378,
      -0.19297,
      -0.458433,
      -0.194575,
      -0.057176,
      0.026992,
      -0.322223,
      -0.045551,
      -0.094184,
      -0.034729,
      0.081649,
      0.145886,
      0.019818,
      0.062695,
      -0.220395,
      0.296784,
      -0.047926,
      -0.023651,
      0.232553,
      0.051823,
      0.265489,
      0.191924,
      -0.115714,
      -0.316016,
      -0.132132,
      -0.265225,
      -0.05076,
      0.069573,
      -0.227392,
      0.0937,
      -0.002015,
      -0.221263,
      -0.295653,
      0.016916,
      -0.328005,
      -0.026494,
      0.152955,
      0.095315,
      0.064766,
      -0.192973,
      0.022559,
      -0.090119,
      -0.256347,
      -0.079276,
      0.275035,
      0.56598,
      -0.280812,
      0.187837,
      -0.00597,
      0.030059,
      -0.105838,
      0.338469,
      -0.090139,
      -0.198899,
      0.109453,
      -0.292996,
      0.198382,
      -0.01223,
      0.101809,
      0.354397,
      -0.309813,
      0.013093,
      0.314729,
      -0.142225,
      -0.136902,
      -0.227759,
      0.115045,
      0.17028,
      -0.139392,
      -0.191245,
      -0.102619,
      -0.128914,
      0.139411,
      -0.002719,
      0.090371,
      -0.040261,
      -0.161364,
      0.343467,
      0.159858,
      0.234655,
      -0.094262,
      -0.049848,
      -0.007398,
      0.146415,
      -0.03078,
      0.232247,
      0.276899,
      -0.052498,
      -0.014988,
      -0.209504,
      0.223631,
      -0.126847,
      0.104332,
      -0.118721,
      0.074834,
      0.224214,
      -0.233573,
      0.007764,
      -0.11746,
      -0.303082,
      0.037296,
      0.250301,
      -0.23825,
      -0.106278,
      0.114312,
      0.034016,
      0.047345,
      -0.045203,
      0.16059,
      0.147847,
      0.22113,
      0.110507,
      -0.26706,
      0.292572,
      0.010189,
      -0.166161,
      0.167937,
      0.127465,
      0.046193,
      -0.023301,
      0.013221,
      -0.350238,
      -0.20669,
      -0.189261,
      0.086914,
      0.292847,
      -0.15539,
      -0.162448,
      -0.141311,
      0.023483,
      -0.140336,
      0.12887,
      -0.037034,
      0.051139,
      -0.098028,
      0.268004,
      0.294047,
      0.06835,
      0.16421,
      -0.020944,
      0.188184,
      -0.101929,
      -0.12635,
      -0.111571,
      -0.356487,
      0.009866,
      -0.527248,
      -0.122084,
      0.018657,
      -0.084932,
      -0.08289,
      0.105669,
      0.081875,
      0.223225,
      -0.157672,
      -0.167557,
      -0.005651,
      0.173298,
      -0.056045,
      -0.051304,
      -0.103232,
      0.13687,
      0.04263,
      0.055485,
      0.351716,
      -0.350819,
      0.264774,
      -0.216441,
      0.291631,
      -0.09356,
      0.246709,
      -0.377279,
      -0.037603,
      0.267785,
      0.06268,
      0.043914,
      0.23501,
      -0.192379,
      0.196491,
      0.00284,
      0.131816,
      0.007653,
      -0.095176,
      -0.115116,
      -0.157276,
      0.148508,
      0.138616,
      0.119435,
      0.008111,
      -0.089105,
      0.400097,
      0.09051,
      -0.136651,
      -0.142671,
      -0.247352,
      0.157904,
      -0.122873,
      -0.037748,
      -0.031219,
      -0.150061,
      0.266436,
      -0.359826,
      -0.035081,
      0.119087,
      -0.234016,
      -0.000248,
      -0.120696,
      -0.099922,
      -0.136719,
      0.200362,
      -0.071936,
      -0.227889,
      0.075596,
      0.051507,
      0.052513,
      -0.22745,
      0.023268,
      0.140939,
      -0.356941,
      -0.069048,
      0.04359,
      0.120329,
      0.019193,
      -0.07393,
      -0.077992,
      0.111032,
      0.057744,
      -0.105505,
      -0.127695,
      0.142664,
      0.127143,
      0.076114,
      0.083002,
      0.197128,
      0.16323,
      -0.451527,
      0.084891,
      0.16921,
      0.120773,
      0.164886,
      0.084404,
      0.097442,
      0.168009,
      0.503231,
      -0.001844,
      0.185592,
      -0.304286,
      -0.198266,
      0.240373,
      0.357007,
      0.009837,
      -0.03121,
      0.309953,
      -0.219659,
      -0.479406,
      0.143273,
      -0.084383,
      -0.086038,
      -0.340565,
      0.126029,
      -0.093242,
      -0.197345,
      -0.125069,
      0.041917,
      0.167397,
      -0.373896,
      -0.045238,
      0.16182,
      0.258673,
      -0.485113,
      -0.150956,
      -0.150766,
      -0.192906,
      0.280319,
      -0.240641,
      0.035281,
      0.460561,
      -0.076616,
      -0.0496,
      -0.070653,
      -0.324719,
      0.245867,
      -0.276057,
      -0.177866,
      -0.108537,
      0.099542,
      0.258783,
      0.113328,
      -0.034063,
      0.232436,
      0.191904,
      -0.009664,
      -0.07928,
      0.183312,
      -0.055692,
      0.020714,
      -0.072163,
      -0.08149,
      0.025037,
      -0.162396,
      0.000702,
      0.104739,
      -0.171121,
      0.105882,
      -0.172581,
      -0.070098,
      -0.00988,
      0.26029,
      0.162201,
      0.12582,
      0.221707,
      -0.375712,
      -0.09247,
      -0.079995,
      0.175346,
      0.320345,
      0.081074,
      0.051784,
      0.06479,
      0.027253,
      -0.117136,
      -0.13228,
      -0.125235,
      -0.005058,
      0.240683,
      0.240984,
      -0.060484,
      0.09799,
      0.042268,
      -0.11196,
      -0.130536,
      -0.046178,
      0.027362,
      0.262151,
      0.363916,
      0.135594,
      -0.052305,
      0.086585,
      0.141523,
      0.176794,
      -0.052233,
      0.181469,
      0.078324,
      -0.09912,
      0.044782,
      -0.126622,
      0.059711,
      -0.064538,
      -0.138402,
      -0.043934,
      -0.101086,
      0.039449,
      -0.328709,
      0.149982,
      -0.166718,
      0.085848,
      0.092805,
      0.068101,
      -0.161658,
      0.040229,
      -0.173343,
      0.014943,
      0.149954,
      0.138578,
      0.016492,
      -0.320006,
      -0.129289,
      0.284139,
      -0.047513,
      -0.273862,
      0.136575,
      -0.061692,
      -0.000781,
      -0.029003,
      -0.073196,
      0.015701,
      -0.188283,
      0.119498,
      0.07822,
      -0.183833,
      -0.235148,
      -0.011,
      0.015185,
      -0.065509,
      -0.212626,
      0.125866,
      0.23271,
      -0.036758,
      -0.15508,
      -0.172465,
      0.098094,
      0.362458,
      0.011579,
      -0.276515,
      0.073097,
      0.036703,
      -0.027908,
      0.011462,
      0.150427,
      -0.075835,
      -0.022503,
      -0.011636,
      0.372913,
      0.163644,
      0.118424,
      0.159439,
      0.200306,
      -0.009855,
      0.107452,
      -0.27708,
      0.021272,
      0.2232,
      0.028266,
      0.144245,
      -0.084201,
      0.179465,
      -0.117232,
      0.159224,
      -0.099765,
      -0.292194,
      0.042069,
      0.264943,
      -0.134293,
      -0.095485,
      -0.103821,
      -0.315586,
      -0.045766,
      0.086642,
      -0.006046,
      0.173335,
      -0.125642,
      0.221146,
      0.354952,
      -0.004409,
      -0.075376,
      0.039209,
      0.111376,
      -0.250524,
      -0.210453,
      -0.013618,
      0.141238,
      -0.177835,
      -0.078853,
      0.235552,
      -0.07253,
      0.390232,
      -0.200996,
      0.025357,
      0.054543,
      -0.037257,
      -0.257029,
      -0.200745,
      -0.13661,
      0.197831,
      0.183269,
      -0.096607,
      -0.081322,
      -0.266805,
      -0.290621,
      0.476277,
      -0.065255,
      0.499299,
      -0.240033,
      0.134045,
      0.17521,
      0.178511,
      -0.419777,
      0.592894,
      -0.20762,
      -0.521356,
      -0.296071,
      -0.164301,
      0.060878,
      0.027496,
      0.108009,
      0.308635,
      0.05331,
      0.271013,
      -0.228687,
      0.127587,
      0.282007,
      -0.289894,
      -0.099663,
      -0.487742,
      -0.065857,
      0.067903,
      0.051407,
      -0.324047,
      -0.084339,
      -0.04004,
      -0.11001,
      -0.013965,
      -0.14028,
      0.288102,
      -0.015464,
      0.030302,
      0.008468,
      -0.068092,
      0.000446,
      -0.28672,
      -0.053297,
      0.002698,
      -0.216552,
      -0.065061,
      -0.062488,
      0.105944,
      -0.174888,
      0.02821,
      0.178805,
      0.084303,
      -0.121149,
      0.021135,
      0.109538,
      0.111535,
      0.210781,
      0.077795,
      -0.166307,
      -0.049778,
      -0.055056,
      -0.072389,
      0.272799,
      0.093577,
      -0.25849,
      0.19948,
      -0.04227,
      0.133351,
      -0.069744,
      -0.02868,
      0.066443,
      -0.070738,
      0.010843,
      0.213968,
      0.054364,
      -0.190348,
      -0.040337,
      -0.050191,
      -0.168796,
      -0.036857,
      -0.018931,
      0.236042,
      -0.101664,
      0.255021,
      -0.128707,
      0.194702,
      -0.241742,
      -0.276421,
      0.337116,
      -0.313552,
      -0.144415,
      -0.053846,
      0.071928,
      0.378967,
      -0.041156,
      -0.037067,
      -0.05882,
      0.021772,
      0.08236,
      0.113022,
      0.311739,
      -0.368674,
      0.005294,
      -0.004083,
      0.033382,
      0.199202,
      0.090149,
      -0.253451,
      0.208472,
      -0.172543,
      0.169122,
      0.082253,
      0.08286,
      0.186412,
      0.149063,
      0.012571,
      -0.173542,
      0.024129,
      -0.087109,
      -0.045027,
      -0.332642,
      -0.184967,
      0.130034,
      -0.379203,
      -0.178172,
      -0.059732,
      0.032065,
      0.123023,
      -0.029909,
      -0.183626,
      0.242698,
      -0.144015,
      -0.252899,
      0.017455,
      -0.129011,
      -0.127909,
      0.001087,
      -0.211514,
      -0.385946,
      0.270624,
      0.092097,
      0.297571,
      0.214851,
      0.270391,
      0.018488,
      -0.116139,
      0.182158,
      0.154827,
      -0.240078,
      -0.005094,
      0.169108,
      0.187485,
      -0.1353,
      -0.19061,
      -0.108928,
      -0.024625,
      -0.118754,
      0.368,
      0.186902,
      0.239867,
      -0.130297,
      0.539115,
      -0.228483,
      -0.058051,
      -0.054361,
      -0.007312,
      -0.044782,
      -0.05852,
      -0.088582,
      -0.348684,
      0.12369,
      0.094236,
      -0.287907,
      0.067691,
      -0.293086,
      0.067427,
      -0.062571,
      0.122161,
      -0.054749,
      0.391316,
      -0.11818,
      -0.086938,
      -0.024305,
      0.047552,
      -0.098031,
      0.289993,
      -0.082271,
      -0.231093,
      -0.057759,
      -0.185374,
      0.148343,
      0.10376,
      -0.09049,
      -0.024738,
      0.288814,
      -0.154671,
      0.342477,
      -0.149532,
      -0.297199,
      0.074414,
      -0.485594,
      0.035998,
      -0.03444,
      -0.168544,
      -0.075672,
      0.047937,
      0.192994,
      0.35337,
      -0.161626,
      -0.271492,
      -0.065785,
      -0.10847,
      0.246769,
      -0.286169,
      0.385774,
      0.079755,
      -0.101212,
      0.146319,
      0.185461,
      0.008252,
      -0.046478,
      0.115738,
      0.11006,
      -0.209875,
      0.066586,
      0.139353,
      -0.128152,
      -0.117285,
      -0.187881,
      -0.213622,
      0.021038,
      0.157148,
      -0.00195,
      -0.202699,
      -0.155198,
      0.000505,
      -0.254539,
      0.015904,
      0.050981,
      0.141804,
      -0.239762,
      -0.154265,
      0.083875,
      0.09144,
      0.249881,
      0.010402,
      -0.152441,
      -0.025509,
      0.002939,
      0.176007,
      -0.027255,
      0.087861,
      0.019716,
      -0.131464,
      0.155745,
      0.321621,
      -0.171017,
      0.124353,
      0.012156,
      -0.046621,
      0.195842,
      0.138384,
      -0.292247,
      0.076785,
      -0.42184,
      -0.010391,
      0.137236,
      0.102564,
      -0.198,
      0.001934,
      -0.005201,
      -0.268226,
      -0.037102,
      0.033083,
      0.298826,
      0.066523,
      0.170327,
      0.082301,
      0.23418,
      -0.205695,
      -0.162262,
      0.100418,
      -0.310875,
      0.331463,
      0.163263,
      0.010539,
      0.047262,
      -0.176433,
      0.137333,
      -0.196292,
      0.110454,
      -0.026092,
      0.292518,
      0.208855,
      0.259835,
      -0.096089,
      0.325674,
      0.103389,
      0.07774,
      0.098155,
      -0.137063,
      0.132331,
      0.193903,
      -0.151648,
      -0.137736,
      0.056054,
      -0.251397,
      -0.047807,
      0.050554,
      0.020628,
      -0.264613,
      0.068009,
      -0.223961,
      -0.322048,
      0.033174,
      0.0614,
      -0.018763,
      0.176709,
      -0.008493,
      -0.082436,
      0.073799,
      -0.264259,
      -0.219456,
      -0.149176,
      0.067294,
      0.272618,
      0.171123,
      0.106453,
      0.099999,
      0.04927,
      0.168202,
      0.402803,
      0.019213,
      0.070154,
      0.347159,
      -0.372133,
      0.20279,
      0.189171,
      -0.108157,
      -0.072567,
      -0.12541,
      0.282286,
      0.077536,
      0.05953,
      -0.334859,
      -0.321612,
      -0.137366,
      0.125304,
      -0.230222,
      -0.141411,
      -0.098366,
      -0.066761,
      0.009254,
      0.074303,
      0.010928,
      0.227046,
      0.102648,
      0.089296,
      0.139623,
      -0.420282,
      0.097942,
      -0.193004,
      0.022828,
      -0.176284,
      0.182886,
      -0.029004,
      0.130384,
      -0.059427,
      0.025893,
      -0.010191,
      -0.032321,
      -0.07752,
      -0.014448,
      0.060036,
      -0.061937,
      0.100863,
      -0.092442,
      -0.016866,
      0.089395,
      0.007749,
      -0.115846,
      0.230324,
      -0.04558,
      0.052681,
      0.176421,
      -0.045455,
      -0.117021,
      0.103329,
      0.088219,
      -0.046344,
      0.091682,
      -0.135845,
      0.070188,
      0.036328,
      -0.010661,
      0.198836,
      0.228347,
      0.039262,
      -0.21873,
      0.182099,
      0.174346,
      0.019613,
      -0.448631,
      -0.167753,
      -0.132047,
      0.170496,
      -0.056342,
      -0.018304,
      0.127737,
      -0.066527,
      -0.110744,
      -0.307432,
      -0.253249,
      -0.034332,
      0.189275,
      -0.109833,
      0.024889,
      -0.145312,
      -0.128301,
      -0.133824,
      0.224031,
      0.03585,
      -0.13021,
      0.07388,
      -0.046225,
      -0.193768,
      -0.11019,
      0.25204,
      0.09625,
      0.31596,
      -0.043617,
      -0.064611,
      -0.180828,
      -0.105551,
      0.097447,
      0.078804,
      0.044864,
      0.18116,
      -0.193936,
      -0.226744,
      0.008638,
      -0.135523,
      -0.100268,
      0.160368,
      -0.033495,
      0.445634,
      0.114459,
      -0.061867,
      -0.063848,
      -0.011644,
      0.144401,
      0.095976,
      0.184031,
      -0.172396,
      0.017235,
      0.068956,
      0.165504,
      -0.06418,
      -0.027913,
      -0.014509,
      0.109956,
      0.011081,
      0.132353,
      -0.052874,
      0.089552,
      0.177638,
      -0.139454,
      -0.10113,
      -0.174076,
      -0.079233,
      -0.124452,
      -0.002258,
      -0.340657,
      0.177741,
      0.153936,
      0.06453,
      -0.145979,
      0.075463,
      -0.275392,
      -0.046193,
      0.204809,
      0.255693,
      -0.061294,
      0.160317,
      -0.016724,
      -0.083118,
      -0.082435,
      -0.223689,
      0.323898,
      0.280789,
      0.048753,
      -0.014935,
      0.184642,
      -0.299829,
      -0.095172,
      -0.048827,
      0.15009,
      -0.239112,
      -0.130248,
      -0.020378,
      0.058296,
      -0.153241,
      -0.126543,
      0.293755,
      0.41592,
      -0.090288,
      -0.041117,
      -0.031605,
      -0.105927,
      -0.243918,
      0.199243,
      0.106661,
      -0.09136,
      0.107982,
      0.043357,
      -0.293824,
      0.13224,
      -0.072706,
      -0.362742,
      -0.102513,
      0.163283,
      -0.028797,
      -0.187277,
      0.045531,
      0.131962,
      -0.128448,
      0.119362,
      -0.192884,
      -0.03997,
      -0.12696,
      0.076558,
      -0.278313,
      -0.096725,
      0.089176,
      0.205578,
      0.190854,
      0.328213,
      -0.071174,
      0.301067,
      0.049273,
      -0.097432,
      -0.20278,
      -0.10868,
      -0.023825,
      -0.046773,
      0.128826,
      0.082922,
      0.057104,
      0.140005,
      -0.234038,
      -0.043387,
      0.123406,
      -0.250842,
      -0.303918,
      0.432127,
      -0.003676,
      0.259785,
      -0.214294,
      -0.240075,
      -0.093823,
      -0.212502,
      -0.167498,
      0.131772,
      -0.236146,
      -0.055771,
      -0.065086,
      -0.124311,
      0.119681,
      0.227598,
      -0.01698,
      -0.076155,
      0.410446,
      0.093113,
      0.123222,
      0.283343,
      0.030638,
      0.107452,
      -0.062265,
      0.071557,
      -0.028389,
      0.230832,
      0.058542,
      -0.209072,
      0.065407,
      -0.041926,
      0.017486,
      -0.193369,
      0.182508,
      0.020919,
      0.180022,
      -0.073623,
      -0.124285,
      -0.000645,
      -0.009373,
      0.143526,
      0.200941,
      -0.110035,
      -0.016083,
      -0.05984,
      -0.199336,
      -0.36754,
      -0.104055,
      -0.265373,
      0.154079,
      0.005567,
      0.142575,
      -0.023743,
      0.042047,
      -0.094745,
      -0.155433,
      -0.221756,
      0.097181,
      -0.24051,
      0.150657,
      0.075409,
      -0.096058,
      0.284389,
      -0.157841,
      0.111136,
      -0.305947,
      -0.002101,
      -8.7e-05,
      -0.003477,
      -0.044205,
      0.17668,
      -0.026765,
      0.059125,
      -0.130774,
      -0.143815,
      0.084516,
      0.050308,
      0.208689,
      0.038443,
      -0.006787,
      -0.292079,
      -0.201869,
      -0.051002,
      -0.026408,
      0.106106,
      0.104144,
      -0.003349,
      -0.181222,
      0.01327,
      0.019355,
      -0.042824,
      -0.16004,
      0.212389,
      -0.042777,
      -0.22611,
      -0.318195,
      -0.031525,
      0.141173,
      -0.089174,
      0.028555,
      -0.01275,
      0.095495,
      -0.074575,
      0.162981,
      -0.183058,
      0.162823,
      0.073263,
      0.092426,
      0.24682,
      0.230454,
      -0.238413,
      -0.142937,
      0.061619,
      0.020252,
      -0.010178,
      -0.153117,
      0.246903,
      -0.053875,
      -0.045642,
      0.034601,
      -0.072007,
      0.28367,
      -0.159857,
      0.233346,
      -0.043285,
      -0.031565,
      -0.207454,
      -0.128693,
      0.049111,
      -0.194078,
      0.317705,
      -0.162344,
      0.232063,
      0.030851,
      0.04265,
      -0.062541,
      0.031038,
      -0.202922,
      -0.102938,
      0.137491,
      0.219885,
      0.31821,
      -0.168511,
      -0.057753,
      0.066135,
      0.116337,
      -0.083203,
      -0.061282,
      0.026028,
      -0.196073,
      -0.020966,
      0.01127,
      -0.289278,
      -0.093079,
      0.16697,
      0.495536,
      -0.003736,
      -0.061415,
      0.066327,
      -0.249614,
      0.173858,
      -0.107223,
      0.02099,
      0.097509,
      0.016447,
      -0.154884,
      0.019462,
      0.015291,
      0.031226,
      0.260851,
      -0.11578,
      0.275426,
      -0.259249,
      0.278517,
      0.207376,
      0.129197,
      0.083398,
      0.079936,
      0.134186,
      -0.049551,
      -0.193357,
      -0.066224,
      0.033062,
      0.13595,
      -0.089002,
      0.027399,
      0.10793,
      0.245115,
      -0.096034,
      -0.398905,
      -0.066028,
      0.130529,
      0.324341,
      -0.174818,
      0.19853,
      -0.130354,
      -0.053797,
      0.164676,
      0.033681,
      -0.046631,
      -0.120639,
      0.079655,
      0.219607,
      -0.171051,
      -0.064628,
      -0.198939,
      0.368596,
      0.121119,
      -0.215194,
      -0.088251,
      -0.136267,
      0.009022,
      -0.120383,
      0.099846,
      -0.088986,
      0.001,
      0.134428,
      -0.001872,
      0.532185,
      0.148057,
      -0.261815,
      -0.153748,
      -0.043783,
      -0.119555,
      0.035342,
      0.26139,
      0.12211,
      0.201,
      -0.260183,
      -0.136741,
      -0.058964,
      -0.07902,
      0.1682,
      0.157664,
      0.189295,
      -0.235378,
      -0.119067,
      -0.208668,
      -0.137935,
      -0.006706,
      -0.175264,
      -0.090823,
      -0.161063,
      -0.260793,
      -0.069331,
      0.426123,
      0.113729,
      0.383645,
      0.01712,
      -0.091661,
      -0.175553,
      -0.199302,
      -0.090667,
      0.245532,
      -0.265926,
      -0.435106,
      -0.138158,
      -0.371798,
      -0.263674,
      -0.013389,
      -0.136882,
      -0.015393,
      -0.232968,
      0.005685,
      -0.394197,
      -0.017358,
      0.056588,
      0.108346,
      0.353308,
      0.123603,
      0.134772,
      0.312996,
      -0.039424,
      0.241328,
      -0.048143,
      0.288809,
      -0.273805,
      -0.036964,
      -0.211505,
      0.420734,
      -0.000227,
      -0.059209,
      -0.112704,
      0.309939,
      -0.099796,
      0.193503,
      -0.211922,
      -0.156727,
      -0.114499,
      -0.323824,
      0.109848,
      0.074632,
      -0.231352,
      0.033134,
      0.12623,
      0.306904,
      -0.201184,
      0.21507,
      -0.174987,
      -0.043578,
      -0.277094,
      0.052299,
      0.401016,
      -0.00075,
      0.003657,
      0.254005,
      0.057239,
      -0.183862,
      0.053597,
      -0.111417,
      -0.084897,
      0.302899,
      0.14413,
      0.192233,
      -0.228596,
      0.081231,
      -0.215565,
      0.164486,
      0.216177,
      0.157155,
      -0.062747,
      0.118179,
      0.107075,
      0.00914,
      0.006966,
      -0.193681,
      -0.300244,
      0.021964,
      -0.176701,
      0.402284,
      -0.1122,
      0.114404,
      0.054888,
      -0.077696,
      -0.046603,
      -0.007051,
      0.183406,
      -0.238315,
      0.268928,
      0.140327,
      -0.127659,
      0.114906,
      -0.009239,
      -0.076501,
      -0.038777,
      0.005832,
      -0.224065,
      -0.028369,
      0.249913,
      -0.227948,
      0.331658,
      0.03918,
      -0.025371,
      0.11375,
      0.324635,
      -0.090657,
      -0.094842,
      0.130748,
      0.039156,
      0.289689,
      -0.098281,
      -0.017708,
      -0.548856,
      -0.130607,
      -0.209252,
      -0.135818,
      -0.11196,
      -0.057663,
      0.13785,
      -0.186839,
      0.018276,
      0.078907,
      -0.125511,
      -0.444652,
      0.09086,
      0.422505,
      -0.184123,
      0.065423,
      0.253972,
      0.326405,
      -0.064005,
      0.056178,
      -0.29598,
      0.27258,
      -0.158958,
      0.230663,
      0.187661,
      0.048839,
      0.138526,
      0.018344,
      0.278977,
      -0.537733,
      0.043578,
      0.621044,
      -0.239956,
      -0.092352,
      -0.320195,
      0.232418,
      0.043546,
      -0.247046,
      -0.521943,
      -0.128823,
      -0.381738,
      0.253585,
      0.023221,
      -0.13033,
      -0.069087,
      0.023454,
      0.003529,
      -0.025092,
      0.011546,
      0.159721,
      0.033989,
      -0.281125,
      0.054946,
      0.093185,
      0.120577,
      -0.051298,
      0.138892,
      0.255701,
      0.172653,
      0.088612,
      0.079917,
      -0.161416,
      0.077269,
      -0.127638,
      -0.001758,
      0.188602,
      -0.146651,
      -0.116455,
      0.119268,
      -0.171783,
      0.141795,
      0.117419,
      0.01308,
      -0.024852,
      -0.085804,
      0.150354,
      0.233274,
      -0.373577,
      0.159882,
      -0.064602,
      -0.201983,
      -0.026704,
      -0.010991,
      -0.096692,
      0.037193,
      0.042952,
      0.138701,
      0.027254,
      -0.043196,
      -0.081923,
      -0.137011,
      0.203866,
      -0.045094,
      0.14129,
      -0.055924,
      0.006958,
      0.320395,
      -0.153423,
      -0.138115,
      -0.117087,
      -0.035535,
      0.071524,
      0.116307,
      0.251766,
      0.168581,
      0.089902,
      -0.176515,
      -0.3369,
      -0.030423,
      0.113748,
      0.081111,
      0.215466,
      -0.04693,
      0.080387,
      -0.037259,
      -0.080372,
      0.074842,
      -0.113596,
      -0.012422,
      -0.036809,
      0.253845,
      0.060681,
      0.299772,
      0.020076,
      -0.161327,
      -0.272501,
      0.277631,
      0.064604,
      -0.46454,
      0.009296,
      -0.309719,
      0.015857,
      -0.025735,
      0.060244,
      0.108531,
      -0.022719,
      -0.306955,
      0.145805,
      0.088552,
      -0.116223,
      -0.006335,
      0.020834,
      -0.058744,
      0.07744,
      -0.110155,
      -0.189464,
      0.117055,
      0.155189,
      0.045275,
      0.080154,
      0.049662,
      0.169973,
      0.041252,
      -0.196349,
      -0.073993,
      0.199339,
      0.111784,
      0.272425,
      -0.081632,
      -0.146093,
      0.097447,
      0.010994,
      0.123709,
      -0.023951,
      -0.139659,
      -0.07963,
      -0.227028,
      0.076823,
      -0.032959,
      0.175549,
      -0.360471,
      -0.078363,
      0.131369,
      0.197564,
      -0.170013,
      0.009067,
      0.062865,
      -0.062056,
      0.056668,
      -0.058063,
      -0.02383,
      -0.108092,
      0.188119,
      -0.018202,
      -0.045655,
      0.048453,
      -0.019854,
      -0.196222,
      -0.007195,
      -0.17615,
      0.380058,
      0.161372,
      -0.110688,
      0.07063,
      -0.009123,
      -0.205926,
      0.087442,
      0.366154,
      -0.297067,
      0.13888,
      0.142162,
      -0.016562,
      0.094727,
      0.392823,
      0.124814,
      -0.167901,
      0.019517,
      -0.212579,
      0.15515,
      -0.075404,
      -0.282824,
      -0.214868,
      -0.103154,
      0.123548,
      0.024645,
      0.242094,
      -0.136554,
      -0.115364,
      0.082037,
      0.112543,
      0.115748,
      -0.114554,
      -0.033546,
      -0.333064,
      -0.118862,
      -0.156956,
      0.120417,
      -0.005541,
      0.09671,
      -0.278813,
      0.254168,
      -0.103044,
      0.121603,
      0.009887,
      -0.318066,
      -0.264638,
      -0.197612,
      -0.076646,
      -0.104214,
      0.233711,
      -0.162777,
      0.075691,
      0.279344,
      0.129408,
      0.389436,
      -0.046181,
      -0.139145,
      -0.295263,
      0.128455,
      0.051703,
      -0.294225,
      -0.370152,
      -0.338271,
      0.21014,
      0.056021,
      -0.132987,
      -0.090056,
      -0.162105,
      -0.417833,
      0.018712,
      0.113683,
      0.171051,
      0.023306,
      -0.02361,
      0.352747,
      0.120553,
      -0.045343,
      -0.314767,
      0.05456,
      0.049127,
      0.108559,
      -0.251245,
      -0.226099,
      0.457491,
      0.214431,
      0.008342,
      0.034385,
      0.0488,
      0.079627,
      0.132526,
      -0.416249,
      0.29441,
      -0.004389,
      -0.234819,
      -0.304766,
      0.140341,
      -0.13185,
      0.169843,
      -0.000666,
      0.007875,
      0.083267,
      0.032132,
      -0.127015,
      -0.268427,
      0.101342,
      0.221257,
      0.125026,
      -0.176993,
      -0.098908,
      -0.369729,
      -0.203631,
      -0.156442,
      0.345902,
      0.31587,
      -0.481136,
      0.075179,
      0.072852,
      -0.155797,
      0.053143,
      0.181555,
      -0.151716,
      0.204679,
      0.226649,
      -0.192575,
      -0.053726,
      -0.105043,
      -0.048306,
      0.234601,
      -0.34753,
      0.08033,
      0.307989,
      -0.282466,
      -0.061803,
      -0.028192,
      -0.033695,
      0.340365,
      0.080905,
      -0.22612,
      0.172061,
      -0.00687,
      -0.27287,
      -0.229794,
      -0.068674,
      0.196535,
      -0.049774,
      0.05005,
      -0.150509,
      0.361419,
      -0.032053,
      -0.438379,
      0.101972,
      -0.353424,
      0.328442,
      -0.054754,
      0.5923,
      0.039993,
      0.071177,
      -0.054549,
      0.014449,
      -0.152921,
      0.013458,
      0.124428,
      -0.389617,
      -0.072106,
      0.197429,
      0.289496,
      -0.260314,
      0.369876,
      0.018437,
      0.027097,
      -0.247943,
      -0.037761,
      0.341447,
      0.188934,
      -0.237715,
      -0.192252,
      -0.35026,
      -0.553001,
      0.206141,
      0.119227,
      -0.119164,
      0.043386,
      -0.088103,
      0.228583,
      0.169538,
      -0.335575,
      0.072736,
      0.130857,
      -0.196019,
      -0.116073,
      -0.059384,
      0.088419,
      -0.156979,
      0.144195,
      -0.36366,
      0.130324,
      0.322482,
      0.077353,
      -0.1931,
      -0.07852,
      -0.080043,
      0.216007,
      0.083518,
      0.046145,
      -0.239379,
      -0.121719,
      -0.0605,
      -0.156593,
      -0.022568,
      -0.039598,
      0.06728,
      0.256002,
      0.119372,
      -0.077452,
      0.161098,
      0.083306,
      0.156869,
      0.108637,
      0.122514,
      -0.358337,
      -0.334167,
      -0.294905,
      0.313596,
      0.145228,
      0.133895,
      -0.161048,
      -0.14298,
      -0.030478,
      0.062322,
      0.37863,
      -0.193874,
      0.511341,
      0.036859,
      -0.063173,
      -0.209532
    ],
    "posEmb": [
      0.016142,
      0.341505,
      -0.364897,
      -0.19925,
      -0.253346,
      0.075635,
      -0.096621,
      0.449989,
      0.442942,
      -0.146016,
      0.198768,
      -0.19345,
      -0.391995,
      -0.300875,
      -0.274994,
      0.447961,
      -0.544872,
      -0.309645,
      -0.174587,
      0.063236,
      -0.09969,
      -0.324877,
      0.177715,
      -0.045008,
      0.23847,
      0.01021,
      -0.230964,
      -0.480437,
      -0.119916,
      0.259131,
      0.418353,
      0.195481,
      0.325509,
      -0.41891,
      0.369321,
      -0.260475,
      0.202481,
      0.153748,
      0.117866,
      0.099531,
      0.099259,
      0.13301,
      -0.35866,
      0.3707,
      -0.108827,
      0.13491,
      0.043724,
      -0.087357,
      -0.362067,
      -0.053641,
      -0.192753,
      -0.297247,
      -0.128421,
      0.18034,
      0.164066,
      0.005774,
      -0.104171,
      0.219513,
      -0.163738,
      0.182294,
      -0.208983,
      -0.30228,
      0.04696,
      -0.237514,
      0.201429,
      -0.257044,
      -0.191084,
      0.027125,
      0.058219,
      0.298136,
      -0.165741,
      0.096776,
      0.046586,
      0.300637,
      0.1232,
      0.203652,
      -0.180028,
      0.13304,
      0.14884,
      -0.034296,
      -0.219405,
      0.065945,
      -0.037995,
      0.022664,
      -0.218351,
      -0.143469,
      0.207257,
      -0.002599,
      0.014369,
      0.185896,
      0.011616,
      -0.101829,
      0.176901,
      -0.318272,
      -0.109204,
      0.149524,
      0.084206,
      -0.153113,
      0.097384,
      -0.220662,
      -0.145221,
      -0.180275,
      0.05655,
      0.088511,
      0.004129,
      0.051617,
      0.096614,
      -0.042496,
      0.050442,
      -0.066411,
      0.060986,
      0.074313,
      -0.273311,
      0.11448,
      0.143403,
      -0.359698,
      0.033713,
      0.146816,
      0.044517,
      0.091862,
      0.104718,
      -0.105371,
      -0.176627,
      0.191449,
      -0.040818,
      0.03568,
      0.01102,
      -0.124544,
      0.23103,
      -0.12658,
      0.261225,
      0.054811,
      -0.076691,
      0.054631,
      0.032093,
      0.031486,
      0.045153,
      0.200946,
      -0.115881,
      0.21602,
      0.029357,
      0.13435,
      0.134945,
      -0.108392,
      -0.167881,
      0.114248,
      0.200256,
      -0.184534,
      -0.001989,
      0.283296,
      -0.009522,
      0.118015,
      -0.059962,
      -0.120477,
      0.013592,
      0.224131,
      -0.085378,
      0.073258,
      -0.001265,
      -0.020753,
      0.216666,
      0.019126,
      0.19208,
      -0.142608,
      -0.111564,
      0.128895,
      -0.006462,
      -0.141733,
      -0.06897,
      0.062308,
      -0.089689,
      -0.019398,
      0.01668,
      0.189294,
      -0.015074,
      -0.265464,
      -0.248215,
      0.012662,
      -0.086121,
      -0.033091,
      -0.105066,
      0.202872,
      -0.051244,
      0.066614,
      -0.145252,
      -0.003295,
      0.026116,
      0.110695,
      -0.049853,
      -0.221496,
      -0.113676,
      -0.068301,
      0.058648,
      0.076703,
      0.067163,
      0.003727,
      -0.122421,
      -0.135382,
      0.01218,
      -0.081468,
      -0.046954,
      -0.000228,
      -0.098464,
      -0.046753,
      -0.148346,
      0.009628,
      -0.050076,
      -0.071597,
      -0.105738,
      0.160644,
      -0.070011,
      -0.14882,
      0.028785,
      -0.123615,
      -0.187761,
      0.070905,
      0.166915,
      -0.092503,
      -0.218142,
      0.157536,
      0.038891,
      0.035816,
      -0.173114,
      -0.045029,
      0.179912,
      0.199937,
      0.15968,
      0.106687,
      -0.016761,
      0.123736,
      0.057836,
      -0.096452,
      -0.029993,
      0.10064,
      -0.056636,
      0.049183,
      -0.14183,
      0.186278,
      -0.074143,
      -0.128532,
      -0.010449,
      0.15326,
      -0.086614,
      0.128357,
      0.040918,
      -0.051559,
      -0.10257,
      0.066781,
      0.175377,
      -0.031745,
      -0.106863,
      0.153326,
      0.125682,
      -0.054513,
      -0.148183,
      0.082396,
      0.133587,
      0.155434,
      0.195991,
      0.095251,
      -0.100308,
      -0.101314,
      0.035848,
      -0.066707,
      -0.033266,
      -0.042844,
      -0.193817,
      -0.007666,
      -0.156606,
      0.075837,
      -0.156364,
      -0.130088,
      -0.059558,
      0.020053,
      -0.08563,
      0.008949,
      0.118826,
      -0.058385,
      -0.16531,
      -0.044323,
      0.170