# Chunk number: 22 of 37

,
      -0.02801,
      -0.037684,
      -0.003803,
      0.028416,
      0.052754,
      -0.051078,
      0.075208,
      0.040256,
      0.038447,
      0.057779,
      0.059614,
      -0.067615,
      -0.033231,
      0.028577,
      -0.021188,
      -0.108598,
      0.035588,
      0.09937,
      0.07006,
      -0.095717,
      -0.068748,
      0.01255,
      0.064719,
      0.042902,
      -0.003533,
      -0.032967,
      -0.071806,
      -0.086669,
      0.103668,
      0.020029,
      -0.085486,
      0.054726,
      0.040387,
      0.085199,
      0.153893,
      -0.146365,
      -0.133685,
      0.085834,
      -0.006842,
      0.057782,
      0.01668,
      -0.054714,
      -0.053926,
      -0.020167,
      -0.009706,
      -0.059169,
      0.048722,
      0.124602,
      0.165826,
      0.139402,
      -0.049435,
      0.05958,
      -0.004119,
      0.011155,
      0.068984,
      -0.003179,
      0.018867,
      0.006649,
      -0.025741,
      0.017044,
      -0.005175,
      0.061859,
      0.116216,
      0.125836,
      0.104136,
      -0.060108,
      -0.113644,
      0.008316,
      0.134172,
      0.001641,
      0.015087,
      0.016535,
      -0.121378,
      -0.04222,
      0.078097,
      0.058502,
      -0.043898,
      -0.127581,
      -0.06021,
      0.049561,
      0.005349,
      -0.013697,
      0.016947,
      -0.148219,
      0.045097,
      -0.031483,
      0.116946,
      0.147538,
      -0.017271,
      -0.03965,
      -0.002234,
      0.055257,
      -0.064859,
      -0.002668,
      0.050056,
      0.087743,
      -0.034419,
      0.03618,
      0.019621,
      -0.028511,
      -0.013391,
      0.071569,
      -0.072727,
      -0.13125,
      0.048957,
      0.051977,
      -0.100325,
      -0.075637,
      -0.137881,
      -0.064923,
      0.09471,
      0.066948,
      -0.012742,
      -0.038107,
      0.031592,
      -0.046911,
      -0.07126,
      -0.018679,
      -0.049676,
      0.064897,
      -0.058328,
      0.021332,
      0.041491,
      0.040465,
      -0.073143,
      0.099452,
      -0.040388,
      -0.067766,
      0.047524,
      -0.115476,
      -0.014445,
      -0.042771,
      -0.017879,
      -0.083998,
      0.037423,
      -0.052567,
      0.046556,
      -0.006184,
      0.056104,
      -0.021784,
      0.069183,
      -0.142758,
      0.022706,
      0.037461,
      -0.02991,
      -0.109916,
      0.085027,
      -0.103666,
      -0.050293,
      0.085065,
      -0.067969,
      0.114256,
      -0.029891,
      -0.030571,
      0.119322,
      0.114439,
      0.044031,
      0.05157,
      0.030543,
      -0.041683,
      -0.143596,
      0.032066,
      -0.050948,
      -0.068553,
      -0.117943,
      0.006259,
      0.092642,
      0.036665,
      -0.054999,
      -0.031836,
      -0.092533,
      -0.054814,
      -0.027594,
      -0.021119,
      -0.035228,
      -0.028354,
      0.040234,
      0.021192,
      0.100497,
      -0.070667,
      0.074664,
      0.016175,
      -0.114342,
      -0.053481,
      -0.026015,
      0.055929,
      0.16196,
      0.06153,
      0.142313,
      -0.065047,
      -0.066734,
      -0.070838,
      0.053747,
      0.060004,
      -0.021342,
      -0.084491,
      0.031997,
      -0.085164,
      0.132815,
      0.023902,
      0.031718,
      0.000456,
      -0.0099,
      0.027834,
      0.028814,
      -0.089319,
      0.035202,
      0.028136,
      -0.14661,
      0.016152,
      -0.062238,
      0.099741,
      0.069482,
      0.111856,
      -0.066084,
      0.088398,
      -0.050758,
      0.104731,
      0.017729,
      0.080968,
      0.041055,
      -0.039498,
      -0.016425,
      0.060791,
      -0.090681,
      -0.052594,
      0.099724,
      -0.008655,
      -0.0317,
      -0.063319,
      0.057252,
      -0.075861,
      -0.056013,
      -0.098206,
      -0.011741,
      -0.018099,
      -0.1379,
      0.069901,
      0.067588,
      0.017227,
      -0.04822,
      0.024671,
      0.063182,
      -0.125702,
      0.053731,
      0.131477,
      0.136899,
      0.092201,
      0.075056,
      0.041325,
      -0.019346,
      0.085654,
      -0.011231,
      -0.062095,
      0.016151,
      -0.084846,
      0.008384,
      -0.037009,
      0.030314,
      -0.030329,
      0.018425,
      0.03684,
      0.057965,
      0.001716,
      0.077899,
      -0.031363,
      0.08832,
      0.087304,
      -0.145153,
      -0.103916,
      -0.101906,
      0.009448,
      -0.070708,
      0.09807,
      -0.064893,
      -0.147909,
      0.135329,
      -0.070947,
      -0.037432,
      0.073708,
      0.010635,
      0.015824,
      0.069843,
      0.064583,
      -0.031264,
      -0.007679,
      -0.148085,
      -0.092246,
      -0.09237,
      0.128693,
      0.029975,
      -0.079167,
      -0.122012,
      -0.072649,
      0.001517,
      -0.013648,
      -0.066477,
      0.031824,
      -0.077931,
      -0.026617,
      -0.071335,
      -0.099511,
      0.075418,
      -0.063418,
      -0.080213,
      -0.01369,
      0.029764,
      -0.024028,
      0.059725,
      -0.042068,
      -0.137884,
      -0.058139,
      -0.040553,
      0.001005,
      0.04563,
      -0.077415,
      0.133844,
      -0.153335,
      0.04914,
      0.098069,
      -0.075112,
      -0.042959,
      0.00277,
      -0.041252,
      0.054414,
      0.045655,
      -0.036091,
      -0.042345,
      -0.061766,
      -0.1087,
      -0.00158,
      0.000425,
      0.026379,
      -0.007817,
      0.014225,
      0.111222,
      -0.113615,
      -0.043286,
      0.035032,
      0.00915,
      -0.123581,
      0.038924,
      -0.00148,
      -0.029986,
      -0.084657,
      -0.02339,
      0.009418,
      0.147303,
      -0.021595,
      0.028698,
      -0.101129,
      0.019977,
      0.045595,
      -0.043183,
      0.003009,
      -0.000337,
      -0.058809,
      0.006442,
      0.02675,
      -0.039123,
      0.111007,
      -0.069527,
      -0.081862,
      -0.062816,
      -0.027819,
      0.023161,
      -0.046747,
      -0.035708,
      -0.056198,
      -0.027389,
      0.115581,
      -0.15946,
      0.074554,
      0.029654,
      0.113885,
      -0.052949,
      0.007645,
      -0.109923,
      0.148158,
      -0.018216,
      0.0858,
      -0.04855,
      -0.142712,
      -0.062129,
      0.01711,
      -0.057119,
      -0.029335,
      -0.007364,
      -0.01616,
      0.024522,
      -0.085086,
      -0.131707,
      -0.082418,
      -0.037102,
      -0.015094,
      -0.128995,
      0.092289,
      -0.009381,
      0.030314,
      -0.036659,
      0.036311,
      -0.096371,
      0.093963,
      0.040371,
      0.115147,
      0.117335,
      -0.057746,
      -0.153225,
      0.056483,
      0.025102,
      0.013358,
      -0.107956,
      -0.102648,
      -0.003742,
      0.072775,
      -0.054198,
      -0.074972,
      0.07011,
      -0.042808,
      -0.026559,
      0.113402,
      0.050452,
      0.030657,
      -0.112568,
      0.032357,
      -0.160589,
      0.09678,
      0.01005,
      -0.077205,
      0.059199,
      -0.021746,
      0.010029,
      -0.02369,
      -0.003065,
      0.039014,
      0.131766,
      0.083453,
      0.030969,
      0.069826,
      0.129648,
      -0.042142,
      -0.025531,
      0.079293,
      -0.074733,
      0.038484,
      0.001306,
      0.050749,
      0.072698,
      -0.018886,
      -0.054173,
      0.06198,
      0.003363,
      -0.136768,
      0.040539,
      0.067832,
      0.082129,
      -0.044667,
      0.053688,
      0.105416,
      -0.045275,
      0.030626,
      -0.00965,
      -0.005983,
      0.046879,
      -0.041523,
      -0.009542,
      -0.040436,
      -0.060046,
      -0.085176,
      -0.142426,
      -0.055825,
      0.051757,
      -0.048826,
      -0.058236,
      -0.036028,
      0.006423,
      0.10076,
      -0.103099,
      0.038469,
      0.105228,
      -0.038104,
      -0.005305,
      0.004347,
      -0.011153,
      0.140285,
      -0.073495,
      -0.048421,
      0.125705,
      -0.154616,
      -0.014965,
      0.091589,
      -0.058892,
      0.023643,
      -0.072959,
      -0.031757,
      0.096822,
      0.029787,
      0.041803,
      0.058533,
      -0.085024,
      -0.024379,
      -0.020555,
      -0.014854,
      0.098672,
      -0.030039,
      -0.075851,
      0.157134,
      0.015608,
      -0.004019,
      0.030157,
      0.095557,
      -0.082699,
      -0.019849,
      -0.084796,
      0.050147,
      0.082943,
      0.114701,
      -0.032129,
      0.05544,
      -0.099354,
      -0.034805,
      0.015648,
      0.023329,
      0.010306,
      -0.017944,
      0.106338,
      0.095503,
      0.069347,
      0.037826,
      -0.038846,
      0.042936,
      -0.079476,
      -0.010073,
      0.050003,
      0.10237,
      -0.056092,
      0.012748,
      0.144334,
      -0.048514,
      0.122651,
      0.08821,
      0.055391,
      -0.025788,
      -0.082223,
      -0.012706,
      0.062589,
      -0.040245,
      -0.060963,
      -0.142291,
      -0.144814,
      0.140997,
      -0.139589,
      0.131986,
      -0.128462,
      0.047209,
      -0.041831,
      -0.017948,
      0.083731,
      0.016284,
      0.047893,
      0.085929,
      -0.038628,
      0.036373,
      0.06522,
      -0.072107,
      -0.02435,
      0.00745,
      -0.039929,
      -0.019686,
      -0.069924,
      -0.064167,
      -0.053396,
      0.054429,
      -0.003724,
      -0.019352,
      -0.04547,
      -0.039376,
      -0.053584,
      -0.064804,
      0.031525,
      0.053044,
      -0.027142,
      0.000738,
      0.111711,
      -0.100988,
      -0.085076,
      0.149605,
      -0.028516,
      0.157104,
      0.070443,
      -0.073183,
      -0.09382,
      0.023251,
      -0.072083,
      -0.032217,
      0.057979,
      -0.021879,
      0.132993,
      -0.016831,
      0.049037,
      0.085157,
      0.076566,
      0.10845,
      0.056891,
      0.09232,
      -0.042963,
      -0.066509,
      -0.013293,
      -0.007673,
      -0.050149,
      -0.023997,
      0.03158,
      -0.090972,
      -0.02625,
      -0.017392,
      -0.132298,
      0.008676,
      0.03105,
      -0.020971,
      0.094297,
      -0.075927,
      0.029035,
      0.046014,
      0.137269,
      0.006428,
      -0.071955,
      -0.031505,
      -0.032995,
      0.008501,
      0.020511,
      -0.013112,
      0.061709,
      -0.098701,
      -0.081562,
      -0.129226,
      -0.036788,
      -0.008897,
      -0.059089,
      -0.05846,
      0.109104,
      0.09981,
      -0.053525,
      -0.100092,
      -0.046973,
      -0.007636,
      -0.127089,
      -0.133152,
      0.001497,
      0.101435,
      0.103182,
      0.012833,
      0.020154,
      -0.010404,
      -0.077121,
      0.113819,
      -0.03054,
      -0.08696,
      0.142593,
      -0.040114,
      -0.098226,
      0.049226,
      -0.141219,
      -0.00902,
      0.067665,
      0.01075,
      0.067297,
      -0.042775,
      0.056253,
      0.024956,
      0.01011,
      0.081906,
      -0.061371,
      -0.065328,
      0.051222,
      0.102441,
      -0.078639,
      0.013276,
      0.094173,
      -0.105468,
      0.051564,
      -0.088401,
      0.045555,
      -0.041528,
      -0.128544,
      -0.06839,
      -0.159261,
      -0.025572,
      -0.036735,
      0.066259,
      -0.062086,
      -0.027114,
      0.015948,
      0.073345,
      0.001492,
      0.055609,
      -0.148611,
      -0.003311,
      -0.035443,
      0.006972,
      -0.012669,
      -0.008541,
      0.042299,
      0.022455,
      -0.116586,
      0.066452,
      -0.049547,
      0.111273,
      0.125136,
      0.10567,
      -0.050548,
      -0.118042,
      0.001323,
      0.035476,
      -0.101251,
      0.046244,
      -0.010301,
      0.107804,
      0.146542,
      -0.077058,
      0.039615,
      0.063638,
      0.080284,
      -0.123827,
      0.010095,
      0.155691,
      0.148135,
      -0.050313,
      0.010957,
      -0.064061,
      0.105867,
      0.120457,
      -0.081342,
      -0.044597,
      -0.017721,
      -0.087259,
      -0.005872,
      -0.04861,
      -0.008477,
      0.023922,
      -0.122389,
      0.016931,
      -0.026429,
      0.089137,
      0.057,
      0.137992,
      -0.016465,
      0.041454,
      -0.079753,
      0.008999,
      -0.081053,
      -0.064863,
      -0.144446,
      -0.060145,
      0.023848,
      -0.119517,
      0.074788,
      -0.010017,
      0.037116,
      0.074607,
      0.147327,
      -0.08311,
      -0.047264,
      0.09002,
      0.03949,
      0.036485,
      -0.012664,
      -0.052246,
      0.077538,
      0.045655,
      0.118188,
      -0.03198,
      -0.106767,
      -0.001538,
      0.005741,
      -0.019174,
      -0.159165,
      -0.027235,
      0.066656,
      -0.030506,
      -0.046559,
      0.014134,
      0.094808,
      0.009954,
      0.018197,
      -0.12387,
      -0.045289,
      0.04096,
      -0.094447,
      -0.013982,
      0.062337,
      -0.06448,
      -0.033363,
      -0.059337,
      0.088577,
      0.013547,
      0.115055,
      -0.097437,
      0.05028,
      0.094961,
      -0.025085,
      0.011248,
      0.074995,
      0.03945,
      -0.097387,
      0.093966,
      0.11682,
      0.140775,
      -0.074382,
      0.045608,
      0.154691,
      0.04418,
      -0.018816,
      -0.052961,
      -0.025242,
      -0.005131,
      -0.057211,
      0.053366,
      0.081535,
      0.094787,
      -0.08581,
      -0.084908,
      -0.025021,
      -0.048373,
      -0.058649,
      -0.057662,
      0.046361,
      -0.03041,
      0.055433,
      0.063397,
      -0.017221,
      -0.003788,
      -0.087334,
      -0.067694,
      0.071434,
      -0.068976,
      -0.092403,
      0.090826,
      0.134251,
      -0.07689,
      -0.105491,
      0.043917,
      0.033991,
      0.011408,
      0.016852,
      -0.022404,
      -0.06961,
      0.097182,
      0.032386,
      0.068965,
      0.074493,
      -0.01184,
      -0.070949,
      0.074294,
      0.009872,
      0.095706,
      0.037618,
      0.105769,
      -0.058453,
      -0.006815,
      0.078471,
      0.085334,
      -0.060334,
      0.047152,
      0.016527,
      -0.135088,
      0.007314,
      0.021134,
      -0.054461,
      0.132149,
      0.114359,
      -0.101775,
      0.035673,
      0.072096,
      0.122346,
      -0.069418,
      0.031282,
      -0.128878,
      0.009247,
      -0.047115,
      0.040057,
      -0.108975,
      0.06161,
      0.055112,
      0.016121,
      0.072482,
      -0.116514,
      0.025408,
      0.116804,
      0.017268,
      -0.051797,
      -0.057752,
      -0.074141,
      -0.158133,
      0.000144,
      0.079316,
      -0.084839,
      0.073115,
      0.089645,
      0.026871,
      -0.123489,
      -0.041226,
      -0.028318,
      0.055896,
      -0.069904,
      0.014302,
      0.10383,
      -0.00259,
      -0.017686,
      0.036292,
      0.011776,
      0.060881,
      0.027193,
      0.094243,
      0.019159,
      -0.123441,
      0.043279,
      0.01012,
      0.106999,
      0.069591,
      -0.124705,
      -0.057767,
      -0.155211,
      -0.001836,
      -0.015332,
      0.07335,
      0.046303,
      0.074408,
      -0.034162,
      -0.012839,
      0.111991,
      0.041529,
      0.092509,
      0.019983,
      -0.033947,
      0.057085,
      -0.015023,
      0.066368,
      0.073858,
      0.086547,
      0.032171,
      -0.044848,
      0.056004,
      -0.036753,
      -0.000654,
      0.044891,
      -0.073984,
      -0.016871,
      -0.036869,
      -0.062049,
      -0.059309,
      0.0845,
      0.139462,
      0.109276,
      0.067507,
      0.115843,
      -0.108959,
      0.064113,
      0.000869,
      0.025372,
      0.065295,
      -0.109793,
      -0.092386,
      -0.146528,
      0.095845,
      -0.024738,
      -0.105058,
      0.065826,
      0.086636,
      0.002495,
      0.142193,
      -0.081653,
      0.054166,
      0.02202,
      -0.040751,
      0.022677,
      0.056127,
      -0.04178,
      0.164696,
      -0.00811,
      -0.098833,
      0.053225,
      0.027224,
      -0.042677,
      -0.125277,
      -0.099412,
      0.070983,
      -0.02533,
      -0.004485,
      0.063338,
      0.049808,
      -0.05974,
      -0.135994,
      -0.070499,
      0.057553,
      -0.088101,
      0.146702,
      -0.103172,
      0.001408,
      0.050275,
      0.084089,
      0.03106,
      0.083909,
      0.070222,
      -0.092221,
      0.089948,
      -0.124847,
      0.09608,
      -0.103792,
      -0.10636,
      0.001254,
      -0.059618,
      -0.062687,
      0.0368,
      0.009977,
      -0.02818,
      -0.00775,
      0.030541,
      -0.123818,
      0.079497,
      -0.131537,
      0.03728,
      0.055336,
      0.074328,
      -0.018686,
      -0.080051,
      0.016108,
      0.112623,
      -0.143723,
      -0.140334,
      0.005739,
      0.066116,
      -0.016225,
      0.093778,
      -0.040624,
      -0.002727,
      0.087652,
      0.019677,
      0.061623,
      0.110192,
      0.021629,
      -0.097652,
      0.141793,
      -0.067459,
      -0.056747,
      -0.093518,
      -0.048965,
      0.108695,
      -0.071005,
      0.059901,
      -0.14966,
      -0.006352,
      -0.0873,
      0.116365,
      0.011845,
      -0.02331,
      0.030952,
      -0.009468,
      0.008487,
      -0.07698,
      -0.07871,
      -0.026558,
      0.050072,
      0.033011,
      -0.158222,
      0.081081,
      0.068486,
      -0.092349,
      -0.008578,
      0.058364,
      -0.02968,
      -0.055702,
      -0.067484,
      0.07774,
      0.001634,
      0.150591,
      0.141154,
      -0.041495,
      0.100976,
      -0.018062,
      -0.073455,
      -0.060601,
      -0.088559,
      -0.089121,
      0.065607,
      0.089314,
      -0.070091,
      0.083128,
      -0.030052,
      -0.040915,
      0.032743,
      -0.062891,
      0.028915,
      -0.005735,
      0.042655,
      0.131353,
      -0.071311,
      -0.147595,
      -0.130261,
      -0.046268,
      -0.119474,
      0.1315,
      0.036182,
      -0.080546,
      -0.143354,
      0.06187,
      0.094562,
      -0.093362,
      0.02239,
      -0.02601,
      -0.13075,
      0.122966,
      0.048675,
      0.032418,
      -0.06424,
      -0.118335,
      0.008459,
      -0.078388,
      0.163613,
      -0.042672,
      0.051083,
      -0.094812,
      0.100396,
      -0.152765,
      -0.130511,
      0.024127,
      0.088072,
      0.07149,
      0.045542,
      0.007148,
      0.11019,
      0.018924,
      0.078393,
      0.08391,
      -0.118329,
      0.136428,
      -0.064756,
      0.097389,
      0.108799,
      0.107992,
      -0.042269,
      0.08108,
      -0.009898,
      0.013062,
      0.03059,
      0.121942,
      0.071849,
      0.039847,
      -0.101927,
      -0.100743,
      0.145114,
      0.09492,
      0.026636,
      0.048033,
      -0.083721,
      0.036996,
      -0.023317,
      -0.070262,
      -0.099475,
      -0.001704,
      -0.088507,
      -0.026331,
      -0.12453,
      -0.043504,
      0.057142,
      0.055867,
      -0.025384,
      0.023156,
      -0.12777,
      -0.074682,
      -0.011569,
      0.07935,
      -0.130689,
      -0.006722,
      0.006319,
      -0.044984,
      -0.009877,
      -0.021284,
      0.111446,
      0.020141,
      0.023819,
      0.116782,
      0.068728,
      0.048942,
      0.013565,
      -0.006577,
      0.028057,
      -0.006669,
      -0.061206,
      -0.063066,
      -0.004255,
      0.019,
      0.092672,
      0.093591,
      -0.032306,
      0.003389,
      0.003786,
      0.131271,
      -0.000175,
      -0.141025,
      -0.037871,
      0.061694,
      -0.109706,
      -0.076404,
      -0.0172,
      0.046825,
      -0.055552,
      0.111702,
      0.100636,
      0.06805,
      -0.080813,
      0.11511,
      0.059887,
      0.039267,
      -0.025066,
      -0.088266,
      -0.034733,
      0.102287,
      0.11464,
      0.066303,
      0.064112,
      -0.01626,
      -0.025978,
      -0.08195,
      0.023553,
      -0.053043,
      0.060498,
      0.13383,
      0.060505,
      -0.006911,
      0.112082,
      0.018757,
      -0.094089,
      0.045894,
      0.065836,
      0.157608,
      0.127022,
      -0.042663,
      -0.083723,
      0.117051,
      -0.013648,
      0.100656,
      0.013609,
      0.086341,
      0.10121,
      0.025113,
      0.083205,
      0.016338,
      -0.078672,
      0.007361,
      0.059346,
      0.092051,
      0.044103,
      0.084749,
      0.055607,
      0.036487,
      0.074627,
      0.018477,
      0.040616,
      -0.055421,
      -0.025808,
      0.044052,
      -0.073223,
      0.069509,
      0.103198,
      -0.002698,
      -0.02655,
      0.039352,
      0.097342,
      -0.084102,
      -0.054962,
      0.004481,
      -0.077636,
      -0.063292,
      0.011622,
      0.048856,
      0.016136,
      -0.024507,
      -0.052001,
      0.139412,
      -0.010795,
      0.04434,
      -0.015137,
      0.037194,
      0.044814,
      0.112353,
      -0.074161,
      -0.153489,
      0.146732,
      -0.008973,
      -0.046936,
      0.074172,
      0.145104,
      -0.005744,
      -0.067517,
      -0.002275,
      -0.155223,
      -0.100951,
      0.099264,
      0.050005,
      -0.049492,
      -0.06123,
      0.041152,
      0.093194,
      0.018169,
      -0.051459,
      -0.048796,
      -0.06764,
      -0.006125,
      -0.032838,
      0.094009,
      0.026372,
      -0.012749,
      0.061647,
      0.156731,
      -0.002925,
      -0.044839,
      0.006811,
      -0.051623,
      0.034155,
      0.02398,
      -0.103707,
      0.082998,
      0.048524,
      0.051604,
      0.050119,
      -0.050101,
      0.081242,
      -0.079658,
      -0.005832,
      -0.056695,
      -0.016227,
      -0.043549,
      -0.049503,
      0.026012,
      -0.017594,
      0.005453,
      0.025382,
      0.054159,
      0.053643,
      0.124156,
      0.003707,
      0.088537,
      -0.131461,
      -0.070216,
      -0.018973,
      -0.016618,
      0.009914,
      -0.056332,
      -0.084224,
      0.111524,
      0.149446,
      0.127925,
      0.109319,
      -0.10157,
      0.01184,
      0.093364,
      -0.009398,
      0.00723,
      0.004711,
      -0.051763,
      -0.073506,
      0.052682,
      -0.043183,
      -0.022399,
      -0.027602,
      0.04944,
      -0.088118,
      -0.056845,
      0.060122,
      0.153728,
      0.007276,
      0.039422,
      -0.16092,
      0.150176,
      0.069179,
      -0.00077,
      0.098882,
      -0.047006,
      -0.020924,
      -0.132436,
      -0.032461,
      -0.026288,
      -0.064252,
      -0.083046,
      -0.021498,
      0.070045,
      0.037033,
      -0.087114,
      -0.046044,
      -0.037392,
      -0.078712,
      0.012606,
      0.059698,
      -0.16104,
      0.12786,
      -0.083842,
      0.090331,
      -0.080757,
      -0.041163,
      -0.054223,
      0.070174,
      -0.025344,
      0.042291,
      0.01132,
      -0.046378,
      -0.124599,
      0.067047,
      -0.018626,
      -0.005773,
      0.073508,
      0.05294,
      0.00168,
      -0.099422,
      0.03406,
      0.140145,
      0.016858,
      -0.043911,
      0.14889,
      0.113596,
      -0.097196,
      -0.003313,
      0.005729,
      0.099832,
      -0.063903,
      -0.057691,
      -0.033822,
      0.042082,
      -0.160056,
      0.044404,
      -0.055252,
      -0.033023,
      0.000241,
      -0.064744,
      0.139166,
      0.003462,
      -0.012601,
      -0.004474,
      0.037315,
      0.126426,
      0.040217,
      0.049722,
      -0.009427,
      0.009339,
      -0.063341,
      -0.004607,
      -0.106162,
      0.071799,
      -0.001923,
      0.133008,
      0.126389,
      0.088988,
      -0.001333,
      -0.07197,
      0.028427,
      -0.055057,
      -0.07827,
      -0.087229,
      -0.118714,
      -0.00901,
      -0.062743,
      0.016191,
      0.098871,
      0.000719,
      0.029253,
      -0.107301,
      -0.001586,
      0.026966,
      0.106124,
      -0.001282,
      0.063353,
      -0.064101,
      0.020889,
      -0.085361,
      -0.06495,
      -0.023868,
      -0.042284,
      -0.02318,
      -0.098408,
      -0.04489,
      -0.019108,
      0.102366,
      -0.102656,
      -0.015403,
      -0.021962,
      0.036114,
      0.08169,
      0.150635,
      0.017795,
      0.051017,
      0.017018,
      0.031883,
      -0.0547,
      0.015294,
      -0.015204,
      -0.024037,
      0.14442,
      -0.145244,
      -0.038642,
      -0.071703,
      -0.163328,
      0.04076,
      0.003585,
      -0.043222,
      0.08013,
      -0.000279,
      0.083543,
      0.014365,
      -0.021786,
      0.146038,
      -0.040782,
      0.08405,
      -0.004838,
      -0.050536,
      -0.028482,
      0.004874,
      0.056372,
      -0.06255,
      -0.112752,
      -0.026661,
      0.060567,
      -0.018312,
      -0.023527,
      0.072998,
      -0.023695,
      0.065788,
      -0.03372,
      -0.036767,
      0.041493,
      0.064969,
      -0.133172,
      0.092523,
      0.033934,
      -0.118751,
      -0.079963,
      0.044588,
      -0.119959,
      0.046104,
      -0.04855,
      -0.132021,
      0.060816,
      -0.053777,
      -0.019707,
      -0.072762,
      0.137615,
      0.095053,
      0.020829,
      -0.064641,
      -0.107466,
      0.069938,
      0.062069,
      0.034202,
      0.02499,
      -0.12565,
      -0.041216,
      0.14985,
      0.075283,
      0.127483,
      0.047722,
      -0.030615,
      0.08471,
      0.112328,
      0.028616,
      -0.01357,
      -0.004762,
      -0.132941,
      -0.005143,
      -0.096488,
      -0.143085,
      0.03132,
      0.073072,
      -0.035083,
      0.049687,
      -0.104131,
      -0.007369,
      -0.002922,
      -0.035519,
      0.06554,
      -0.094725,
      0.007101,
      0.141252,
      -0.103398,
      0.021768,
      0.037074,
      0.021141,
      0.118055,
      0.044394,
      -0.047148,
      0.11471,
      -0.037776,
      -0.10441,
      -0.052283,
      0.026161,
      0.083079,
      -0.139758,
      -0.068383,
      0.119699,
      0.147501,
      0.115437,
      0.112822,
      0.055449,
      0.139342,
      -0.100727,
      -0.124453,
      0.076907,
      -0.113923,
      -0.039366,
      -0.142743,
      -0.039219,
      -0.007999,
      -0.022135,
      -0.078478,
      0.055592,
      -0.020726,
      0.019857,
      0.051648,
      -0.002709,
      -0.044467,
      -0.014725,
      0.115966,
      -0.049249,
      -0.155596,
      -0.098812,
      -0.052518,
      0.002088,
      -0.106994,
      -0.121705,
      -0.075805,
      -0.148191,
      -0.041139,
      0.01674,
      0.070628,
      -0.042304,
      -0.031449,
      0.026733,
      0.023055,
      -0.063192,
      0.085407,
      0.120365,
      -0.024599,
      0.02893,
      0.05555,
      -0.075281,
      0.059149,
      -0.065216,
      -0.013046,
      -0.148114,
      0.033934,
      0.142196,
      0.073741,
      -0.092377,
      -0.070149,
      -0.03073,
      -0.003634,
      -0.059104,
      0.070996,
      -0.054245,
      -0.121547,
      0.079677,
      0.007814,
      -0.082257,
      0.073293,
      0.011801,
      -0.070803,
      0.051267,
      0.136464,
      0.002785,
      0.064806,
      0.141592,
      -0.054087,
      0.119935,
      0.051378,
      -0.079302,
      0.041103,
      -0.130711,
      0.07628,
      -0.052113,
      0.069625,
      0.146008,
      -0.03653,
      -0.090382,
      0.150237,
      -0.022934,
      -0.025998,
      0.006932,
      -0.044235,
      0.01391,
      -0.025546,
      -0.051088,
      0.14918,
      -0.060557,
      0.040092,
      -0.020923,
      -0.120566,
      -0.124216,
      -0.038383,
      -0.153834,
      0.019479,
      -0.156247,
      -0.062056,
      -0.005304,
      0.065741,
      -0.02574,
      -0.144717,
      -0.03344,
      0.113721,
      0.049007,
      -0.121923,
      0.136935,
      0.056865,
      -0.077501,
      0.049056,
      0.023325,
      -0.027252,
      0.069645,
      -0.089553,
      -0.046826,
      0.015225,
      -0.041276,
      -0.066585,
      0.028769,
      -0.065189,
      -0.032911,
      -0.09067,
      -0.048586,
      0.029496,
      0.049729,
      -0.106268,
      -0.000988,
      -0.024241,
      -0.070894,
      0.030816,
      -0.023341,
      0.093029,
      0.079122,
      -0.076022,
      0.044933,
      0.013498,
      0.070785,
      -0.068987,
      0.102859,
      -0.010541,
      -0.103,
      -0.155648,
      -0.08357,
      0.10739,
      0.12894,
      0.155728,
      0.017867,
      0.001337,
      -0.126693,
      -0.041313,
      0.10848,
      -0.067773,
      -0.078066,
      0.046781,
      0.088317,
      0.144432,
      -0.008681,
      -0.037298,
      -0.114699,
      -0.066588,
      0.093377,
      0.043784,
      -0.002108,
      0.003122,
      -0.084194,
      0.011027,
      0.109843,
      0.012973,
      -0.044026,
      0.008818,
      0.057625,
      0.050277,
      0.012223,
      -0.048334,
      0.066904,
      0.05862,
      0.02363,
      -0.046815,
      0.017295,
      -0.055928,
      -0.052854,
      0.142963,
      -0.066871,
      -0.0892,
      -0.097863,
      0.07586,
      0.013753,
      0.06705,
      -0.068976,
      0.118907,
      0.060011,
      -0.084668,
      -0.157026,
      -0.067223,
      -0.068088,
      -0.002762,
      -0.133972,
      0.022665,
      0.087861,
      0.051263,
      -0.008136,
      -0.070139,
      -0.137571,
      0.069791,
      -0.096427,
      0.130352,
      0.098495,
      -0.079854,
      -0.027167,
      0.093638,
      0.064981,
      0.160562,
      0.034822,
      -0.085572,
      0.124052,
      0.019272,
      -0.053021,
      0.160774,
      -0.079768,
      -0.114992,
      0.034848,
      -0.101967,
      0.056782,
      0.00028,
      0.014833,
      0.100875,
      0.122583,
      -0.1226,
      0.023291,
      -0.003878,
      -0.071095,
      0.024251,
      0.08066,
      0.060679,
      -0.028539,
      -0.023448,
      0.060953,
      0.089266,
      -0.000762,
      -0.02546,
      0.025857,
      0.141982,
      0.050969,
      -0.045422,
      0.048604,
      0.04859,
      0.114874,
      -0.131103,
      -0.04555,
      -0.044979,
      -0.039483,
      0.053992,
      -0.068058,
      0.011178,
      -0.130353,
      -0.082591,
      0.083013,
      -0.098171,
      -0.029716,
      0.109599,
      -0.082911,
      0.126344,
      -0.057907,
      0.082991,
      -0.029227,
      0.095512,
      -0.11769,
      -0.056058,
      0.059034,
      0.058485,
      -0.040622,
      0.063947,
      -0.05547,
      0.005242,
      -0.084735,
      -0.111254,
      0.129913,
      0.050723,
      -0.019725,
      -0.015538,
      -0.054219,
      0.045967,
      -0.159828,
      0.018681,
      0.123906,
      -0.086764,
      0.022242,
      -0.022487,
      0.056953,
      0.075233,
      0.162625,
      0.126094,
      0.077249,
      0.090202,
      0.109099,
      -0.017386,
      0.017389,
      -0.049532,
      0.013614,
      -0.060072,
      -0.086187,
      -0.063949,
      0.013434,
      0.036368,
      0.070429,
      -0.063764,
      -0.014891,
      -0.006121,
      0.033114,
      -0.064247,
      0.040151,
      0.044581,
      -0.141127,
      -0.040205,
      -0.036479,
      0.116075,
      -0.144598,
      -0.080591,
      0.050841,
      0.104978,
      0.058816,
      0.015471,
      0.074657,
      -0.026278,
      -0.064671,
      -0.005811,
      0.017785,
      0.06063,
      0.014141,
      -0.021011,
      -0.017557,
      -0.076082,
      0.036951,
      -0.044044,
      0.142116,
      0.037645,
      0.005063,
      0.028078,
      0.014494,
      -0.024825,
      -0.09621,
      -0.056861,
      0.156456,
      0.050607,
      -0.113249,
      0.141055,
      -0.124828,
      0.060139,
      0.068605,
      0.040797,
      -0.056026,
      -0.1053,
      0.106154,
      0.111423,
      -0.011416,
      0.165144,
      -0.06114,
      0.029671,
      -0.015604,
      0.031373,
      0.131873,
      -0.011556,
      -0.075616,
      -0.070903,
      -0.017533,
      0.029833,
      0.138329,
      0.073776,
      0.102197,
      -0.052502,
      -0.06336,
      -0.139167,
      0.007799,
      0.036203,
      -0.02177,
      -0.058263,
      0.055916,
      0.055269,
      -0.128293,
      -0.02003,
      0.134996,
      -0.026979,
      -0.059496,
      -0.096852,
      -0.034138,
      0.170167,
      -0.138426,
      -0.063109,
      0.128381,
      -0.130605,
      -0.07086,
      -0.061978,
      0.016464,
      -0.001475,
      -0.080488,
      -0.021002,
      0.107934,
      0.036169,
      -0.072811,
      -0.127318,
      0.043579,
      0.135911,
      -0.012229,
      0.039018,
      0.112372,
      -0.074226,
      0.126383,
      0.10853,
      0.057557,
      -0.023664,
      0.008725,
      -0.116549,
      -0.079289,
      -0.018516,
      -0.076317,
      0.073525,
      -0.088843,
      -0.041878,
      0.098136,
      -0.025648,
      0.045068,
      0.06029,
      -0.100064,
      0.005397,
      0.102771,
      -0.018454,
      -0.149224,
      -0.030735,
      -0.12615,
      0.096163,
      -0.019046,
      0.040041,
      0.071535,
      -0.096519,
      0.06095,
      0.087374,
      -0.110437,
      -0.058022,
      -0.028716,
      0.026806,
      0.014379,
      0.073989,
      -0.027594,
      -0.115988,
      -0.047782,
      -0.033568,
      0.057796,
      -0.124754,
      0.020147,
      0.094267,
      -0.037918,
      -0.007204,
      -0.088312,
      -0.038411,
      -0.017583,
      0.065483,
      0.059116,
      -0.064368,
      0.049202,
      0.092709,
      -0.076182,
      0.012371,
      -0.003195,
      -0.06751,
      -0.102414,
      -0.119259,
      0.006003,
      0.062445,
      0.076741,
      -0.034107,
      -0.043445,
      -0.008896,
      0.073022,
      -0.024916,
      0.069347,
      0.073954,
      0.092485,
      -0.111368,
      0.116925,
      -0.037463,
      0.114312,
      0.084837,
      -0.016175,
      0.046814,
      -0.015711,
      0.02476,
      -0.090629,
      0.011957,
      -0.09519,
      0.122991,
      0.019639,
      -0.079666,
      -0.029184,
      -0.058062,
      0.069784,
      -0.02235,
      0.004895,
      -0.014198,
      0.012688,
      0.057282,
      0.014242,
      0.04366,
      -0.031707,
      -0.100895,
      -0.134368,
      0.003808,
      0.152834,
      -0.011088,
      0.003377,
      0.027997,
      -0.003411,
      -0.01767,
      0.048417,
      -0.066767,
      -0.114798,
      -0.015153,
      -0.081434,
      -0.118269,
      -0.008628,
      0.036197,
      -0.002334,
      0.057091,
      0.02649,
      -0.023481,
      -0.100455,
      -0.004991,
      -0.077242,
      -0.069526,
      0.096412,
      0.151001,
      -0.000732,
      0.005089,
      -0.136826,
      0.149424,
      0.049118,
      0.076011,
      -0.088226,
      0.044938,
      -0.040835,
      -0.026411,
      0.11025,
      0.038988,
      -0.036924,
      -0.003644,
      -0.100842,
      0.041469,
      -0.038097,
      -0.00268,
      -0.001575,
      0.064672,
      0.001456,
      0.083884,
      0.090424,
      -0.078,
      -0.013757,
      0.023222,
      -0.050296,
      -0.070243,
      -0.086586,
      0.023641,
      0.045774,
      -0.01349,
      0.091254,
      0.164133,
      0.101264,
      -0.034778,
      0.016999,
      -0.034592,
      0.069568,
      -0.040816,
      0.122736,
      0.021004,
      0.085449,
      -0.034498,
      -0.156882,
      0.060265,
      0.056278,
      0.111788,
      -0.102445,
      0.096296,
      0.01287,
      0.058551,
      0.023858,
      0.012542,
      -0.04502,
      0.014941,
      -0.102272,
      -0.022472,
      -0.123938,
      -0.041967,
      -0.079614,
      -0.047525,
      0.048747,
      0.02992,
      -0.045516,
      -0.031811,
      -0.001303,
      0.088549,
      0.058238,
      0.043056,
      -0.050856,
      -0.049321,
      -0.068213,
      -0.031825,
      0.058167,
      0.023183,
      -0.010377,
      0.144117,
      0.12245,
      -0.13189,
      0.056497,
      0.123366,
      0.12709,
      0.051519,
      0.075994,
      0.00269,
      0.009718,
      -0.00109,
      -0.115217,
      0.10138,
      -0.023605,
      0.037547,
      0.079519,
      -0.041316,
      0.008913,
      0.017512,
      0.054521,
      0.061155,
      0.058706,
      0.111442,
      -0.014753,
      0.021781,
      -0.052463,
      0.142231,
      -0.038718,
      0.085404,
      0.065806,
      -0.093942,
      -0.100305,
      -0.104989,
      0.115942,
      0.039557,
      -0.029635,
      0.030527,
      0.125727,
      -0.0072,
      -0.073723,
      0.103502,
      -0.085947,
      -0.029902,
      -0.067974,
      -0.036867,
      0.000554,
      -0.076369,
      -0.008227,
      0.078072,
      0.133746,
      0.064577,
      0.084131,
      -0.028703,
      0.092236,
      -0.127045,
      -0.049797,
      0.059286,
      0.0753,
      -0.096368,
      -0.011769,
      0.098928,
      -0.021255,
      -0.058496,
      -0.001807,
      -0.063057,
      -0.137912,
      -0.144483,
      -0.075669,
      -0.059049,
      0.062584,
      -0.108651,
      0.071815,
      -0.056813,
      -0.026921,
      -0.001711,
      0.026756,
      0.037776,
      -0.118226,
      -0.033345,
      -0.015825,
      0.024231,
      0.134583,
      0.051447,
      0.120759,
      0.037259,
      0.019319,
      -0.071667,
      -0.005755,
      -0.016209,
      -0.003103,
      0.109052,
      0.138622,
      -0.111414,
      -0.014194,
      0.064121,
      0.009462,
      -0.17437,
      -0.093412,
      -0.061429,
      0.015295,
      -0.11543,
      0.065863,
      0.001751,
      0.115229,
      0.079008,
      0.046629,
      -0.063403,
      -0.074718,
      -0.066971,
      -0.031276,
      0.083114,
      -0.068222,
      -0.008904,
      0.016367,
      -0.12431,
      -0.047107,
      0.012749,
      -0.097674,
      0.127987,
      0.165394,
      -0.076401,
      -0.1301,
      0.033287,
      -0.024813,
      0.025036,
      -0.035985,
      0.020718,
      0.029294,
      -0.085699,
      0.05023,
      -0.086678,
      0.035617,
      0.084021,
      0.115481,
      0.064774,
      -0.080243,
      -0.020005,
      0.014504,
      0.076383,
      -0.052265,
      0.045226,
      -0.009796,
      -0.148172,
      0.068504,
      0.013063,
      -0.035331,
      0.00655,
      0.020374,
      -0.093763,
      -0.068023,
      0.040335,
      0.114427,
      0.051473,
      0.065631,
      -0.080758,
      -0.058812,
      -0.018205,
      -0.074138,
      0.074337,
      0.082884,
      0.053145,
      0.11142,
      -0.015447,
      -0.029776,
      0.116587,
      -0.092731,
      -0.006041,
      0.120015,
      -0.071932,
      0.015194,
      0.153643,
      -0.053998,
      -0.074708,
      0.004906,
      0.047542,
      -0.092817,
      -0.128345,
      -0.120924,
      0.153585,
      -0.117865,
      -0.032784,
      -0.073215,
      0.011025,
      0.14868,
      0.081245,
      -0.05891,
      -0.042607,
      -0.081732,
      0.021532,
      -0.090343,
      0.123607,
      -0.026272,
      0.064215,
      0.049247,
      0.004872,
      0.104264,
      0.023511,
      -0.044219,
      0.042344,
      -0.084041,
      0.066645,
      0.133611,
      -0.152343,
      -0.055991,
      -0.014664,
      0.073674,
      0.046025,
      0.038365,
      0.142346,
      0.05806,
      -0.037894,
      -0.111244,
      -0.070578,
      -0.031514,
      0.020298,
      0.06798,
      0.000935,
      0.031776,
      -0.016805,
      0.126776,
      -0.043384,
      -0.066411,
      0.077652,
      0.025647,
      0.041873,
      -0.054468,
      -0.12095,
      -0.063468,
      -0.118913,
      -0.025254,
      0.068039,
      0.077692,
      -0.032654,
      0.005658,
      0.054287,
      -0.128072,
      -0.054864,
      0.031789,
      -0.079288,
      -0.088613,
      0.051077,
      -0.167125,
      0.001793,
      0.016647,
      0.155895,
      0.064534,
      -0.116127,
      0.072886,
      0.080931,
      -0.025793,
      0.150497,
      -0.010995,
      0.043067,
      0.03852,
      -0.097031,
      0.004037,
      -0.070865,
      -0.006995,
      -0.054669,
      0.012242,
      -0.055742,
      -0.084745,
      -0.034504,
      -0.131899,
      0.112251,
      -0.10016,
      0.121649,
      0.001713,
      -0.072822,
      0.113653,
      -0.125134,
      -0.130627,
      -0.147226,
      -0.056114,
      -0.017437,
      0.033147,
      0.003689,
      0.031959,
      -0.049255,
      0.026908,
      0.136188,
      0.085017,
      -0.012582,
      -0.028588,
      -0.038044,
      -0.061245,
      -0.153186,
      0.143912,
      0.141536,
      0.008026,
      -0.058698,
      -0.141204,
      -0.144304,
      -0.069969,
      -0.071997,
      0.076343,
      -0.052322,
      0.09702,
      0.017738,
      -0.130527,
      -0.067011,
      -0.028375,
      -0.058585,
      -0.047172,
      -0.094758,
      0.016227,
      -0.046286,
      0.005912,
      0.111667,
      -0.046391,
      0.041022,
      -0.039017,
      -0.103592,
      -0.025681,
      0.078067,
      -0.005126,
      0.092492,
      -0.043852,
      0.092619,
      -0.096169,
      -0.01742,
      0.100122,
      -0.032764,
      0.020402,
      0.0729,
      0.16198,
      0.02666,
      -0.002219,
      -0.115138,
      0.018962,
      -0.034598,
      -0.109154,
      0.023901,
      0.059952,
      0.098658,
      0.059888,
      0.068675,
      0.02571,
      -0.123361,
      -0.004438,
      0.126375,
      -0.073099,
      -0.098198,
      0.050444,
      -0.006541,
      0.041539,
      0.056492,
      -0.010046,
      -0.017254,
      0.050798,
      -0.050551,
      0.027839,
      0.109311,
      -0.034803,
      -0.001802,
      -0.058477,
      -0.005749,
      0.053548,
      0.106624,
      -0.118603,
      -0.091301,
      0.004649,
      -0.014073,
      0.037901,
      0.086082,
      0.038215,
      -0.074971,
      0.010383,
      -0.129967,
      0.053273,
      0.043129,
      -0.094107,
      -0.028252,
      0.119847,
      -0.04305,
      -0.089507,
      0.026127,
      -0.110758,
      -0.09627,
      -0.069585,
      -0.040501,
      0.032643,
      0.080364,
      0.118195,
      0.054894,
      0.090789,
      0.008689,
      0.011869,
      -0.058,
      0.102011,
      0.037293,
      0.033078,
      0.024193,
      0.113351,
      0.030178,
      -0.068125,
      0.049836,
      0.090596,
      0.084566,
      0.149434,
      0.070308,
      -0.139848,
      0.067814,
      -0.053734,
      -0.027608,
      0.028705,
      0.081386,
      0.103562,
      -0.113576,
      0.038455,
      0.008552,
      0.079447,
      0.114425,
      -0.014813,
      -0.032826,
      -0.071523,
      -0.036005,
      -0.006765,
      -0.076303,
      0.03517,
      0.134521,
      -0.046162,
      -0.076133,
      -0.065349,
      0.154671,
      0.070785,
      -0.038169,
      -0.012246,
      -0.048178,
      0.032339,
      0.088648,
      -0.101782,
      -0.009713,
      0.011778,
      0.093933,
      0.068887,
      0.04585,
      -0.005874,
      -0.056693,
      0.049729,
      0.056193,
      0.005296,
      4.9e-05,
      0.018409,
      0.042029,
      -0.026188,
      0.083264,
      0.159049,
      0.01029,
      -0.068101,
      -0.135271,
      0.040825,
      -0.139962,
      0.033919,
      -0.111359,
      -0.027914,
      -0.002972,
      -0.014404,
      0.167307,
      -0.082036,
      -0.05665,
      -0.048796,
      -0.04731,
      -0.145315,
      -0.057542,
      -0.000905,
      -0.081752,
      -0.017007,
      -0.031146,
      -0.050728,
      0.025623,
      0.024289,
      -0.050786,
      0.130108,
      -0.063775,
      0.12815,
      0.077234,
      -0.038828,
      -0.057341,
      -0.07301,
      0.059095,
      0.045889,
      0.099154,
      -0.044969,
      -0.000292,
      -0.06915,
      -0.00185,
      -0.12818,
      0.097533,
      -0.08501,
      -0.014867,
      0.067191,
      0.002431,
      0.117089,
      0.063683,
      0.127986,
      0.08885,
      -0.012204,
      0.030279,
      0.034484,
      0.061379,
      0.128699,
      -0.095657,
      0.061724,
      -0.034554,
      0.062919,
      0.144581,
      -0.027087,
      -0.105686,
      0.019503,
      -0.076558,
      0.068183,
      0.005901,
      -0.039404,
      -0.088299,
      -0.076732,
      0.004953,
      0.069295,
      0.011877,
      0.009463,
      0.083138,
      0.069239,
      0.135419,
      -0.041964,
      0.021829,
      0.078102,
      -0.07278,
      0.002396,
      0.087024,
      0.095482,
      0.02379,
      0.104156,
      -0.002953,
      0.010665,
      0.054044,
      0.087465,
      -0.011397,
      0.037639,
      0.100405,
      0.004282,
      -0.06777,
      0.076233,
      -0.136522,
      -0.089314,
      -0.011348,
      0.107294,
      -0.009234,
      0.151277,
      0.076633,
      -0.064462,
      -0.083793,
      -0.130188,
      -0.103157,
      -0.121086,
      -0.097017,
      -0.07611,
      0.111021,
      0.106768,
      0.094351,
      0.087899,
      0.072379,
      0.105467,
      -0.032574,
      -0.015647,
      0.033457,
      0.110042,
      -0.063714,
      0.01293,
      0.016695,
      0.029747,
      -0.164688,
      -0.073565,
      -0.104889,
      -0.134245,
      0.031573,
      -0.00556,
      -0.05416,
      -0.020494,
      0.033003,
      -0.06698,
      -0.046981,
      -0.029885,
      -0.003006,
      0.075156,
      0.046859,
      -0.134924,
      -0.037393,
      -0.005803,
      -0.04571,
      -0.006915,
      -0.087176,
      -0.035412,
      -0.153592,
      0.019299,
      0.052112,
      0.031176,
      -0.119535,
      -0.153907,
      -0.073477,
      0.086601,
      0.02867,
      0.149694,
      0.031526,
      0.05727,
      0.072136,
      -0.035727,
      -0.02684,
      -0.114182,
      -0.031299,
      0.125025,
      0.094635,
      0.094127,
      -0.131157,
      -0.125401,
      -0.008945,
      -0.095854,
      -0.031658,
      0.063813,
      -0.083674,
      0.071304,
      -0.061917,
      -0.004605,
      -0.121189,
      0.100169,
      -0.118281,
      0.089092,
      0.111439,
      -0.085558,
      -0.031968,
      -0.061179,
      -0.041162,
      0.076228,
      -0.057079,
      -0.091037,
      -0.036027,
      0.061732,
      0.158422,
      0.120034,
      0.005961,
      0.008909,
      0.06104,
      -0.060087,
      -0.024561,
      0.113411,
      0.120854,
      -0.148803,
      0.025437,
      -0.005064,
      -0.021013,
      0.16633,
      -0.059755,
      0.045721,
      -0.108319,
      -0.002266,
      -0.062127,
      -0.049464,
      0.13682,
      -0.06934,
      -0.057828,
      -0.010625,
      -0.140612,
      -0.040914,
      -0.065434,
      -0.025423,
      -0.067602,
      -0.089005,
      -0.036608,
      0.067811,
      0.116652,
      -0.001773,
      0.086579,
      0.069618,
      -0.124278,
      -0.014859,
      -0.06022,
      0.043731,
      0.16077,
      0.058889,
      -0.048329,
      0.132688,
      -0.04347,
      -0.073368,
      -0.053426,
      0.041562,
      0.068411,
      -0.136349,
      0.078572,
      -0.081227,
      -0.068628,
      -0.069214,
      0.005366,
      0.053488,
      -0.029996,
      -0.06325,
      -0.064178,
      -0.063261,
      -0.115725,
      -0.066226,
      0.136688,
      -0.067168,
      0.119286,
      0.055647,
      0.032327,
      -0.114602,
      -0.050353,
      -0.007644,
      0.089617,
      -0.162225,
      0.008372,
      -0.041677,
      0.098489,
      -0.105827,
      0.054746,
      -0.034287,
      0.083852,
      0.004929,
      0.137317,
      -0.060103,
      -0.055049,
      0.03443,
      0.151058,
      -0.068277,
      0.072574,
      -0.11342,
      -0.063254,
      0.03249,
      0.05927,
      0.034812,
      0.011113,
      0.016511,
      0.06859,
      -0.029951,
      -0.027704,
      -0.080801,
      0.147254,
      0.003945,
      -0.025925,
      -0.096843,
      -0.058561,
      0.063863,
      0.022688,
      -0.053136,
      -0.071233,
      -0.012262,
      0.012291,
      0.043805,
      0.002872,
      -0.038459,
      -0.006563,
      0.048824,
      0.091245,
      0.06356,
      -0.019581,
      -0.045383,
      0.055052,
      -0.076807,
      -0.043715,
      0.09221,
      -0.067875,
      0.067294,
      0.065844,
      0.048786,
      0.086936,
      0.093378,
      -0.015648,
      0.062984,
      0.041418,
      0.098047,
      0.047251,
      -0.037655,
      0.000376,
      -0.040595,
      -0.027295,
      0.042812,
      -0.061838,
      -0.073122,
      0.115961,
      -0.078557,
      -0.012236,
      0.014247,
      0.086797,
      -0.047223,
      -0.05145,
      -0.042992,
      0.005426,
      -0.008981,
      0.072788,
      -0.134871,
      -0.049623,
      0.059086,
      -0.033873,
      0.040807,
      -0.163594,
      0.046636,
      -0.069693,
      -0.007308,
      0.04559,
      0.114193,
      -0.132311,
      0.059977,
      -0.135405,
      0.064492,
      0.064842,
      -0.101999,
      -0.013903,
      -0.044849,
      -0.053425,
      -0.06642,
      0.095716,
      0.059538,
      -0.140719,
      -0.073952,
      -0.078601,
      -0.061706,
      0.110851,
      0.025515,
      -0.0656,
      -0.019652,
      0.114436,
      0.058385,
      -0.130075,
      0.026494,
      -0.039174,
      0.065218,
      -0.10718,
      0.03652,
      0.069975,
      0.115975,
      0.038106,
      -0.063414,
      0.027796,
      0.079564,
      -0.071901,
      -0.030269,
      -0.050002,
      -0.008086,
      0.066332,
      0.008823,
      -0.029078,
      -0.045284,
      0.108956,
      0.078771,
      0.082971,
      0.00346,
      -0.088553,
      -0.038854,
      -0.014499,
      0.148162,
      0.079102,
      0.121154,
      -0.097704,
      0.089142,
      -0.067293,
      -0.049923,
      -0.124758,
      -0.084282,
      0.090475,
      -0.118575,
      -0.005021,
      0.002158,
      0.098035,
      -0.075489,
      -0.033065,
      -0.078381,
      -0.037368,
      0.056162,
      -0.020009,
      0.102012,
      -0.032655,
      0.005902,
      0.060758,
      0.001338,
      0.04336,
      -0.057415,
      -0.043356,
      -0.003935,
      0.042021,
      -0.116607,
      0.045498,
      -0.080231,
      0.064235,
      -0.085243,
      -0.113169,
      0.003786,
      -0.059053,
      0.062405,
      -0.04745,
      0.075725,
      0.001337,
      0.055205,
      -0.058658,
      -0.033018,
      -0.013791,
      0.105603,
      0.128528,
      -0.142462,
      0.032955,
      0.049987,
      0.061901,
      -0.069008,
      -0.13308,
      -0.069245,
      0.128303,
      -0.020344,
      0.028502,
      0.091939,
      0.118058,
      0.037305,
      -0.037228,
      -0.101362,
      0.034183,
      0.03411,
      0.014956,
      -0.011659,
      -0.141093,
      -0.076769,
      0.105932,
      0.020752,
      -0.078611,
      -0.061939,
      0.035309,
      -0.020604,
      0.025036,
      0.069214,
      0.104232,
      0.034701,
      -0.018928,
      0.098528,
      -0.098438,
      0.013536,
      -0.065616,
      0.027476,
      -0.153659,
      0.019564,
      -0.016299,
      0.027287,
      0.103775,
      -0.007532,
      -0.05669,
      -0.065112,
      0.059467,
      0.070397,
      -0.032217,
      -0.131764,
      0.113583,
      -0.047111,
      -0.063127,
      0.036399,
      -0.067393,
      -0.144911,
      0.079911,
      -0.076795,
      0.058016,
      -0.03773,
      -0.040098,
      0.133811,
      -0.016014,
      0.084295,
      0.138917,
      0.034712,
      0.115837,
      0.061223,
      0.019142,
      -0.031932,
      -0.052975,
      0.029268,
      -0.054075,
      -0.026335,
      0.158455,
      0.073805,
      0.035713,
      0.0687,
      -0.062763,
      -0.044207,
      -0.058219,
      -0.095397,
      -0.020141,
      0.027431,
      0.012704,
      0.043244,
      -0.006901,
      0.099676,
      0.109172,
      0.096686,
      0.11738,
      0.095676,
      0.033024,
      -0.0338,
      0.131847,
      -0.023034,
      0.026649,
      -0.09745,
      0.015417,
      0.077318,
      0.077954,
      -0.008813,
      -0.023425,
      -0.034907,
      0.025434,
      -0.049861,
      -0.023431,
      -0.103485,
      0.046893,
      -0.034953,
      -0.098834,
      -0.029592,
      0.04243,
      0.063119,
      0.085327,
      0.065569,
      0.025731,
      -0.084172,
      -0.024708,
      -0.157222,
      0.009517,
      -0.017699,
      -0.129659,
      0.132358,
      0.113791,
      -0.05161,
      -0.053128,
      0.09632,
      -0.001905,
      0.009957,
      0.018055,
      0.115627,
      -0.087909,
      0.101824,
      0.022801,
      -0.037892,
      0.167682,
      0.116643,
      -0.153558,
      -0.136082,
      -0.008792,
      0.038477,
      0.095553,
      -0.059164,
      0.062502,
      0.07777,
      -0.060937,
      -0.112398,
      -0.068856,
      0.050152,
      -0.054334,
      0.00312,
      -0.098445,
      -0.070487,
      0.085219,
      0.111626,
      -0.003046,
      -0.141036,
      0.032421,
      -0.0156,
      0.109078,
      0.111384,
      -0.031715,
      0.123305,
      -0.106218,
      -0.014864,
      0.139939,
      0.058888,
      0.128137,
      0.126185,
      -0.009711,
      0.086236,
      -0.09851,
      0.048162,
      0.128216,
      0.002099,
      0.015979,
      -0.081531,
      0.105074,
      0.01751,
      0.142418,
      -0.108615,
      0.083016,
      -0.006968,
      0.098605,
      -0.05646,
      -0.011326,
      0.092681,
      0.09266,
      -0.088328,
      -0.083902,
      -0.128685,
      -0.158229,
      -0.03005,
      0.109052,
      0.080038,
      0.041192,
      0.067212,
      0.006458,
      -0.120496,
      0.109656,
      -0.018002,
      0.116999,
      -0.140362,
      -0.104481,
      0.013401,
      -0.076362,
      0.018378,
      0.023066,
      -0.008308,
      0.060516,
      0.100176,
      0.065685,
      0.075144,
      0.127907,
      0.054566,
      0.003737,
      0.115749,
      0.020227,
      0.062407,
      0.07377,
      0.041415,
      -0.000778,
      0.041867,
      -0.045173,
      0.04199,
      -0.098175,
      0.004963,
      0.057704,
      0.100234,
      0.086418,
      -0.136835,
      0.077963,
      -0.109981,
      -0.104034,
      0.000827,
      -0.003047,
      0.076594,
      -0.127825,
      -0.026283,
      0.089672,
      -0.107172,
      0.077833,
      0.090508,
      -0.072719,
      -0.103028,
      -0.029408,
      0.055815,
      -0.016325,
      -0.068229,
      0.04215,
      0.102138,
      -0.016,
      -0.020241,
      0.030313,
      0.026786,
      -0.087435,
      0.067058,
      0.092954,
      0.022395,
      0.061987,
      -0.02878,
      -0.118202,
      0.003817,
      -0.038776,
      0.054912,
      -0.020486,
      0.112014,
      -0.052273,
      -0.057328,
      0.027544,
      0.054829,
      0.051266,
      -0.036876,
      -0.042898,
      0.139049,
      -0.048203,
      -0.065721,
      -0.088143,
      0.013037,
      0.007609,
      -0.117942,
      -0.045885,
      -0.0077,
      0.032831,
      -0.059766,
      -0.044716,
      -0.074419,
      0.038264,
      0.148036,
      0.101841,
      0.063624,
      -0.158887,
      -0.114329,
      0.074322,
      -0.030413,
      -0.104045,
      0.011713,
      0.063794,
      -0.055641,
      -0.011566,
      0.149699,
      0.119808,
      0.00605,
      0.046721,
      -0.008952,
      0.036888,
      0.075081,
      0.014205,
      -0.15686,
      0.119577,
      0.071999,
      0.038592,
      -0.053546,
      0.069004,
      0.026471,
      -0.038559,
      0.004559,
      -0.008867,
      0.054577,
      -0.058015,
      -0.002548,
      0.070985,
      0.146408,
      -0.061799,
      -0.110625,
      -0.059531,
      -0.023578,
      -0.058246,
      -0.036426,
      0.126724,
      -0.011674,
      0.088863,
      0.123267,
      -0.113221,
      0.086465,
      0.048801,
      0.01917,
      0.023967,
      -0.062665,
      -0.051493,
      -0.020349,
      -0.007858,
      0.026799,
      -0.010863,
      0.058726,
      0.029828,
      0.159139,
      -0.067526,
      0.087351,
      -0.015158,
      -0.046654,
      0.08168,
      -0.135002,
      0.006206,
      -0.155325,
      -0.060838,
      0.073098,
      -0.048068,
      -0.03619,
      0.143026,
      0.105596,
      -0.062309,
      -0.120995,
      -0.101491,
      -0.097534,
      -0.055742,
      -0.017746,
      -0.06849,
      -0.068682,
      -0.083438,
      -0.048581,
      0.044318,
      -0.023845,
      0.030495,
      -0.001561,
      -0.014575,
      -0.029024,
      0.108865,
      -0.156076,
      -0.036965,
      -0.019772,
      7.1e-05,
      -0.047403,
      -0.023566,
      -0.063711,
      -0.110621,
      -0.002727,
      -0.134686,
      -0.055587,
      0.027304,
      -0.086632,
      -0.05457,
      -0.133865,
      0.065986,
      -0.097357,
      0.010041,
      0.065544,
      0.077484,
      0.037455,
      -0.127729,
      -0.024957,
      0.145307,
      0.019694,
      0.075082,
      0.162565,
      -0.142972,
      0.080917,
      0.062786,
      0.033034,
      0.058656,
      -0.110078,
      0.04146,
      0.055842,
      0.111026,
      0.017912,
      0.084285,
      -0.032111,
      0.027344,
      0.003084,
      -0.097358,
      0.053066,
      -0.107307,
      0.055059,
      0.016871,
      0.017704,
      -0.047079,
      0.133021,
      -0.072935,
      0.128692,
      -0.115433,
      -0.039591,
      0.024379,
      0.021272,
      0.051286,
      0.047121,
      -0.085497,
      0.095416,
      0.045431,
      -0.049915,
      0.032992,
      0.040321,
      0.151752,
      -0.052712,
      0.00987,
      -0.146631,
      0.128458,
      0.083748,
      -0.014559,
      0.132969,
      -0.077871,
      0.007246,
      -0.062497,
      -0.132616,
      0.162518,
      -0.003623,
      0.052853,
      -0.072995,
      -0.059442,
      -0.067497,
      0.120126,
      -0.023372,
      -0.010625,
      -0.13683,
      0.096817,
      0.070113,
      0.062782,
      -0.041071,
      0.077742,
      -0.092326,
      -0.036928,
      -0.08745,
      0.12781,
      0.128573,
      -0.140989,
      0.154818,
      0.060105,
      -0.025825,
      0.148626,
      -0.138759,
      -0.009782,
      -0.105165,
      -0.031806,
      0.093191,
      -0.069824,
      -0.134447,
      -0.03029,
      0.016236,
      0.138495,
      0.031471,
      0.001227,
      -0.069186,
      0.041812,
      0.039604,
      -0.051438,
      0.125975,
      0.011252,
      -0.101485,
      0.000302,
      -0.065842,
      0.056408,
      -0.10868,
      0.053956,
      -0.052723,
      -0.099592,
      0.023487,
      0.028122,
      -0.097957,
      0.036579,
      -0.010107,
      -0.128295,
      -0.130285,
      0.122787,
      0.045703,
      -0.112367,
      0.055834,
      0.024783,
      -0.037324,
      0.042101,
      0.143522,
      0.157379,
      -0.045056,
      -0.007835,
      0.08419,
      0.020917,
      -0.10962,
      0.035996,
      -0.019649,
      0.088764,
      0.088119,
      -0.101537,
      0.126843,
      0.096027,
      0.010018,
      0.093734,
      -0.046878,
      -0.007641,
      0.09846,
      0.062662,
      0.02456,
      0.032534,
      -0.070331,
      -0.136749,
      -0.059297,
      -0.057058,
      -0.080179,
      -0.092401,
      -0.102175,
      0.119289,
      -0.060845,
      -0.056575,
      0.059483,
      -0.117907,
      0.067305,
      0.108605,
      -0.079703,
      0.064648,
      -0.026965,
      0.100639,
      0.06909,
      0.006738,
      -0.079033,
      -0.070839,
      0.051186,
      0.092947,
      0.019125,
      -0.060751,
      -0.009314,
      0.031223,
      0.047811,
      -0.135116,
      0.095453,
      -0.059585,
      -0.063634,
      -0.099225,
      0.107081,
      0.078219,
      -0.119587,
      -0.11152,
      -0.006559,
      -0.038483,
      -0.090709,
      0.07239,
      0.039228,
      0.093115,
      -0.059327,
      0.085972,
      -0.018636,
      0.101238,
      -0.009161,
      -0.091926,
      -0.018148,
      0.047651,
      0.038119,
      0.122661,
      0.035024,
      -0.084073,
      0.128722,
      0.146707,
      -0.047436,
      0.084816,
      -0.047826,
      0.060247,
      0.084428,
      -0.098691,
      0.105543,
      0.030969,
      0.098415,
      -0.013,
      -0.014815,
      -0.069688,
      -0.00776,
      0.018821,
      -0.096344,
      -0.057654,
      0.081542,
      0.064331,
      -0.069092,
      -0.010533,
      -0.123439,
      0.118668,
      -0.074161,
      -0.104854,
      0.055689,
      0.051714,
      -0.131574,
      -0.118319,
      0.051373,
      -0.053113,
      0.159541,
      0.111588,
      0.025097,
      0.018371,
      -0.091732,
      0.096378,
      0.085862,
      0.01916,
      0.068042,
      -0.131707,
      0.045055,
      -0.058801,
      -0.136217,
      -0.028191,
      0.010269,
      0.019783,
      0.023471,
      -0.087671,
      -0.106751,
      0.023536,
      -0.1062,
      -0.013182,
      0.017472,
      -0.090198,
      0.024558,
      -0.057577,
      -0.010042,
      0.067459,
      0.076225,
      -0.070929,
      -0.078458,
      0.029806,
      0.051976,
      -0.076119,
      0.047997,
      -0.037173,
      0.074568,
      -0.029903,
      -0.126727,
      0.064216,
      -0.093375,
      -0.076074,
      -0.050785,
      0.042972,
      0.00717,
      0.056376,
      -0.026915,
      0.121081,
      -0.032164,
      0.03648,
      -0.123251,
      -0.019416,
      0.013364,
      -0.007427,
      -0.05941,
      0.138965,
      -0.044387,
      0.070622,
      0.009949,
      0.092834,
      0.080413,
      -0.033834,
      0.020326,
      -0.06313,
      -0.137904,
      0.063659,
      -0.056729,
      -0.066028,
      0.01395,
      -0.143849,
      -0.039942,
      0.091803,
      0.132714,
      -0.136634,
      -0.067013,
      -0.008301,
      -0.106014,
      -0.108306,
      0.028732,
      0.120356,
      0.028832,
      -0.09983,
      -0.014928,
      0.004088,
      -0.02156,
      -0.060161,
      -0.094644,
      0.048302,
      -0.107927,
      0.003189,
      0.003846,
      -5.9e-05,
      -0.064585,
      -0.130525,
      0.013568,
      -0.050105,
      -0.020948,
      0.14063,
      -0.01771,
      0.064408,
      -0.02163,
      0.029581,
      0.010996,
      0.078225,
      -0.036224,
      -0.013566,
      0.103584,
      0.066118,
      -0.057788,
      0.029232,
      0.065338,
      0.081989,
      -0.041038,
      0.037903,
      -0.093107,
      0.048372,
      -0.027726,
      -0.016618,
      -0.11957,
      -0.057179,
      -0.046417,
      -0.091021,
      -0.070646,
      -0.089206,
      0.071792,
      0.013151,
      -0.014173,
      0.095698,
      0.018759,
      -0.069385,
      0.036895,
      0.10593,
      0.057139,
      -0.104403,
      0.069845,
      0.126107,
      0.011331,
      -0.0097,
      -0.036629,
      -0.002256,
      0.06808,
      -0.076908,
      0.002371,
      -0.015021,
      -0.095439,
      -0.036113,
      0.105908,
      0.160417,
      -0.124524,
      0.044737,
      -0.116394,
      -0.012185,
      0.009117,
      0.057007,
      0.059707,
      0.006378,
      0.000842,
      0.046624,
      -0.033807,
      0.081948,
      -0.11404,
      0.141536,
      -0.114858,
      0.04051,
      0.120923,
      -0.038725,
      -0.113991,
      0.015159,
      -0.134086,
      0.031782,
      -0.028876,
      0.002643,
      0.066681,
      -0.153474,
      0.142392,
      0.014771,
      0.001466,
      0.143412,
      0.03993,
      0.020538,
      0.012149,
      0.040168,
      -0.023104,
      0.057021,
      0.003891,
      -0.127768,
      0.081933,
      -0.132201,
      -0.05765,
      0.043266,
      -0.029222,
      -0.09359,
      -0.093905,
      0.110795,
      0.100543,
      0.071326,
      -0.049304,
      0.022898,
      0.013958,
      -0.068709,
      -0.084095,
      -0.074242,
      -0.057293,
      -0.130115,
      0.074088,
      0.009355,
      0.096061,
      -0.036476,
      -0.155159,
      -0.10989,
      0.0138,
      0.039925,
      -0.133624,
      0.011892,
      -0.155568,
      0.090133,
      0.070862,
      -0.043048,
      -0.013822,
      -0.095895,
      -0.017027,
      -0.000113,
      -0.060325,
      -0.122032,
      -0.104434,
      -0.014058,
      0.030352,
      0.095726,
      -0.056198,
      -0.02153,
      0.058404,
      0.153875,
      -0.034523,
      0.039151,
      0.083337,
      -0.15139,
      0.02232,
      -0.050968,
      0.124231,
      -0.102451,
      -0.00687,
      -0.008146,
      -0.057788,
      0.060819,
      -0.077294,
      -0.066172,
      -0.099054,
      0.065097,
      -0.00628,
      -0.126309,
      -0.055331,
      0.049335,
      0.04142,
      0.017167,
      -0.027478,
      0.010563,
      -0.007842,
      0.076891,
      0.032748,
      -0.08594,
      0.115599,
      0.098542,
      0.020115,
      -0.049753,
      -0.04194,
      0.048356,
      -0.017225,
      0.042811,
      0.154028,
      -0.029679,
      0.056071,
      -0.023666,
      0.026663,
      -0.026119,
      -0.013139,
      -0.095166,
      0.129136,
      0.090571,
      -0.066855,
      -0.071851,
      0.058608,
      -0.036603,
      0.027954,
      0.09255,
      0.092711,
      0.052143,
      0.10047,
      0.060101,
      -0.099645,
      0.053318,
      0.003261,
      0.042398,
      -0.037841,
      0.075008,
      -0.062269,
      0.144748,
      0.03925,
      0.115391,
      0.034115,
      -0.144921,
      0.106515,
      -0.094291,
      0.097486,
      -0.017449,
      0.054081,
      -0.067163,
      -0.140594,
      -0.060284,
      -0.153129,
      0.103408,
      -0.115396,
      0.02787,
      -0.097056,
      0.054025,
      0.107373,
      -0.031317,
      -0.097957,
      -0.026253,
      0.078938,
      -0.044942,
      -0.052285,
      0.067888,
      -0.015817,
      -0.03619,
      0.049523,
      0.037198,
      0.054888,
      -0.059637,
      0.053657,
      -0.091358,
      -0.103149,
      -0.060661,
      0.001665,
      -0.115956,
      -0.087791,
      -0.107432,
      0.060133,
      0.135657,
      -0.054324,
      0.141174,
      0.052748,
      0.072362,
      0.004703,
      0.054226,
      0.027883,
      0.044554,
      -0.039998,
      0.026738,
      0.007216,
      -0.146017,
      0.039679,
      -0.069247,
      0.050304,
      0.087228,
      0.126269,
      -0.039866,
      -0.111872,
      0.141512,
      -0.130699,
      -0.032303,
      0.046593,
      -0.163102,
      0.109823,
      -0.051228,
      0.090899,
      -0.074729,
      -0.021851,
      -0.08151,
      -0.052934,
      -0.024891,
      -0.022619,
      0.085442,
      0.064235,
      -0.091815,
      -0.110436,
      0.014022,
      0.009435,
      0.144333,
      0.149981,
      -0.082601,
      0.064809,
      0.005922,
      0.007187,
      0.024583,
      -0.005268,
      -0.043979,
      -0.013434,
      0.101993,
      0.136083,
      -0.116693,
      0.067824,
      -0.017898,
      0.010598,
      0.04077,
      0.064636,
      -0.15821,
      -0.050713,
      -0.129573,
      0.001594,
      0.058583,
      0.052208,
      0.10561,
      0.090083,
      0.033698,
      0.027826,
      0.082978,
      -0.091907,
      -0.030876,
      -0.044004,
      -0.022824,
      0.028451,
      0.006788,
      0.025891,
      0.027323,
      -0.094798,
      0.076494,
      -0.006514,
      -0.011237,
      0.075121,
      -0.039007,
      -0.053865,
      0.13024,
      -0.121626,
      -0.032376,
      -0.04108,
      -0.124787,
      -0.051004,
      -0.115124,
      0.069763,
      -0.058423,
      -0.109317,
      0.16044,
      -0.009563,
      0.021728,
      -0.14002,
      -0.006012,
      -0.015997,
      0.039459,
      0.086302,
      -0.112341,
      -0.026134,
      -0.003148,
      -0.154928,
      0.002193,
      -0.026641,
      -0.01447,
      0.068865,
      -0.022703,
      0.111354,
      -0.042377,
      0.109534,
      0.134152,
      0.10734,
      0.019286,
      0.062564,
      0.112735,
      0.068022,
      0.015364,
      0.09447,
      -0.143367,
      -0.147414,
      0.003203,
      0.047811,
      0.16104,
      0.075133,
      -0.091633,
      0.022242,
      -0.048296,
      -0.043306,
      0.008231,
      0.043992,
      -0.01296,
      -0.017755,
      -0.013262,
      -0.082483,
      -0.046382,
      -0.136314,
      -0.074823,
      0.039444,
      -0.013675,
      0.032473,
      0.097064,
      0.043724,
      0.14648,
      -0.130623,
      -0.141954,
      -0.030305,
      -0.017171,
      0.119428,
      -0.029227,
      0.041726,
      0.048389,
      -0.100121,
      0.055491,
      0.057215,
      -0.112251,
      0.06584,
      0.088131,
      -0.010632,
      0.031319,
      -0.068981,
      -0.036697,
      0.076456,
      -0.16392,
      -0.001354,
      0.033565,
      -0.098621,
      -0.063066,
      -0.0389,
      -0.025673,
      0.085401,
      -0.040675,
      -0.087319,
      0.125907,
      0.098488,
      0.09402,
      -0.054549,
      -0.027382,
      0.040316,
      0.050231,
      -0.049081,
      0.020902,
      -0.040295,
      0.057325,
      -0.011069,
      -0.128404,
      0.116529,
      0.065433,
      -0.057675,
      0.06555,
      0.018909,
      0.042987,
      -0.147087,
      -0.044217,
      0.058316,
      -0.114379,
      0.06843,
      -0.093592,
      0.009908,
      0.067142,
      0.055249,
      -0.113676,
      -0.077601,
      0.044034,
      0.028893,
      -0.015505,
      0.084543,
      0.011604,
      -0.015669,
      -0.116227,
      -0.047847,
      0.082155,
      -0.007353,
      -0.000323,
      0.08598,
      -0.071834,
      0.052955,
      -0.048467,
      0.094187,
      -0.061356,
      0.046307,
      -0.043751,
      -0.082959,
      -0.023484,
      -0.023754,
      0.121265,
      -0.034603,
      -0.038856,
      0.040037,
      -0.000654,
      0.045415,
      0.032541,
      -0.076535,
      0.036815,
      0.121233,
      -0.033462,
      -0.150656,
      -0.004617,
      0.095406,
      -0.064398,
      0.041889,
      -0.036123,
      -0.090958,
      -0.006933,
      0.09291,
      0.104834,
      -0.045125,
      -0.105062,
      -0.05364,
      -0.006435,
      -0.041383,
      0.007759,
      -0.106416,
      -0.105811,
      -0.118271,
      -0.110165,
      -0.084776,
      0.069212,
      -0.051754,
      -0.147356,
      0.071211,
      -0.064208,
      0.152899,
      0.12844,
      -0.020647,
      -0.033008,
      -0.074571,
      -0.084082,
      -0.070584,
      -0.042726,
      0.111303,
      0.050526,
      -0.006736,
      0.044186,
      0.073725,
      0.096721,
      0.028768,
      0.029998,
      0.086069,
      0.023423,
      0.027072,
      -0.017361,
      0.102127,
      0.073287,
      0.056034,
      -0.066388,
      -0.120142,
      0.08089,
      -0.004245,
      0.127675,
      0.031418,
      0.011689,
      -0.021775,
      0.042249,
      0.046094,
      0.043087,
      0.005992,
      -0.050421,
      0.060487,
      0.128091,
      0.143699,
      0.119401,
      0.029013,
      0.006626,
      0.08359,
      -0.017988,
      0.030549,
      -0.040168,
      -0.076642,
      -0.073673,
      -0.035108,
      0.016953,
      -0.118498,
      -0.011967,
      -0.12438,
      -0.088904,
      0.122923,
      0.079108,
      -0.137398,
      -0.007156,
      0.01656,
      -0.080076,
      -0.042608,
      0.008157,
      -0.063852,
      0.019696,
      -0.083125,
      0.056944,
      -0.118635,
      -0.100485,
      -0.048967,
      -0.035296,
      -0.057555,
      0.066968,
      0.03646,
      0.066424,
      0.012397,
      0.133565,
      -0.124729,
      0.065379,
      0.046406,
      -0.081039,
      0.041171,
      0.144746,
      0.088245,
      -0.078282,
      0.076272,
      0.039,
      0.001657,
      0.048129,
      -0.094663,
      0.076745,
      -0.122671,
      0.051841,
      -0.018259,
      -0.003693,
      -0.038781,
      0.017237,
      -0.049834,
      0.028464,
      -0.068892,
      0.10221,
      -0.031465,
      0.002488,
      0.159912,
      -0.068303,
      -0.004696,
      -0.091822,
      -0.075186,
      -0.000868,
      0.004228,
      -0.13845,
      -0.05066,
      -0.074355,
      -0.132876,
      0.052771,
      -0.011029,
      -0.014511,
      -0.023444,
      -0.02338,
      0.086523,
      -0.105364,
      0.025344,
      -0.063923,
      -0.00035,
      0.043214,
      -0.047087,
      0.048681,
      0.042039,
      0.086413,
      0.000681,
      0.108341,
      0.063095,
      -0.048102,
      -0.049229,
      -0.026812,
      0.120031,
      -0.130956,
      -0.155338,
      0.093591,
      -0.078741,
      -0.070658,
      0.057445,
      0.01559,
      0.113008,
      -0.056781,
      0.065667,
      -0.069281,
      0.003291,
      -0.070108,
      0.005453,
      0.038144,
      0.06028,
      0.013188,
      0.024908,
      -0.074523,
      0.022409,
      -0.010433,
      0.104174,
      -0.110278,
      0.108301,
      0.009918,
      0.01318,
      -0.034136,
      -0.110308,
      0.069938,
      -0.090419,
      -0.059197,
      -0.081504,
      0.13245,
      0.042357,
      -0.01084,
      -0.036244,
      0.061358,
      0.04251,
      -0.017682,
      0.121622,
      0.01047,
      -0.078969,
      -0.052056,
      -0.013404,
      -0.04165,
      -0.002561,
      0.015337,
      -0.023151,
      0.030295,
      -0.077164,
      0.000607,
      -0.088629,
      0.125819,
      0.001263,
      0.023077,
      0.068088,
      -0.073601,
      -0.078732,
      0.028,
      0.106115,
      -0.059749,
      -0.068651,
      -0.054881,
      0.074383,
      -0.118475,
      -0.125743,
      0.062928,
      0.094422,
      0.002234,
      -0.053794,
      -0.087093,
      0.071028,
      0.052919,
      0.059162,
      -0.069927,
      0.147723,
      -0.021728,
      0.021795,
      0.057981,
      0.050384,
      -0.055852,
      0.036477,
      -0.074248,
      -0.029287,
      -0.061466,
      0.046964,
      0.058305,
      -0.001182,
      -0.017539,
      -0.035811,
      0.053254,
      0.015342,
      -0.059666,
      -0.025286,
      0.086199,
      0.057459,
      0.028143,
      -0.058501,
      0.012383,
      0.104096,
      -0.043036,
      0.041179,
      -0.041327,
      0.137