# Chunk number: 28 of 37

,
      -0.039232,
      0.045688,
      -0.11473,
      -0.083794,
      -0.005949,
      -0.098052,
      -0.062036,
      -0.054452,
      -0.126948,
      -0.149814,
      0.050749,
      -0.074494,
      0.028347,
      -0.042227,
      0.04707,
      -0.009043,
      -0.151661,
      0.010444,
      -0.044203,
      -0.066758,
      -0.008072,
      -0.014111,
      -0.104041,
      -0.142514,
      -0.139693,
      0.011793,
      -0.005352,
      -0.051251,
      -0.140378,
      0.038906,
      -0.024502,
      -0.022706,
      0.017885,
      -0.140549,
      0.047786,
      -0.036626,
      -0.088241,
      0.040273,
      -0.097356,
      -0.074108,
      -0.121587,
      0.046627,
      -0.052526,
      0.048015,
      -0.115042,
      -0.134859,
      -0.031383,
      0.07058,
      -0.128734,
      -0.124493,
      0.0427,
      -0.153022,
      -0.025922,
      0.032289,
      -0.025694,
      -0.156235,
      -0.049566,
      -0.035478,
      0.126681,
      0.158573,
      0.033484,
      0.130928,
      0.108563,
      -0.083008,
      -0.006985,
      -0.038931,
      0.14901,
      -0.01062,
      0.113629,
      -0.054147,
      0.064318,
      -0.085179,
      0.144526,
      0.054371,
      0.066464,
      -0.028154,
      0.076659,
      0.113958,
      -0.00591,
      -0.046006,
      -0.080741,
      -0.031052,
      0.006722,
      0.017013,
      -0.020279,
      -0.017177,
      0.070487,
      -0.093492,
      -0.009146,
      0.099965,
      0.082669,
      -0.039984,
      -0.031505,
      0.028512,
      0.103346,
      0.034313,
      -0.086164,
      -0.110869,
      0.106557,
      -0.051108,
      0.011615,
      0.029848,
      -0.02266,
      -0.021707,
      0.039847,
      -0.101028,
      0.006272,
      0.009694,
      0.073616,
      0.025914,
      0.089926,
      0.000369,
      0.034156,
      -0.023729,
      -0.041829,
      -0.060336,
      0.003407,
      0.096693,
      0.058792,
      -0.05236,
      -0.013547,
      0.055056,
      -0.008118,
      0.152171,
      -0.135947,
      -0.089417,
      0.008811,
      0.073603,
      0.060548,
      0.034908,
      -0.042932,
      0.015997,
      0.032846,
      0.0281,
      -0.002611,
      0.0635,
      0.02544,
      -0.009922,
      0.117779,
      -0.040519,
      0.030534,
      -0.105013,
      0.086154,
      -0.04447,
      0.008477,
      0.036911,
      0.061379,
      0.05932,
      0.027063,
      -0.010885,
      -0.110623,
      -0.019776,
      0.046064,
      -0.021019,
      -0.107795,
      0.036343,
      -0.028594,
      0.065025,
      -0.006642,
      -0.094092,
      -0.107862,
      -0.030811,
      0.027638,
      -0.043639,
      0.033181,
      0.082392,
      -0.115935,
      -0.144681,
      -0.148168,
      -0.132547,
      -0.088487,
      -0.128295,
      0.022601,
      -0.074583,
      -0.061274,
      0.077215,
      -0.000719,
      0.063097,
      -0.099725,
      -0.08464,
      -0.021642,
      -0.05306,
      -0.010647,
      -0.134501,
      0.05007,
      -0.003454,
      -0.057368,
      -0.137648,
      -0.081212,
      0.031412,
      -0.104738,
      -0.010111,
      0.066308,
      0.092222,
      -0.0305,
      -0.064381,
      -0.033602,
      -0.112377,
      -0.03978,
      0.018179,
      -0.120817,
      -0.096303,
      0.043066,
      -0.083867,
      -0.097294,
      0.056121,
      0.0329,
      0.085222,
      -0.038772,
      0.083944,
      -0.050457,
      -0.030052,
      -0.141092,
      -0.003533,
      0.067964,
      -0.058256,
      -0.080993,
      0.126646,
      0.066101,
      0.022643,
      0.064663,
      0.008919,
      -0.010114,
      -0.149604,
      -0.028314,
      -0.120257,
      -0.089872,
      -0.137638,
      -0.035439,
      0.057951,
      0.041324,
      0.067225,
      0.055033,
      -0.035894,
      -0.028958,
      0.004203,
      -0.148304,
      0.015253,
      -0.021963,
      0.063786,
      -0.089488,
      -0.023338,
      -0.004846,
      -0.096678,
      0.004789,
      0.043304,
      -0.13617,
      -0.03687,
      -0.086803,
      0.002213,
      -0.110031,
      -0.035542,
      0.031933,
      -0.105377,
      -0.155608,
      -0.155701,
      0.049194,
      -0.102486,
      -0.111856,
      -0.114927,
      0.026379,
      -0.077857,
      -0.026121,
      -0.100791,
      0.012859,
      0.015061,
      0.052473,
      0.046866,
      0.038727,
      0.015809,
      -0.055866,
      -0.053333,
      -0.130378,
      -0.02343,
      -0.089219,
      -0.03991,
      -0.112833,
      -0.073129,
      -0.086906,
      -0.100096,
      0.027493,
      -0.044511,
      0.07503,
      -0.117112,
      -0.020304,
      -0.12076,
      -0.070108,
      -0.135339,
      -0.084167,
      0.038224,
      -0.040849,
      -0.112099,
      -0.06144,
      -0.037481,
      -0.123173,
      0.036841,
      -0.068588,
      -0.065072,
      0.006492,
      0.060753,
      -0.012082,
      -0.122654,
      -0.13539,
      0.067963,
      0.047095,
      0.058639,
      -0.014488,
      -0.103657,
      -0.152112,
      -0.092004,
      -0.121267,
      -0.073914,
      -0.102449,
      -0.051306,
      -0.109293,
      0.056644,
      -0.080795,
      0.024645,
      -0.045602,
      0.007358,
      -0.137319,
      -0.026145,
      -0.133848,
      -0.017259,
      -0.046167,
      -0.118268,
      -0.132739,
      0.035236,
      -0.113604,
      0.066011,
      0.058727,
      -0.091604,
      -0.126981,
      -0.145677,
      -0.093187,
      -0.066453,
      -0.01476,
      -0.090565,
      -0.004503,
      -0.027945,
      -0.029884,
      -0.139494,
      -0.070458,
      -0.106045,
      -0.094297,
      -0.045581,
      -0.017132,
      -0.053128,
      -0.071767,
      -0.11358,
      -0.129473,
      0.008488,
      -0.107066,
      -0.055097,
      -0.06511,
      -0.103378,
      -0.007401,
      -0.107448,
      0.010744,
      0.04188,
      -0.001157,
      -0.003473,
      0.040263,
      0.057965,
      -0.054683,
      -0.032464,
      -0.025287,
      0.002146,
      0.072226,
      -0.122448,
      -0.067158,
      -0.008726,
      -0.133408,
      -0.069147,
      -0.040958,
      -0.110182,
      -0.023395,
      -0.015625,
      -0.024906,
      -0.128913,
      0.010326,
      0.073784,
      -0.075276,
      -0.057374,
      0.054668,
      -0.11684,
      -0.057934,
      -0.055339,
      -0.089368,
      0.036202,
      -0.005397,
      0.068256,
      0.052414,
      -0.033824,
      0.068183,
      -0.028626,
      0.010966,
      -0.069203,
      -0.046434,
      -0.036347,
      0.023903,
      -0.120401,
      -0.050986,
      0.003295,
      -0.076292,
      -0.093159,
      0.043994,
      0.022062,
      -0.148099,
      -0.073617,
      -0.121271,
      -0.127521,
      -0.132366,
      -0.037318,
      -0.042775,
      -0.002241,
      0.047848,
      -0.040075,
      0.073588,
      -0.076859,
      -0.150787,
      -0.1485,
      -0.099117,
      -0.115944,
      -0.118672,
      0.011805,
      0.038802,
      -0.019024,
      0.023573,
      -0.085447,
      0.003486,
      0.05664,
      0.064799,
      -0.040858,
      -0.083266,
      0.029188,
      -0.109511,
      0.048402,
      -0.090626,
      0.002097,
      -0.082421,
      0.02136,
      -0.057276,
      -0.003724,
      0.048386,
      -0.101771,
      0.024682,
      -0.113165,
      -0.073351,
      0.002006,
      0.123789,
      -0.052566,
      0.049438,
      0.115917,
      -0.066778,
      0.045927,
      -0.051008,
      0.130576,
      -0.069846,
      0.104686,
      0.026787,
      -0.053254,
      0.082567,
      0.089278,
      0.023476,
      -0.031748,
      0.133465,
      -0.016474,
      0.148067,
      0.075332,
      0.085044,
      -0.012491,
      -0.009694,
      -0.084433,
      -0.018673,
      -0.046061,
      0.056925,
      -0.103832,
      0.125311,
      0.015633,
      -0.080347,
      -0.044574,
      -0.082377,
      0.050714,
      0.043138,
      0.065939,
      0.064098,
      -0.044351,
      -0.034746,
      0.046927,
      0.017181,
      -0.081786,
      0.04074,
      -0.025896,
      -0.09764,
      0.14927,
      0.00681,
      -0.004832,
      -0.034524,
      -0.047817,
      -0.006204,
      -0.098993,
      0.049334,
      0.112674,
      0.03012,
      0.115988,
      -0.010342,
      -0.005736,
      -0.088158,
      0.050428,
      -0.018788,
      -0.065087,
      -0.020225,
      0.017439,
      0.076469,
      0.107677,
      0.015027,
      0.023076,
      -0.05543,
      -0.001058,
      0.040643,
      0.14297,
      -0.117637,
      -0.093746,
      -0.074654,
      0.060959,
      -0.033528,
      0.051402,
      0.126601,
      -0.095087,
      -0.102587,
      -0.125778,
      -9.1e-05,
      0.066949,
      0.062825,
      0.020253,
      0.06199,
      -0.031492,
      -0.0908,
      0.07719,
      -0.108277,
      0.086401,
      -0.112267,
      0.026358,
      0.094963,
      -0.133148,
      -0.138863,
      -0.141836,
      0.049571,
      -0.117166,
      0.08769,
      0.057875,
      0.025351,
      -0.141699,
      -0.070792,
      -0.084505,
      -0.134233,
      -0.108005,
      -0.121283,
      0.017878,
      0.044972,
      0.042125,
      -0.028691,
      -0.101031,
      -0.134253,
      -0.084844,
      -0.007737,
      0.063426,
      0.064322,
      -0.001056,
      0.003751,
      -0.06961,
      -0.075802,
      -0.002887,
      0.06861,
      -0.015961,
      0.034065,
      -0.134889,
      -0.147146,
      -0.057352,
      0.000953,
      -0.046297,
      -0.030134,
      -0.100393,
      -0.010304,
      -0.068987,
      -0.074345,
      -0.048926,
      -0.034974,
      -0.102061,
      0.055066,
      -0.00658,
      -0.038637,
      -0.122448,
      -0.139781,
      -0.014654,
      -0.152299,
      0.069982,
      0.035259,
      -0.108619,
      0.029216,
      -0.077738,
      -0.104822,
      0.01551,
      0.038825,
      -0.024264,
      0.01348,
      0.059261,
      -0.136446,
      -0.064399,
      0.039548,
      -0.132954,
      -0.056836,
      0.036555,
      0.090862,
      -0.051698,
      -0.129472,
      0.055098,
      -0.113572,
      0.021672,
      -0.134933,
      0.057639,
      -0.041269,
      -0.053454,
      -0.10949,
      0.000627,
      -0.046728,
      0.066038,
      0.050572,
      -0.024937,
      0.048816,
      -0.11479,
      0.041362,
      -0.114737,
      -0.086873,
      -0.085887,
      -0.115289,
      -0.015115,
      0.042164,
      0.081016,
      -0.110909,
      -0.044901,
      0.001064,
      -0.094105,
      -0.121498,
      -0.163382,
      -0.06154,
      -0.127805,
      -0.140781,
      -0.136399,
      0.064207,
      0.028775,
      -0.026253,
      0.000716,
      -0.112272,
      0.022417,
      0.057485,
      -0.079091,
      -0.161642,
      0.068002,
      -0.006407,
      -0.154937,
      -0.073326,
      0.017175,
      -0.018241,
      -0.05053,
      -0.146809,
      -0.16652,
      -0.103683,
      0.043945,
      -0.089868,
      0.046803,
      -0.154971,
      -0.03408,
      -0.014636,
      -0.075709,
      0.049418,
      -0.090337,
      -0.058648,
      -0.070909,
      -0.105538,
      -0.1225,
      0.007287,
      -0.097456,
      -0.033953,
      0.007567,
      -0.005545,
      0.059846,
      0.054248,
      -0.102159,
      0.028881,
      0.026994,
      -0.113543,
      -0.071343,
      0.019966,
      0.017888,
      -0.061139,
      0.000778,
      0.013014,
      -0.029799,
      -0.105134,
      0.061593,
      0.006997,
      -0.165673,
      -0.043049,
      0.040007,
      -0.057534,
      -0.001835,
      0.051994,
      0.058527,
      -0.080934,
      -0.0707,
      0.046854,
      -0.149883,
      -0.065496,
      0.040398,
      -0.040231,
      -0.148258,
      0.053049,
      -0.057768,
      -0.014956,
      -0.010938,
      -0.019025,
      -0.0292,
      -0.108568,
      0.033403,
      -0.007382,
      -0.072951,
      -0.155691,
      0.015164,
      -0.124602,
      -0.141146,
      -0.119776,
      -0.098623,
      -0.016787,
      -0.095955,
      0.006259,
      0.042667,
      0.043049,
      0.043364,
      0.032081,
      0.06558,
      -0.005789,
      -0.134178,
      -0.141857,
      -0.067522,
      0.040402,
      -0.131603,
      -0.147887,
      -0.086719,
      0.05012,
      0.002203,
      0.053904,
      -0.114445,
      -0.102618,
      -0.07209,
      0.011891,
      -0.117778,
      -0.159784,
      -0.032361,
      -0.126263,
      -0.028583,
      0.009557,
      0.015613,
      0.032569,
      -0.064028,
      -0.077477,
      -0.034348,
      -0.081573,
      -0.109842,
      0.004996,
      -0.090869,
      -0.11551,
      0.034997,
      -0.11173,
      -0.136216,
      -0.06695,
      -0.046025,
      -0.004901,
      -0.006664,
      0.007457,
      0.034323,
      -0.155304,
      -0.040117,
      0.069494,
      -0.159236,
      -0.10879,
      -0.124694,
      0.006691,
      0.009841,
      0.015495,
      0.011202,
      -0.062404,
      -0.086524,
      -0.05648,
      -0.15715,
      0.009606,
      0.00799,
      -0.116048,
      0.029715,
      -0.11551,
      0.002229,
      0.060622,
      -0.013935,
      0.02285,
      -0.116118,
      0.012721,
      -0.143543,
      -0.069249,
      0.012718,
      -0.139806,
      -0.076411,
      -0.024916,
      -0.050026,
      -0.099542,
      -0.069403,
      -0.145617,
      0.0471,
      0.036739,
      -0.124614,
      -0.028252,
      0.019096,
      -0.106435,
      0.060512,
      0.026836,
      -0.103811,
      -0.09113,
      -0.048139,
      -0.067986,
      -0.026811,
      -0.024082,
      -0.096366,
      -0.137537,
      -0.013373,
      -0.081075,
      -0.067105,
      -0.112987,
      -0.019093,
      -0.084843,
      -0.062813,
      -0.079,
      -0.087191,
      -0.025814,
      -0.145264,
      -0.158964,
      0.038881,
      0.019593,
      -0.037926,
      -0.1249,
      -0.109349,
      0.017517,
      -0.127301,
      -0.086557,
      -0.027225,
      -0.07888,
      0.021691,
      -0.111758,
      -0.123202,
      -0.006574,
      0.026894,
      -0.083437,
      -0.127371,
      -0.134069,
      0.088669,
      -0.081785,
      -0.102796,
      0.078913,
      0.031895,
      -0.114668,
      0.003755,
      -0.079162,
      -0.043374,
      -0.099797,
      0.059221,
      0.094499,
      -0.027249,
      -0.04625,
      -0.008631,
      0.074969,
      0.020925,
      0.052477,
      -0.09539,
      0.048306,
      0.09207,
      -0.115143,
      0.08474,
      -0.040434,
      -0.087995,
      0.080725,
      0.048911,
      0.150133,
      -0.004592,
      -0.106815,
      0.047943,
      -0.030886,
      0.013725,
      -0.066795,
      0.079204,
      -0.040072,
      -0.009478,
      -0.032202,
      -0.035115,
      -0.076334,
      0.064752,
      0.132494,
      -0.111815,
      0.121057,
      -0.078167,
      0.12579,
      0.008215,
      0.058175,
      -0.133175,
      0.00092,
      0.126655,
      0.049618,
      0.010984,
      0.074757,
      0.129019,
      0.003972,
      -0.076426,
      -0.069406,
      -0.008596,
      0.021089,
      0.115442,
      -0.077788,
      -0.012656,
      0.058513,
      -0.09168,
      -0.005623,
      0.052319,
      -0.034453,
      -0.02767,
      -0.053594,
      0.058734,
      -0.021117,
      0.094053,
      0.111144,
      -0.061066,
      -0.103816,
      0.007585,
      0.029781,
      -0.056296,
      -0.027383,
      0.013618,
      0.000671,
      0.054115,
      -0.043653,
      0.148458,
      -0.066156,
      0.133882,
      -0.07712,
      -0.059319,
      0.051603,
      -0.077492,
      0.021087,
      0.067022,
      -0.061334,
      -0.085289,
      0.040389,
      -0.005007,
      0.12239,
      -0.050151,
      -0.024143,
      -0.066018,
      -0.021152,
      0.100996,
      0.036817,
      0.021999,
      0.140188,
      0.008516,
      0.055369,
      0.006699,
      0.030546,
      -0.062863,
      0.125809,
      0.101012,
      0.08798,
      0.007507,
      0.073499,
      0.053571,
      -0.079056,
      -0.007728,
      -0.007513,
      -0.057638,
      -0.067799,
      0.08466,
      -0.060478,
      0.1602,
      0.088694,
      0.140605,
      0.004497,
      0.077025,
      -0.009462,
      0.157174,
      0.092033,
      -0.059047,
      0.102652,
      0.06609,
      0.061094,
      0.106009,
      0.067655,
      -0.143242,
      0.020158,
      -0.000965,
      -0.043474,
      0.087554,
      0.047197,
      0.054091,
      0.119108,
      0.084795,
      0.106777,
      0.069692,
      -0.032797,
      0.058816,
      0.130974,
      0.14443,
      0.132622,
      -0.022051,
      -0.033487,
      0.09018,
      0.078789,
      0.052465,
      -0.016073,
      0.086442,
      -0.024046,
      0.079856,
      0.028406,
      -0.004096,
      0.055701,
      0.140574,
      -0.043079,
      0.09591,
      0.088975,
      -0.070136,
      -0.009002,
      0.147937,
      -0.061597,
      -0.047168,
      0.072415,
      -0.028318,
      0.129058,
      0.021923,
      -0.053303,
      -0.051422,
      -0.055841,
      0.099268,
      0.033317,
      0.072807,
      0.130159,
      0.114235,
      -0.014413,
      0.077734,
      -0.002844,
      0.093061,
      -0.018607,
      0.058242,
      0.083415,
      0.058088,
      -0.02072,
      0.056148,
      0.135552,
      0.041891,
      0.066876,
      0.017272,
      -0.048505,
      0.078205,
      -0.032298,
      0.139699,
      0.134328,
      0.130217,
      0.076673,
      0.090986,
      -0.005578,
      0.10201,
      0.075505,
      0.083762,
      -0.008134,
      -0.055298,
      -0.055283,
      0.064258,
      0.058068,
      0.048374,
      0.104137,
      0.090505,
      -0.040525,
      0.017177,
      -0.013447,
      0.058647,
      0.085788,
      0.063762,
      0.071078,
      -0.009101,
      0.12648,
      0.137167,
      0.076146,
      0.103888,
      0.145521,
      0.087409,
      0.152059,
      -0.033626,
      0.14092,
      0.031627,
      -0.051533,
      0.156754,
      0.123107,
      0.154424,
      0.050973,
      0.146208,
      0.166662,
      -0.042033,
      0.016808,
      -0.039925,
      0.096391,
      0.156747,
      0.093479,
      0.129098,
      0.099199,
      -0.015876,
      0.090195,
      -0.04917,
      -0.039889,
      -0.068589,
      -0.029405,
      0.056761,
      0.124313,
      0.013451,
      0.08966,
      0.017529,
      0.051251,
      0.07007,
      0.14914,
      -0.025445,
      0.099789,
      0.031504,
      0.12056,
      -0.025054,
      0.123379,
      0.158523,
      0.144161,
      0.115308,
      0.156069,
      0.148093,
      0.016557,
      0.035686,
      -0.048503,
      0.080348,
      0.055398,
      0.039237,
      0.078885,
      0.0263,
      -0.034392,
      0.10362,
      0.037719,
      0.017306,
      0.016582,
      -0.003569,
      0.007156,
      0.021748,
      0.130611,
      -0.008562,
      0.037625,
      -0.014963,
      0.141069,
      0.00071,
      0.045966,
      -0.058472,
      0.168177,
      0.041775,
      0.042608,
      0.103352,
      -0.017156,
      0.061789,
      0.045514,
      0.143325,
      0.030636,
      0.078886,
      0.144193,
      0.15203,
      0.016687,
      -0.024809,
      -0.057141,
      0.073416,
      -0.036974,
      0.008567,
      -0.014233,
      0.155635,
      0.053985,
      0.030183,
      -0.026112,
      -0.047879,
      0.059286,
      0.13246,
      0.095272,
      0.067274,
      0.029124,
      0.115615,
      0.131958,
      0.130793,
      0.030243,
      0.077148,
      -0.00126,
      0.081446,
      0.082797,
      -0.019296,
      0.089599,
      0.117814,
      -0.052995,
      0.018349,
      0.119848,
      -0.019525,
      -0.027147,
      0.13618,
      0.026175,
      -0.021048,
      0.15787,
      -0.06019,
      -0.058732,
      0.164792,
      0.062249,
      0.00484,
      -0.012517,
      0.059034,
      0.044267,
      0.077028,
      -0.004575,
      -0.042706,
      -0.041056,
      -0.046852,
      0.144026,
      0.045156,
      0.080741,
      0.038855,
      0.075215,
      -0.007784,
      -0.05184,
      -0.164179,
      -0.133778,
      -0.135712,
      0.067892,
      -0.071604,
      0.045836,
      0.025423,
      0.078886,
      -0.086117,
      0.008276,
      0.001576,
      -0.036126,
      0.067905,
      0.034858,
      0.056646,
      -0.007038,
      -0.052295,
      0.028188,
      0.06277,
      -0.03773,
      -0.112466,
      -0.018533,
      0.02731,
      0.099558,
      -0.081275,
      0.095657,
      0.06972,
      0.134278,
      0.079084,
      0.069425,
      -0.0297,
      -0.079514,
      -0.056656,
      0.025505,
      0.063326,
      0.013225,
      -0.104348,
      -0.016442,
      0.116852,
      0.089738,
      0.057382,
      -0.009546,
      -0.020672,
      0.027241,
      0.067306,
      -0.092156,
      -0.131731,
      -0.069751,
      -0.048362,
      0.048439,
      0.111736,
      0.019172,
      0.094741,
      0.066789,
      0.103066,
      -0.023794,
      0.08153,
      0.082263,
      0.053086,
      0.007054,
      -0.029632,
      0.011065,
      0.001824,
      0.081778,
      -0.003104,
      0.02408,
      0.027068,
      -0.145476,
      0.065475,
      -0.060817,
      -0.065078,
      0.046368,
      0.024442,
      -0.042162,
      0.090331,
      0.047619,
      -0.006459,
      0.122892,
      -0.053319,
      -0.048734,
      0.064533,
      -0.080725,
      0.091087,
      -0.060131,
      0.022511,
      -0.042934,
      0.104629,
      -0.059187,
      -0.007568,
      0.025563,
      -0.111545,
      0.096004,
      -0.095922,
      -0.009575,
      -0.028797,
      -0.107627,
      -0.073032,
      0.082538,
      0.040942,
      0.129943,
      0.100152,
      0.047676,
      -0.06635,
      -0.040091,
      0.053781,
      -0.019453,
      -0.060942,
      0.061985,
      -0.036363,
      -0.042237,
      0.1209,
      0.049519,
      -0.034203,
      0.090884,
      0.011347,
      0.083315,
      -0.040291,
      0.084143,
      0.144061,
      0.051993,
      0.072549,
      -0.13245,
      -0.030722,
      -0.044048,
      0.08621,
      0.065315,
      0.126104,
      0.130816,
      -0.05834,
      0.019455,
      -0.000126,
      0.02411,
      -0.082545,
      -0.018478,
      0.047085,
      0.13539,
      -0.090543,
      0.078028,
      -0.009265,
      0.129517,
      0.133603,
      0.025199,
      0.080167,
      -0.045153,
      0.02945,
      -0.087376,
      0.148862,
      0.078023,
      -0.01929,
      0.091166,
      -0.061645,
      -0.049473,
      -0.016306,
      0.011688,
      0.062153,
      -0.017225,
      -0.006736,
      0.04873,
      0.132819,
      0.113662,
      0.126586,
      0.032514,
      -0.042589,
      0.026277,
      -0.040884,
      -0.007258,
      -0.005426,
      -0.086722,
      0.061471,
      -0.039481,
      0.018108,
      0.081378,
      0.031667,
      0.001435,
      0.031477,
      0.078151,
      0.138128,
      0.097958,
      0.00766,
      -0.026435,
      0.120352,
      0.001869,
      0.116373,
      0.107383,
      -0.031859,
      0.133609,
      0.019939,
      0.137251,
      0.115706,
      0.041554,
      0.031808,
      0.096546,
      0.111611,
      0.063668,
      0.119854,
      -0.005136,
      0.022915,
      -0.070282,
      -0.009781,
      0.098557,
      0.032357,
      0.063863,
      -0.007153,
      -0.049208,
      0.067158,
      0.046584,
      0.016703,
      0.066159,
      -0.050058,
      0.125481,
      0.099744,
      -0.040934,
      0.048734,
      0.016285,
      0.092929,
      0.106943,
      0.030688,
      -0.015565,
      0.081868,
      -0.033746,
      0.099476,
      -0.035759,
      0.145774,
      -0.00663,
      0.119956,
      0.054898,
      -0.017313,
      -0.0073,
      0.009854,
      -0.024453,
      0.036745,
      0.072952,
      -0.06184,
      -0.042058,
      0.107409,
      -0.031834,
      0.004136,
      0.06862,
      -0.019468,
      -0.017717,
      0.087524,
      0.111043,
      -0.069863,
      0.085611,
      0.082588,
      0.069197,
      0.093722,
      0.119223,
      0.052086,
      0.087972,
      0.096423,
      0.099878,
      -0.033877,
      -0.024457,
      0.111638,
      -0.01007,
      0.150078,
      -0.019135,
      0.150316,
      -0.027927,
      -0.060485,
      0.006073,
      0.075523,
      -0.011674,
      0.119177,
      0.046297,
      0.145677,
      0.105205,
      -0.037652,
      0.12165,
      0.105592,
      -0.041699,
      0.143792,
      0.031901,
      -0.077761,
      0.004683,
      -0.016506,
      0.133602,
      0.051116,
      0.117483,
      -0.044372,
      -0.001603,
      0.087912,
      0.090918,
      -0.031734,
      0.057199,
      -0.010825,
      0.018223,
      0.093581,
      0.111684,
      0.074563,
      0.068223,
      0.151969,
      0.053035,
      -0.056766,
      0.056295,
      0.029745,
      -0.023623,
      0.123687,
      -0.069635,
      -0.042085,
      0.064499,
      0.086271,
      -0.041908,
      -0.038329,
      0.077523,
      0.046984,
      0.136791,
      -0.026086,
      0.044828,
      -0.067843,
      -0.057819,
      0.033671,
      0.08715,
      -0.005904,
      0.033535,
      -0.050966,
      0.047317,
      0.062837,
      0.004509,
      0.077444,
      0.067824,
      0.047439,
      0.008023,
      0.131429,
      0.124861,
      -0.046257,
      0.034383,
      -0.06523,
      0.101669,
      -0.041757,
      0.037758,
      0.114397,
      0.119253,
      -0.029654,
      -0.032173,
      0.061084,
      -0.009898,
      0.069798,
      0.063858,
      -0.026738,
      0.013683,
      0.03194,
      0.107209,
      -0.065412,
      0.003183,
      -0.055428,
      -0.040321,
      0.084842,
      0.06887,
      0.050243,
      -0.064354,
      0.108775,
      -0.044551,
      -0.024582,
      0.064759,
      0.052941,
      0.053347,
      0.042663,
      0.075403,
      0.063715,
      0.104999,
      0.091095,
      0.026681,
      0.074675,
      -0.04026,
      0.0374,
      0.023057,
      -0.001557,
      0.063506,
      0.075452,
      -0.036457,
      0.114072,
      0.071394,
      -0.027312,
      0.024713,
      0.02528,
      0.088244,
      0.021835,
      0.145215,
      0.04756,
      0.117524,
      0.108264,
      0.105315,
      -0.009968,
      -0.070691,
      0.040342,
      0.070159,
      -0.02505,
      -0.008632,
      -0.061818,
      -0.132043,
      0.009362,
      -0.061696,
      -0.002337,
      -0.117459,
      -0.015055,
      0.008204,
      -0.030608,
      -0.028073,
      -0.014689,
      0.052618,
      0.009629,
      -0.129307,
      -0.023917,
      -0.12381,
      0.091525,
      -0.097559,
      0.02039,
      -0.010714,
      0.052939,
      -0.061822,
      -0.10202,
      -0.058094,
      -0.096646,
      0.098214,
      -0.011132,
      0.041532,
      -0.043883,
      -0.052345,
      0.047937,
      -0.008955,
      -0.005929,
      0.030819,
      -0.082564,
      0.05355,
      0.0592,
      -0.10625,
      0.029028,
      -0.027969,
      0.073148,
      0.127978,
      0.050407,
      -0.067489,
      0.071171,
      -0.061233,
      0.013013,
      0.040512,
      -0.055123,
      -0.121263,
      0.009734,
      -0.020427,
      -0.116972,
      0.094578,
      0.10611,
      0.008766,
      -0.080412,
      -0.009886,
      -0.071778,
      -0.008018,
      -0.094667,
      -0.069545,
      -0.055138,
      -0.07572,
      0.089441,
      0.085808,
      0.034477,
      -0.031087,
      -0.020259,
      0.094802,
      0.098363,
      -0.020411,
      -0.023008,
      0.155061,
      -0.071755,
      -0.110826,
      0.063599,
      -0.085406,
      0.103261,
      0.012585,
      0.009257,
      0.042641,
      0.045081,
      -0.076529,
      0.009328,
      0.099525,
      0.039768,
      0.084163,
      0.008717,
      -0.038103,
      0.127323,
      0.014058,
      -0.06749,
      -0.04722,
      0.056415,
      0.07556,
      0.083546,
      0.123638,
      0.001247,
      0.10276,
      0.098365,
      -0.085761,
      0.041841,
      -0.036191,
      -0.045246,
      0.121426,
      0.126969,
      0.068827,
      0.101729,
      -0.063001,
      -0.050987,
      -0.061842,
      -0.072683,
      -0.049446,
      0.092905,
      -0.055825,
      -0.013238,
      0.077304,
      0.161123,
      0.138453,
      0.038875,
      -0.03496,
      -0.050133,
      0.145819,
      -0.090509,
      0.126986,
      0.043406,
      0.139768,
      -0.025707,
      0.056633,
      -0.067471,
      -0.008652,
      0.149591,
      -0.063471,
      -0.080567,
      -0.003987,
      -0.045986,
      -0.030024,
      0.103284,
      -0.034094,
      -0.020046,
      -0.074017,
      0.018563,
      0.076188,
      -0.067056,
      0.024898,
      -0.043214,
      -0.013787,
      0.052356,
      0.068682,
      0.091649,
      0.144334,
      0.098505,
      0.04069,
      -0.015757,
      0.123349,
      -0.070715,
      0.131607,
      0.11929,
      0.012083,
      0.076744,
      -0.035499,
      -0.001303,
      -0.038349,
      -0.065639,
      0.019225,
      -0.049395,
      -0.006914,
      0.135578,
      -0.066749,
      0.086818,
      -0.029018,
      0.055902,
      0.031209,
      -0.065292,
      -0.028324,
      0.082887,
      0.148915,
      0.049146,
      0.122893,
      0.100208,
      -0.01526,
      -0.060052,
      0.092083,
      0.082325,
      -0.075809,
      0.024587,
      0.153491,
      -0.005923,
      -0.001835,
      0.062973,
      -0.021011,
      -0.031197,
      0.075522,
      -0.073625,
      0.162225,
      -0.017089,
      0.08152,
      -0.047811,
      0.068107,
      0.100284,
      0.12465,
      0.044977,
      -0.071143,
      0.124709,
      0.000366,
      0.0233,
      0.097355,
      0.02746,
      0.141772,
      -0.039987,
      0.08076,
      0.020449,
      -0.041446,
      -0.039771,
      0.002461,
      0.018846,
      0.009113,
      -0.061583,
      -0.075098,
      0.145962,
      0.111977,
      -0.00822,
      -0.041235,
      0.122632,
      0.095546,
      -0.015418,
      0.12089,
      0.015003,
      -0.04405,
      -0.085224,
      -0.047994,
      0.046721,
      0.081657,
      0.154175,
      0.01979,
      0.106534,
      0.077451,
      0.165002,
      -0.049615,
      0.080904,
      -0.068831,
      0.149588,
      -0.055985,
      0.089556,
      0.023133,
      0.105398,
      0.033558,
      0.095354,
      -0.05812,
      0.124315,
      -0.030855,
      0.075881,
      0.00539,
      0.155527,
      -0.0041,
      0.092706,
      0.002783,
      0.126382,
      0.089663,
      0.057948,
      0.100628,
      0.005535,
      0.033063,
      0.016065,
      -0.03651,
      0.056108,
      0.080895,
      -0.05656,
      -0.018089,
      -0.065198,
      0.126892,
      0.051509,
      -0.019006,
      -0.001277,
      0.065042,
      -0.07767,
      0.041659,
      0.118484,
      0.115605,
      -0.024832,
      0.025401,
      0.034702,
      -0.030431,
      -0.073661,
      0.138082,
      -0.053527,
      0.02807,
      0.065693,
      -0.049945,
      -0.022876,
      0.029469,
      0.144242,
      0.144308,
      0.085173,
      0.000598,
      0.138434,
      0.070759,
      0.020617,
      -0.004034,
      -0.052453,
      0.03646,
      -0.030481,
      -0.050825,
      0.063014,
      0.153711,
      0.024296,
      0.032508,
      0.024538,
      -0.066772,
      -0.022735,
      -0.002152,
      0.096053,
      -0.012218,
      0.006065,
      0.059187,
      -0.056372,
      -0.061706,
      0.155798,
      -0.007751,
      0.099057,
      0.127172,
      0.016568,
      0.002252,
      -0.041089,
      -0.069058,
      0.013571,
      0.014354,
      0.083294,
      0.105139,
      -0.006856,
      0.148576,
      0.024355,
      -0.07478,
      0.116338,
      0.005635,
      0.035059,
      -0.00039,
      0.023603,
      0.102539,
      0.100894,
      -0.015565,
      0.119619,
      0.023952,
      -0.051681,
      -0.003219,
      0.034233,
      -0.001827,
      0.030489,
      0.115344,
      -0.061425,
      0.096977,
      -0.033171,
      0.044903,
      0.009787,
      -0.038725,
      0.056664,
      -0.021808,
      0.066478,
      0.011304,
      0.114389,
      -0.043738,
      0.149713,
      0.046772,
      -0.032428,
      -0.058881,
      0.128626,
      0.146271,
      0.160935,
      0.022822,
      -0.021721,
      0.144104,
      0.112486,
      -0.006904,
      0.018585,
      0.039088,
      0.113058,
      0.083466,
      -0.004231,
      0.089805,
      0.040688,
      -0.008033,
      0.098873,
      -0.038724,
      0.077123,
      -0.07105,
      -0.042953,
      0.134915,
      0.078182,
      -0.003721,
      0.03999,
      0.106101,
      0.081044,
      -0.048037,
      -0.099102,
      0.037588,
      -0.133336,
      -0.099039,
      -0.13047,
      -0.02527,
      -0.127365,
      -0.109037,
      0.065029,
      -0.112826,
      0.012955,
      -0.127553,
      -0.084758,
      -0.117267,
      -0.000649,
      -0.022873,
      0.064529,
      0.039069,
      0.059052,
      0.041816,
      0.057369,
      0.051749,
      -0.09188,
      -0.137086,
      -0.081579,
      -0.013082,
      0.01028,
      -0.025853,
      -0.145698,
      0.00706,
      -0.054337,
      -0.082414,
      0.012504,
      0.044898,
      -0.097213,
      -0.012276,
      -0.051261,
      0.038486,
      0.017565,
      -0.06765,
      0.052089,
      -0.034068,
      -0.119133,
      -0.043058,
      -0.111151,
      0.04187,
      -0.149571,
      -0.11079,
      -0.065081,
      -0.093841,
      -0.09529,
      -0.025779,
      0.003366,
      0.165882,
      0.032957,
      -0.043052,
      0.063473,
      -0.07503,
      0.024684,
      -0.086117,
      -0.02075,
      -0.00775,
      -0.054012,
      -0.111348,
      -0.009443,
      -0.068101,
      0.073043,
      -0.024318,
      -0.068656,
      0.10871,
      -0.09129,
      -0.091702,
      -0.083438,
      -0.044659,
      -0.10084,
      -0.033062,
      0.059034,
      0.041066,
      0.018731,
      0.040854,
      -0.058945,
      -0.05887,
      -0.045863,
      -0.005111,
      -0.028944,
      0.153251,
      -0.111257,
      0.099696,
      0.002541,
      -0.095343,
      -0.076591,
      0.046315,
      -0.06851,
      0.058353,
      0.102489,
      0.114812,
      0.042838,
      0.062428,
      -0.038993,
      0.046232,
      -0.047324,
      0.132787,
      0.014545,
      0.091029,
      -0.038651,
      -0.023524,
      -0.074199,
      -0.00547,
      -0.036784,
      0.0174,
      -0.024408,
      0.054152,
      -0.06537,
      -0.049255,
      0.018532,
      0.106254,
      -0.00498,
      0.074708,
      -0.058824,
      0.099023,
      -0.035734,
      -0.026951,
      0.026699,
      0.107226,
      -0.057834,
      -0.056445,
      0.046402,
      0.09925,
      0.030063,
      0.067863,
      0.016799,
      0.157301,
      0.051574,
      0.106481,
      0.049291,
      0.151601,
      0.006086,
      0.039906,
      -0.085685,
      0.056512,
      0.036085,
      0.112266,
      0.004549,
      -0.079604,
      0.104457,
      0.122896,
      0.085947,
      0.129891,
      -0.004944,
      -0.010605,
      -0.073137,
      0.153889,
      0.123477,
      0.115707,
      0.068267,
      0.097169,
      -0.051677,
      0.073809,
      0.001986,
      0.09004,
      -0.033547,
      -0.048274,
      0.057956,
      0.116693,
      0.139726,
      -0.042889,
      0.042547,
      -0.03193,
      -0.010889,
      0.048315,
      0.016997,
      -0.070856,
      0.057221,
      -0.039033,
      0.004376,
      0.155436,
      0.073322,
      0.005796,
      0.047515,
      0.108439,
      0.066334,
      0.0688,
      0.044314,
      0.075966,
      -0.014678,
      -0.066992,
      -0.020098,
      -0.079803,
      -0.068695,
      -0.071612,
      -0.03825,
      0.108051,
      0.075753,
      0.153547,
      0.065936,
      0.069933,
      0.034467,
      0.070606,
      0.127389,
      0.086901,
      0.061905,
      0.127377,
      -0.024474,
      0.015262,
      0.101996,
      0.144645,
      0.019478,
      0.072415,
      0.101403,
      0.126522,
      -0.062247,
      -0.030413,
      -0.034039,
      -0.068663,
      0.077233,
      0.048273,
      0.10099,
      0.040732,
      0.116208,
      -0.074503,
      0.113084,
      -0.019158,
      0.02902,
      0.09351,
      0.06735,
      0.027907,
      -0.018301,
      0.07557,
      -0.017089,
      -0.035782,
      0.123977,
      0.15109,
      -0.059306,
      -0.053223,
      -0.053921,
      -0.008651,
      0.150935,
      0.077079,
      -0.040982,
      0.024837,
      0.154331,
      0.019829,
      0.014113,
      0.090753,
      0.135362,
      0.114818,
      -0.050464,
      0.105662,
      0.065221,
      0.061739,
      -0.067346,
      -0.002545,
      -0.003851,
      0.119082,
      0.100283,
      -0.076373,
      -0.059801,
      -0.044298,
      0.108141,
      -0.021302,
      -0.019475,
      0.04026,
      -0.013463,
      0.15711,
      -0.019933,
      0.010945,
      0.091671,
      -0.072662,
      0.050018,
      0.032582,
      0.162761,
      0.06718,
      -0.048145,
      0.126271,
      -0.056519,
      0.068991,
      0.047181,
      0.06894,
      -0.068027,
      0.041934,
      0.127724,
      -0.057485,
      0.091001,
      0.124357,
      0.15236,
      0.1406,
      0.155917,
      0.021559,
      0.148588,
      -0.035936,
      0.108968,
      -0.055555,
      0.131881,
      0.009228,
      -0.05859,
      0.124787,
      0.077964,
      0.130755,
      -0.04545,
      -0.031608,
      0.115439,
      0.096265,
      0.055499,
      0.039103,
      -0.015649,
      0.097906,
      -0.025593,
      0.122223,
      0.063984,
      -0.052274,
      0.015607,
      0.11254,
      -0.056113,
      0.08721,
      0.008683,
      -0.076323,
      0.131865,
      0.070309,
      -0.003112,
      0.006086,
      0.145911,
      0.028779,
      0.062573,
      0.09578,
      -0.003889,
      -0.068219,
      -0.062218,
      -0.000696,
      0.005925,
      0.134778,
      0.045153,
      -0.056209,
      -0.031964,
      -0.009847,
      0.138084,
      -0.064468,
      -0.057951,
      -0.027677,
      0.137095,
      -0.04036,
      -0.001425,
      0.045068,
      0.000552,
      0.066692,
      -0.024206,
      0.088959,
      0.126513,
      0.051751,
      0.14322,
      0.008597,
      0.127761,
      -0.067231,
      0.139323,
      0.074973,
      0.149909,
      0.068777,
      0.105359,
      -0.057036,
      0.135841,
      0.057472,
      -0.035513,
      -0.063313,
      0.142715,
      -0.027444,
      0.037366,
      -0.009867,
      -0.022822,
      0.048556,
      0.127708,
      -0.009148,
      -0.007215,
      0.115133,
      -0.007179,
      0.092443,
      0.109798,
      -0.031337,
      -0.043655,
      0.129891,
      0.068995,
      -0.076515,
      0.081579,
      0.125408,
      -0.015362,
      0.077835,
      0.038144,
      -0.015115,
      -0.004534,
      0.093108,
      0.118806,
      -0.03057,
      0.04784,
      -0.092027,
      -0.135317,
      0.035335,
      -0.159722,
      -0.124167,
      0.024268,
      -0.142595,
      -0.037565,
      -0.100243,
      -0.055499,
      -0.092747,
      -0.098078,
      -0.007913,
      0.046211,
      -0.014191,
      -0.144173,
      -0.081263,
      -0.075297,
      0.069989,
      0.073684,
      0.033221,
      0.02239,
      -0.072902,
      -0.047071,
      -0.087849,
      0.054601,
      -0.023685,
      -0.088246,
      -0.086349,
      0.047152,
      0.024441,
      -0.041318,
      -0.04732,
      -0.070611,
      0.050929,
      -0.081702,
      -0.02865,
      -0.034876,
      0.042853,
      0.001604,
      -0.158696,
      -0.100912,
      -0.001899,
      -0.150163,
      0.016169,
      -0.086596,
      0.003311,
      0.107074,
      0.03632,
      -0.007188,
      -0.094317,
      0.061711,
      -0.114044,
      0.030715,
      0.090483,
      -0.122977,
      0.143713,
      -0.015531,
      -0.013675,
      -0.082499,
      0.070882,
      0.032265,
      -0.035849,
      0.062173,
      -0.100988,
      0.059928,
      0.132791,
      0.042542,
      -0.020819,
      -0.093567,
      -0.016402,
      0.085448,
      0.00758,
      -0.017337,
      0.073824,
      0.063173,
      0.052359,
      0.074191,
      0.064239,
      -0.131353,
      -0.138675,
      -0.07693,
      0.101256,
      0.005911,
      0.014229,
      0.063129,
      0.043655,
      -0.031844,
      0.139457,
      -0.032493,
      -0.00893,
      -0.003184,
      0.103314,
      0.132368,
      -0.083055,
      0.044729,
      0.147193,
      -0.039169,
      -0.058845,
      -0.086576,
      -0.024758,
      0.060173,
      -0.01143,
      0.010469,
      0.029195,
      -0.049248,
      0.003159,
      0.06433,
      -0.080079,
      -0.027706,
      0.002168,
      -0.0865,
      -0.00067,
      -0.063103,
      -0.052873,
      -0.030281,
      -0.031544,
      -0.040738,
      -0.047361,
      -0.055332,
      -0.077161,
      0.004301,
      0.044584,
      -0.080447,
      -0.00811,
      0.025713,
      -0.06863,
      0.098411,
      -0.066065,
      -0.007415,
      -0.083198,
      0.033412,
      0.057186,
      0.111525,
      -0.104147,
      -0.103113,
      -0.054212,
      -0.050215,
      -0.07965,
      0.043211,
      -0.037979,
      -0.148216,
      0.139427,
      -0.016516,
      0.083828,
      -0.074772,
      0.057202,
      0.092861,
      -0.037849,
      0.043294,
      -0.022588,
      0.072956,
      0.059785,
      -0.057631,
      -0.002303,
      0.151592,
      0.007527,
      0.020025,
      -0.044344,
      0.049176,
      -0.061274,
      -0.035404,
      0.109504,
      0.024057,
      0.066744,
      0.011944,
      0.145772,
      -0.052886,
      -0.048726,
      -0.038004,
      0.02952,
      -0.031814,
      -0.057011,
      -0.050582,
      -0.113984,
      -0.023906,
      -0.063406,
      -0.059773,
      0.099903,
      -0.009205,
      -0.056799,
      0.02424,
      0.150189,
      0.076655,
      0.009504,
      -0.026856,
      -0.022007,
      0.108651,
      0.003119,
      0.029726,
      0.036175,
      0.023556,
      -0.054145,
      0.037227,
      -0.037221,
      0.058202,
      -0.028299,
      -0.021291,
      -0.009006,
      0.002716,
      0.162055,
      0.014801,
      -0.049911,
      0.022496,
      0.037357,
      0.12367,
      0.049522,
      -0.025176,
      0.078878,
      0.05564,
      0.130527,
      -0.039214,
      0.144482,
      0.137238,
      0.075091,
      -0.005157,
      0.000224,
      0.124664,
      -0.051357,
      0.007698,
      0.047601,
      0.10126,
      0.039315,
      0.109947,
      -0.064358,
      0.154022,
      0.112837,
      0.076764,
      -0.064874,
      0.081774,
      0.001342,
      0.058924,
      0.1312,
      0.132539,
      0.022398,
      -0.014258,
      -0.054072,
      -0.013421,
      -0.006765,
      0.092034,
      -0.047356,
      -0.071361,
      0.120258,
      0.059185,
      0.016258,
      0.085919,
      -0.032278,
      0.002124,
      0.046565,
      0.130753,
      0.133038,
      0.030578,
      0.026494,
      0.078641,
      -0.04979,
      -0.02098,
      0.05113,
      -0.064301,
      0.112569,
      0.099756,
      -0.003817,
      -0.031881,
      0.016218,
      -0.058705,
      0.08789,
      0.125449,
      0.070726,
      0.070155,
      0.087274,
      -0.0006,
      0.024624,
      -0.037692,
      -0.053957,
      -0.054827,
      -0.052782,
      0.056576,
      0.076701,
      -0.002845,
      0.068247,
      -0.032641,
      -0.024213,
      0.063469,
      0.102946,
      0.095235,
      0.064113,
      -0.051128,
      -0.019602,
      0.094809,
      0.058727,
      0.079669,
      0.007264,
      0.144158,
      0.082415,
      0.116011,
      -0.0701,
      0.068727,
      -0.021916,
      0.013594,
      0.168201,
      0.073249,
      0.12415,
      -0.046001,
      0.101356,
      -0.04043,
      -0.039476,
      0.105186,
      0.13919,
      -0.058665,
      0.137975,
      0.034494,
      -0.020669,
      -0.005689,
      0.005851,
      -0.013603,
      0.001302,
      0.07374,
      -0.065498,
      0.122643,
      -0.025461,
      0.154612,
      0.133914,
      0.100363,
      0.149696,
      0.063707,
      -0.001628,
      0.124215,
      0.091448,
      0.11321,
      0.096031,
      0.067011,
      0.040914,
      0.068101,
      0.10802,
      0.101525,
      0.072916,
      -0.00286,
      0.070109,
      0.013673,
      0.061338,
      0.022464,
      -0.014928,
      0.031037,
      0.160102,
      0.088516,
      -0.049474,
      0.046293,
      -0.026388,
      0.161382,
      -0.074907,
      -0.040018,
      0.067828,
      -0.060724,
      0.140186,
      -0.051168,
      0.133112,
      -0.012452,
      -0.029681,
      0.1051,
      -0.059574,
      0.110066,
      -0.053577,
      0.017619,
      0.115521,
      -0.034347,
      0.019026,
      -0.042221,
      0.035639,
      -0.001642,
      0.152227,
      0.147672,
      0.066846,
      0.090688,
      -0.055116,
      -0.056232,
      0.060252,
      0.101322,
      0.036908,
      0.071661,
      0.076537,
      0.148752,
      0.058141,
      0.143057,
      0.01057,
      -0.021027,
      -0.013095,
      0.103953,
      0.105646,
      -0.023953,
      0.005512,
      -0.05926,
      -0.005645,
      -0.059176,
      0.15498,
      -0.053499,
      0.031131,
      0.04777,
      0.05202,
      0.118321,
      0.064748,
      -0.006297,
      0.047725,
      0.059356,
      0.084001,
      0.102644,
      -0.025009,
      0.124329,
      0.080098,
      0.081437,
      0.106187,
      0.036739,
      -0.081532,
      0.004685,
      0.00718,
      0.118011,
      0.044592,
      -0.006794,
      -0.060674,
      0.07264,
      0.065936,
      0.021633,
      -0.081318,
      0.065638,
      -0.055715,
      0.034259,
      0.062921,
      0.104463,
      0.016233,
      0.030052,
      -0.075362,
      0.12035,
      0.065176,
      0.001402,
      0.062469,
      0.146676,
      0.062115,
      0.070241,
      0.067607,
      -0.039339,
      -0.108614,
      0.03091,
      0.012096,
      -0.048515,
      -0.037257,
      -0.066913,
      0.051915,
      0.130747,
      0.099682,
      -0.021275,
      0.018197,
      -0.114222,
      0.040976,
      -0.068695,
      -0.01226,
      -0.000176,
      0.008942,
      -0.055077,
      -0.034698,
      -0.055877,
      0.014411,
      0.002392,
      0.140857,
      0.039254,
      0.103699,
      -0.034956,
      0.041114,
      0.043963,
      0.001393,
      -0.0765,
      -0.035253,
      -0.065636,
      0.024458,
      0.078414,
      -0.050011,
      0.051679,
      -0.049859,
      -0.023834,
      0.022112,
      0.089924,
      0.025953,
      -0.007467,
      0.051836,
      0.062738,
      -0.085149,
      -0.104399,
      0.032982,
      0.003801,
      0.011744,
      -0.020378,
      0.048272,
      -0.132727,
      0.149829,
      -0.068912,
      -0.067625,
      -0.127065,
      0.05759,
      0.032159,
      0.053587,
      0.120964,
      -0.140421,
      0.003894,
      -0.103638,
      1.5e-05,
      -0.005625,
      0.009959,
      -0.035161,
      0.067474,
      -0.029165,
      -0.069331,
      -0.134011,
      -0.079012,
      -0.072438,
      0.02279,
      -0.154755,
      0.054353,
      0.033779,
      -0.016427,
      0.013845,
      -0.053221,
      -0.039987,
      -0.108302,
      0.026223,
      -0.06854,
      0.07769,
      0.078098,
      0.133202,
      0.035894,
      0.027322,
      -0.040757,
      -0.026648,
      0.006986,
      -0.081962,
      0.007696,
      -0.116833,
      0.048787,
      0.05399,
      -0.068951,
      -0.014456,
      -0.017537,
      -0.084841,
      0.097299,
      -0.147756,
      -0.133281,
      -0.064874,
      -0.067886,
      0.026776,
      0.065844,
      -0.010457,
      0.023887,
      0.055463,
      -0.067888,
      -0.049107,
      0.028597,
      -0.119186,
      -0.092782,
      0.010448,
      -0.075556,
      -0.040285,
      -0.106094,
      -0.117895,
      -0.029174,
      -0.129642,
      -0.059397,
      -0.048742,
      -0.044947,
      0.031059,
      0.011793,
      -0.010882,
      -0.063804,
      -0.100666,
      -0.018802,
      0.05089,
      -0.096076,
      -0.067294,
      -0.102701,
      0.026113,
      0.069194,
      -0.157647,
      0.063806,
      -0.051474,
      -0.017272,
      -0.091835,
      0.080422,
      -0.093969,
      -0.108713,
      -0.003998,
      -0.138937,
      -0.009393,
      -0.046321,
      -0.022512,
      -0.067765,
      0.073052,
      -0.101665,
      0.054346,
      0.014944,
      -0.015791,
      -0.005184,
      -0.077802,
      -0.145032,
      -0.064492,
      -0.000898,
      -0.169446,
      -0.138704,
      -0.100871,
      -0.072402,
      0.015079,
      0.062975,
      0.045012,
      -0.146229,
      0.068237,
      -0.07862,
      -0.117064,
      -0.024525,
      0.034329,
      0.033281,
      0.043944,
      0.044198,
      -0.068053,
      0.049074,
      -0.022265,
      -0.097354,
      -0.153088,
      -0.047256,
      -0.020807,
      0.042917,
      -0.030412,
      -0.041747,
      0.003778,
      -0.103705,
      -0.155702,
      -0.04897,
      -0.010445,
      0.053638,
      -0.018365,
      -0.155527,
      -0.005429,
      -0.085151,
      -0.104757,
      0.00911,
      -0.091558,
      -0.132216,
      -0.150875,
      -0.117719,
      -0.039116,
      0.018175,
      -0.071193,
      0.03199,
      0.042159,
      -0.075789,
      0.019043,
      -0.036792,
      -0.093769,
      0.05684,
      -0.011216,
      -0.075186,
      -0.055991,
      0.007562,
      -0.156082,
      -0.008146,
      -0.102019,
      0.014659,
      -0.123736,
      -0.018566,
      -0.044738,
      -0.089374,
      -0.119212,
      -0.149115,
      -0.083582,
      -0.028706,
      -0.136594,
      -0.035788,
      -0.059236,
      -0.090952,
      0.003372,
      0.038585,
      0.059485,
      0.022049,
      -0.126414,
      -0.111443,
      -0.132763,
      -0.037002,
      -0.020255,
      -0.069306,
      -0.151354,
      0.031769,
      -0.043576,
      -0.101913,
      -0.051918,
      -0.079913,
      0.045194,
      -0.010961,
      -0.108694,
      -0.001254,
      -0.130861,
      -0.03242,
      -0.15874,
      -0.053655,
      -0.084105,
      -0.015659,
      0.000937,
      -0.021245,
      -0.074801,
      -0.014885,
      -0.057708,
      -0.111375,
      0.007853,
      0.06551,
      -0.134564,
      0.045341,
      -0.057346,
      -0.057927,
      0.037086,
      0.07016,
      0.002884,
      -0.084791,
      0.014872,
      0.006178,
      -0.144389,
      -0.105649,
      -0.008469,
      -0.067339,
      -0.124788,
      0.055108,
      -0.040823,
      0.045875,
      -0.030226,
      -0.083078,
      -0.119251,
      -0.027264,
      -0.129686,
      0.048888,
      0.004301,
      -0.100537,
      -0.010267,
      -0.133748,
      -0.128256,
      0.067923,
      -0.083147,
      0.043739,
      -0.073397,
      -0.006139,
      -0.123296,
      0.027577,
      0.02569,
      -0.036534,
      -0.074792,
      -0.02401,
      -0.048966,
      0.059353,
      -0.032268,
      -0.154651,
      0.029691,
      -0.074983,
      -0.037997,
      -0.052249,
      -0.1125,
      -0.026624,
      -0.107189,
      -0.023752,
      -0.05596,
      0.054901,
      -0.059402,
      -0.057353,
      -0.03211,
      -0.087236,
      0.011482,
      -0.034659,
      -0.016472,
      0.030736,
      0.051387,
      -0.02819,
      -0.092262,
      0.049295,
      -0.064317,
      0.052748,
      -0.143065,
      -0.102923,
      -0.160653,
      -0.003141,
      -0.146104,
      0.044314,
      -0.077392,
      -0.110534,
      0.05576,
      -0.019204,
      -0.052103,
      0.008993,
      -0.073827,
      0.034231,
      -0.101612,
      -0.11177,
      -0.045644,
      0.097168,
      -0.035462,
      0.001402,
      -0.12085,
      0.077138,
      -0.022377,
      -0.060196,
      -0.01625,
      0.034645,
      -0.023335,
      -0.066737,
      -0.051312,
      -0.003144,
      -0.031237,
      -0.067546,
      -0.058251,
      -0.046192,
      0.084112,
      0.030907,
      -0.099197,
      -0.073531,
      0.049861,
      0.049198,
      0.116271,
      0.077355,
      -0.028569,
      -0.085066,
      -0.072854,
      0.088407,
      -0.043161,
      0.019827,
      0.070511,
      0.120074,
      0.131444,
      0.099674,
      -0.000554,
      -0.048514,
      0.009447,
      0.062436,
      0.002584,
      -0.086269,
      0.039948,
      0.06398,
      0.007122,
      -0.056835,
      -0.030579,
      0.074422,
      0.041847,
      -0.028768,
      0.101076,
      0.031364,
      -0.027911,
      -0.079171,
      -0.016104,
      0.048958,
      0.001771,
      -0.090047,
      0.028546,
      0.053201,
      -0.045878,
      0.023497,
      0.118606,
      0.052654,
      0.084018,
      0.068443,
      0.054603,
      0.027544,
      -0.014319,
      -0.039267,
      0.064341,
      -0.013603,
      0.079567,
      0.088679,
      -0.123606,
      -0.059528,
      0.103771,
      0.069273,
      0.005234,
      -0.024625,
      0.069188,
      0.060504,
      -0.110854,
      0.053537,
      0.138997,
      0.028113,
      0.039456,
      -0.026709,
      0.060756,
      0.084763,
      -0.038201,
      -0.041929,
      0.0971,
      -0.019631,
      -0.072039,
      0.040303,
      -0.081484,
      -0.071488,
      -0.026423,
      -0.062598,
      0.092197,
      -0.083935,
      -0.040815,
      -0.063986,
      -0.130675,
      -0.016357,
      0.09335,
      0.095691,
      -0.00657,
      -0.097993,
      0.095982,
      0.0032,
      -0.05654,
      0.051074,
      -0.040915,
      0.081373,
      -0.133846,
      -0.052749,
      0.015811,
      0.100234,
      -0.026287,
      0.113745,
      -0.033923,
      0.056344,
      0.013832,
      -0.05101,
      0.006871,
      0.088478,
      0.123237,
      0.153883,
      0.028957,
      0.000949,
      -0.110378,
      0.100509,
      -0.008951,
      0.01839,
      -0.100191,
      -0.041299,
      -0.068303,
      0.051481,
      0.060547,
      -0.075372,
      -0.079841,
      -0.089479,
      -0.020042,
      -0.110382,
      0.031364,
      -0.033464,
      0.115748,
      0.03449,
      0.058492,
      -0.077216,
      -0.025428,
      -0.02697,
      -0.020317,
      0.081041,
      0.102637,
      0.028245,
      -0.103069,
      0.064703,
      -0.081022,
      -0.054335,
      -0.046811,
      -0.074688,
      -0.092038,
      0.036926,
      0.018756,
      0.132514,
      0.059076,
      -0.095117,
      -0.010477,
      -0.037663,
      0.052124,
      -0.031116,
      0.131057,
      0.132242,
      0.062286,
      -0.00329,
      0.07391,
      0.124485,
      0.038811,
      0.115481,
      -0.024978,
      -0.075721,
      -0.012722,
      -0.013945,
      0.076337,
      -0.031523,
      0.095667,
      0.017547,
      0.080415,
      -0.085852,
      0.142039,
      0.020223,
      -0.002486,
      -0.035843,
      -0.056824,
      0.045378,
      -0.050269,
      -0.005709,
      -0.044439,
      0.052997,
      0.013275,
      -0.024996,
      -0.054502,
      -0.064231,
      -0.031243,
      0.006686,
      -0.068559,
      -0.079637,
      -0.070289,
      0.017237,
      0.028134,
      -0.082203,
      -0.072772,
      -0.078933,
      0.084624,
      0.010771,
      -0.073613,
      -0.069673,
      0.015197,
      0.020635,
      0.061399,
      -0.131932,
      -0.023762,
      -0.084132,
      0.083966,
      0.115231,
      -0.002028,
      0.073417,
      0.06245,
      -0.01104,
      0.018472,
      -0.056993,
      0.017679,
      -0.002731,
      0.103943,
      -0.094358,
      -0.048422,
      -0.049858,
      0.106834,
      -0.090356,
      0.090561,
      -0.054655,
      0.02042,
      0.082024,
      -0.09463,
      0.026799,
      0.063533,
      -0.003742,
      -0.07722,
      0.106335,
      0.023332,
      0.043239,
      0.011003,
      0.015214,
      -0.093443,
      0.061834,
      0.090753,
      0.112287,
      0.043759,
      -0.050245,
      0.008414,
      0.007705,
      0.029002,
      -0.031162,
      0.000915,
      -0.06123,
      0.012759,
      0.006159,
      0.001487,
      -0.006087,
      -0.055797,
      0.127947,
      -0.011524,
      0.120328,
      -0.059614,
      0.035255,
      0.116763,
      -0.025871,
      0.040152,
      -0.018678,
      0.106744,
      0.031491,
      0.018884,
      0.07828,
      0.01649,
      0.017487,
      -0.097654,
      0.055026,
      0.077695,
      -0.07616,
      0.021439,
      0.066436,
      0.039096,
      0.109378,
      0.061287,
      -0.038074,
      0.049335,
      -0.014009,
      0.084225,
      -0.021456,
      0.085725,
      -0.004959,
      0.041617,
      -0.010423,
      0.03404,
      0.012631,
      -0.096128,
      -8.8e-05,
      0.036132,
      0.003008,
      0.123665,
      0.041652,
      0.025911,
      -0.094085,
      -0.093716,
      0.083259,
      0.063129,
      0.077901,
      0.056233,
      0.030156,
      0.058067,
      -0.090755,
      0.069881,
      0.090522,
      -0.04445,
      0.124901,
      0.053297,
      0.093203,
      -0.074926,
      0.120283,
      0.097679,
      -0.041002,
      0.062989,
      -0.019485,
      -0.046871,
      0.050861,
      -0.074718,
      0.059822,
      0.000295,
      0.031218,
      -0.018332,
      0.014659,
      0.059365,
      -0.092576,
      -0.075329,
      -0.030175,
      0.11237,
      0.0475,
      -0.079717,
      -0.039312,
      0.040329,
      -0.085871,
      -0.084706,
      -0.061239,
      0.052719,
      -0.026408,
      0.007775,
      -0.015732,
      0.074578,
      0.077701,
      -0.073107,
      0.031817,
      -0.024371,
      -0.019577,
      0.012684,
      0.066508,
      0.057437,
      -0.006522,
      0.029476,
      0.082881,
      0.078906,
      -0.078808,
      0.123971,
      -0.097688,
      0.101609,
      0.096671,
      -0.024918,
      -0.093561,
      -0.035241,
      0.050958,
      -0.013213,
      0.099761,
      -0.026057,
      -0.010355,
      0.043637,
      -0.156018,
      -0.051508,
      -0.116908,
      -0.16771,
      -0.067365,
      -0.052,
      -0.103061,
      0.001498,
      -0.059687,
      -0.048156,
      0.085691,
      -0.045501,
      0.055059,
      -0.010525,
      0.000493,
      -0.094119,
      -0.136751,
      -0.059945,
      -0.01438,
      -0.105166,
      0.052531,
      0.08393,
      -0.001607,
      -0.12929,
      0.046449,
      0.096985,
      -0.012966,
      -0.097516,
      0.022482,
      -0.022087,
      0.016123,
      0.032345,
      -0.002973,
      -0.036017,
      -0.130773,
      -0.119871,
      -0.050231,
      -0.010752,
      -0.0518,
      0.122316,
      0.032394,
      0.072513,
      -0.041053,
      0.059928,
      0.014484,
      -0.10186,
      0.019773,
      -0.07635,
      0.069657,
      0.098421,
      0.073962,
      -0.038973,
      -0.051249,
      0.101762,
      -0.069281,
      -0.028245,
      -0.022864,
      -0.009192,
      0.05648,
      0.019595,
      -0.064962,
      -0.066186,
      0.087931,
      -0.035491,
      -0.032481,
      -0.071831,
      0.113817,
      0.058516,
      -0.087149,
      0.062853,
      0.111772,
      -0.044466,
      0.043749,
      0.022202,
      -0.031217,
      0.035103,
      -0.020207,
      -0.062221,
      0.143689,
      -0.044518,
      0.09988,
      0.085625,
      -0.086728,
      0.013803,
      -0.13549,
      0.064063,
      -0.0123,
      0.016661,
      0.153467,
      -0.036415,
      0.062843,
      0.082646,
      0.101585,
      0.075006,
      0.060252,
      -0.069716,
      -0.024618,
      0.09176,
      0.007099,
      -0.006119,
      0.066882,
      0.022354,
      0.061433,
      -0.030543,
      0.028735,
      0.047837,
      0.031416,
      0.051373,
      -0.037149,
      -0.010721,
      -0.025531,
      -0.042051,
      -0.015362,
      0.02453,
      -0.050656,
      0.079497,
      0.112358,
      0.006158,
      0.002702,
      0.020657,
      -0.016756,
      0.016578,
      0.087628,
      0.112101,
      0.161774,
      0.055939,
      0.00112,
      0.041557,
      0.051516,
      0.014937,
      -0.009358,
      0.144577,
      0.146092,
      0.09099,
      -0.078769,
      0.081371,
      0.053799,
      -0.028548,
      -0.01607,
      0.032289,
      0.114918,
      -0.040929,
      -0.008472,
      0.110994,
      0.003629,
      0.145012,
      0.074782,
      -0.021366,
      0.111121,
      0.060895,
      0.07878,
      0.063647,
      0.028812,
      0.030808,
      0.110831,
      0.001583,
      0.049985,
      0.038457,
      -0.000916,
      0.096026,
      -0.038323,
      0.130077,
      0.113358,
      0.140367,
      0.066273,
      0.144752,
      -0.044549,
      0.033332,
      -0.005214,
      0.013158,
      0.102206,
      0.11292,
      0.149736,
      0.128336,
      0.098563,
      0.136842,
      0.104844,
      0.079696,
      0.073661,
      0.142283,
      0.003736,
      0.039293,
      0.140655,
      -0.023144,
      0.119916,
      0.1141,
      0.12744,
      0.13938,
      0.103731,
      -0.043943,
      -0.004704,
      0.027944,
      0.02526,
      0.050325,
      -0.014105,
      0.058185,
      0.159736,
      0.103992,
      -0.029488,
      0.037691,
      0.130413,
      0.108615,
      0.012209,
      0.073599,
      0.1084,
      0.125137,
      -0.054858,
      -0.009862,
      0.10008,
      0.040752,
      0.106519,
      0.01404,
      -0.043271,
      0.040948,
      0.146894,
      -0.03791,
      -0.064251,
      -0.038635,
      0.107032,
      -0.013588,
      -0.071855,
      0.137127,
      -0.010029,
      0.141432,
      0.086331,
      0.096609,
      0.134571,
      0.156058,
      0.068908,
      -0.007979,
      0.053748,
      0.008642,
      -0.050865,
      0.088807,
      0.11839,
      0.026483,
      -0.057981,
      0.152289,
      0.14443,
      0.054084,
      -0.017902,
      0.148982,
      -0.007439,
      0.045999,
      0.145695,
      0.048484,
      0.070672,
      0.133573,
      0.065823,
      -0.015526,
      0.043972,
      -0.043484,
      0.116058,
      -0.070953,
      -0.003008,
      0.054609,
      0.123339,
      0.01027,
      0.027968,
      0.132588,
      0.121211,
      0.062356,
      0.044189,
      0.138746,
      -0.0665,
      -0.049945,
      -0.013361,
      0.087453,
      0.081418,
      -0.053652,
      -0.035535,
      0.113958,
      0.039773,
      0.109245,
      0.055969,
      0.053029,
      -0.015538,
      0.08293,
      0.166872,
      -0.013004,
      -0.001545,
      0.14972,
      -0.012205,
      0.117875,
      0.163847,
      -0.058655,
      0.050843,
      0.16399,
      -0.019372,
      0.004997,
      0.079913,
      0.005829,
      -0.061848,
      0.084192,
      0.147344,
      0.068485,
      0.084513,
      0.136886,
      -0.000127,
      0.007738,
      0.162395,
      0.095701,
      -0.057276,
      -0.008097,
      0.071787,
      0.131857,
      -0.042093,
      0.049008,
      0.106193,
      0.12481,
      0.14396,
      0.051901,
      -0.032289,
      -0.061942,
      -0.031171,
      0.066534,
      0.098599,
      -0.049935,
      0.031298,
      0.109945,
      -0.018328,
      -0.038968,
      -0.047401,
      0.107281,
      0.017949,
      0.03423,
      -0.033259,
      0.031148,
      -0.031499,
      0.10713,
      0.080272,
      0.118595,
      -0.014269,
      0.148905,
      0.168628,
      0.13731,
      0.112183,
      0.121935,
      0.112459,
      0.042388,
      0.106519,
      0.00846,
      0.059124,
      -0.053508,
      0.029673,
      -0.050937,
      -0.051431,
      -0.045289,
      0.111376,
      -0.056294,
      -0.020249,
      0.006411,
      -0.018655,
      0.060018,
      0.006566,
      -0.027743,
      0.07267,
      0.084655,
      0.101777,
      0.018845,
      0.084798,
      -0.065362,
      -0.012906,
      0.016303,
      0.000558,
      0.134945,
      0.038692,
      0.100945,
      -0.018885,
      0.003456,
      0.152437,
      -0.066916,
      0.056554,
      0.012558,
      0.037439,
      0.155368,
      0.131562,
      0.119854,
      0.037913,
      -0.058209,
      0.077283,
      0.08679,
      0.05483,
      0.133076,
      0.085923,
      -0.008011,
      0.012927,
      0.065211,
      0.066812,
      0.077601,
      0.078037,
      -0.134898,
      -0.137041,
      -0.01765,
      0.016532,
      0.03522,
      -0.138369,
      0.020898,
      0.034514,
      -0.065107,
      -0.143239,
      0.059402,
      -0.002818,
      0.018334,
      0.067368,
      -0.047382,
      0.066153,
      -0.065148,
      0.02359,
      0.007147,
      -0.010425,
      -0.010524,
      0.088947,
      -0.027224,
      0.004102,
      -0.050476,
      0.045476,
      -0.083665,
      -0.012231,
      0.031573,
      0.022219,
      -0.051369,
      -0.065392,
      0.035616,
      -0.072644,
      -0.072948,
      -0.124606,
      0.071883,
      -0.096692,
      0.019061,
      -0.034846,
      0.075793,
      -0.041913,
      -0.086416,
      0.060882,
      0.082617,
      0.061285,
      0.026185,
      -0.028039,
      -0.072494,
      0.136752,
      -0.022099,
      0.084288,
      -0.010089,
      0.072627,
      -0.069915,
      0.143963,
      0.094182,
      -0.099559,
      -0.141529,
      0.023888,
      -0.092244,
      -0.021322,
      0.075608,
      0.023612,
      0.064146,
      0.082516,
      0.022082,
      0.077398,
      0.072792,
      0.033534,
      0.094966,
      0.077137,
      0.084598,
      0.121147,
      0.08111,
      -0.002905,
      0.063068,
      0.05602,
      -0.008689,
      -0.052498,
      0.01369,
      -0.066351,
      0.103397,
      -0.03139,
      0.011361,
      0.023126,
      0.033033,
      0.028429,
      -0.035085,
      -0.036579,
      -0.134771,
      0.071998,
      0.034968,
      0.051252,
      -0.037991,
      -0.06878,
      -0.063812,
      -0.056323,
      -0.014074,
      0.041897,
      0.134624,
      0.054708,
      0.138702,
      0.021561,
      0.150622,
      0.013244,
      -0.017218,
      0.156145,
      0.026483,
      0.141621,
      0.008756,
      -0.009264,
      0.084512,
      0.102414,
      -0.025967,
      0.002345,
      -0.010942,
      -0.050307,
      0.019086,
      0.102374,
      0.107815,
      -0.044377,
      0.015211,
      0.153086,
      -0.055197,
      0.059818,
      0.051007,
      -0.010895,
      0.01301,
      0.093913,
      0.150868,
      0.151512,
      -0.029161,
      0.131001,
      0.005242,
      0.087127,
      -0.080947,
      0.002404,
      -0.060238,
      0.106518,
      0.071182,
      0.038526,
      0.086469,
      0.022528,
      -0.0622,
      0.097408,
      -0.02782,
      0.060564,
      0.026317,
      0.088933,
      -0.008372,
      0.125192,
      0.004472,
      0.140778,
      0.146467,
      0.027881,
      0.072849,
      0.002022,
      0.075456,
      0.155784,
      -0.01417,
      -0.074044,
      -0.01613,
      0.128105,
      0.099571,
      0.065839,
      -0.046162,
      0.110161,
      0.029382,
      0.102265,
      0.086423,
      -0.013197,
      0.12245,
      -0.052641,
      -0.029439,
      0.0394,
      -0.040764,
      -0.010054,
      -0.015729,
      0.051745,
      0.024689,
      0.150441,
      0.117005,
      0.05774,
      0.082348,
      -0.044778,
      0.119638,
      0.148935,
      -0.000552,
      0.08671,
      0.078202,
      -0.016575,
      -0.083179,
      0.087142,
      -0.042988,
      0.05582,
      -0.038059,
      -0.062439,
      0.052488,
      -0.044402,
      0.162967,
      -0.032628,
      -0.025704,
      0.135533,
      0.02908,
      0.086625,
      0.129589,
      0.082923,
      0.067802,
      0.167996,
      0.123702,
      -0.066413,
      0.100419,
      0.123453,
      -0.042243,
      0.09548,
      0.071933,
      -0.016644,
      0.089331,
      -0.00321,
      0.026931,
      0.140007,
      -0.007216,
      -0.060685,
      -0.030834,
      0.056598,
      -0.025294,
      0.008457,
      0.050415,
      -0.026213,
      0.159338,
      0.102984,
      0.128131,
      0.136273,
      0.108385,
      -0.028852,
      0.067323,
      0.089177,
      -0.034746,
      -0.064692,
      -0.044564,
      0.081017,
      0.148733,
      -0.032242,
      0.13199,
      0.079207,
      0.088111,
      0.029164,
      -0.018079,
      0.070366,
      0.084735,
      0.035618,
      -0.037848,
      -0.022366,
      0.10785,
      0.131788,
      0.128855,
      0.101895,
      0.023983,
      0.042198,
      -0.018368,
      0.006136,
      -0.050135,
      0.025737,
      -0.067855,
      -0.023864,
      0.14469,
      0.151225,
      0.121672,
      -0.063604,
      0.078024,
      -0.067422,
      0.144562,
      0.048791,
      0.130532,
      0.038222,
      -0.026084,
      -0.006941,
      0.089136,
      -0.041496,
      0.124552,
      0.086557,
      -0.031635,
      0.070004,
      0.129384,
      0.163537,
      -0.030793,
      0.111056,
      -0.036577,
      0.05327,
      0.130956,
      0.097012,
      0.072587,
      0.054703,
      -0.022696,
      0.11534,
      0.1599,
      0.139241,
      0.151062,
      0.157698,
      -0.019236,
      -0.056844,
      0.135593,
      -0.049837,
      0.045576,
      0.03755,
      0.01654,
      -0.000118,
      0.145414,
      -0.008835,
      0.156205,
      0.140175,
      0.13271,
      0.085916,
      0.142283,
      -0.000709,
      -0.070265,
      -0.033588,
      -0.016262,
      0.150873,
      -0.055657,
      0.029553,
      0.099751,
      -0.010765,
      0.147302,
      -0.031816,
      0.020998,
      0.032005,
      -0.045975,
      0.106402,
      0.164391,
      -0.068912,
      0.152873,
      0.071467,
      0.00405,
      0.158104,
      0.115602,
      0.0675,
      0.012732,
      0.048114,
      -0.043054,
      0.049443,
      0.152622,
      0.108801,
      0.086328,
      0.042033,
      0.015318,
      0.067706,
      0.15713,
      0.170827,
      0.122901,
      -0.01698,
      0.141157,
      0.150997,
      0.001185,
      0.089587,
      0.11219,
      0.00247,
      0.035246,
      0.047876,
      -0.043824,
      0.168154,
      -0.021908,
      -0.027119,
      0.030624,
      0.018769,
      -0.012013,
      0.018681,
      -0.03744,
      -0.049592,
      -0.062653,
      0.035561,
      -0.033096,
      -0.038584,
      -0.031451,
      0.027048,
      0.081949,
      -0.066447,
      -0.064426,
      0.144029,
      0.109188,
      0.144744,
      0.132265,
      -0.045115,
      0.051702,
      0.1116,
      -0.059067,
      0.091232,
      -0.05825,
      0.078028,
      -0.03391,
      0.143659,
      -0.136967,
      -0.098463,
      -0.115163,
      -0.078293,
      -0.033569,
      -0.115618,
      0.017162,
      -0.008839,
      0.046278,
      0.034676,
      0.018843,
      -0.096083,
      0.029238,
      0.071166,
      -0.070402,
      0.042551,
      -0.03304,
      -0.126262,
      0.082568,
      -0.108532,
      0.062323,
      0.017107,
      0.002357,
      -0.133296,
      -0.074426,
      0.056169,
      0.036346,
      0.011281,
      0.017242,
      -0.130854,
      -0.022968,
      -0.142697,
      -0.006628,
      0.052383,
      0.028315,
      -0.058964,
      0.0588,
      -0.022609,
      -0.144814,
      -0.007901,
      -0.02719,
      0.02614,
      -0.069266,
      0.061047,
      0.022538,
      0.126833,
      -0.141317,
      -0.042073,
      0.097761,
      0.034419,
      0.014242,
      0.093027,
      0.043505,
      0.043545,
      -0.106555,
      -0.037976,
      -0.125835,
      0.029857,
      -0.031762,
      -0.033008,
      0.079648,
      0.095928,
      -0.023882,
      -0.061602,
      0.106971,
      -0.070536,
      0.05665,
      0.135683,
      0.066616,
      0.053344,
      -0.045273,
      -0.030349,
      -0.049658,
      0.095987,
      0.03103,
      0.018969,
      0.026736,
      0.044323,
      0.093858,
      0.006867,
      0.049747,
      0.059229,
      0.079877,
      0.068395,
      0.042293,
      0.05477,
      -0.09218,
      0.037753,
      0.059051,
      0.126307,
      -0.118005,
      0.106018,
      0.006888,
      -0.029853,
      0.083226,
      0.03351,
      0.029458,
      -0.02767,
      0.119826,
      -0.038466,
      0.12525,
      -0.045319,
      -0.034142,
      0.115937,
      0.055061,
      0.012091,
      0.073005,
      -0.083295,
      -0.006863,
      -0.073762,
      -0.077146,
      0.132996,
      -0.040489,
      -0.009793,
      0.1471,
      -0.003339,
      -0.068691,
      -0.039559,
      0.160905,
      0.075168,
      -0.093143,
      -0.0261,
      -0.076278,
      0.056111,
      -0.065008,
      0.049523,
      0.051382,
      -0.026557,
      0.138921,
      0.12557,
      -0.08517,
      0.104975,
      0.112627,
      -0.037473,
      0.100614,
      0.092708,
      0.066668,
      -0.013873,
      0.079509,
      -0.018159,
      0.097844,
      0.119199,
      -0.021135,
      0.09387,
      0.004205,
      0.113687,
      0.018432,
      0.074035,
      0.10728,
      0.076441,
      -0.066949,
      0.053423,
      0.089038,
      -0.033918,
      0.018087,
      0.031172,
      -0.064781,
      -0.032755,
      -0.005362,
      0.140667,
      0.013512,
      0.019967,
      0.088488,
      -0.059364,
      0.013556,
      0.023255,
      0.085515,
      0.052573,
      -0.007056,
      -0.039659,
      0.075589,
      0.025781,
      -0.032473,
      0.02001,
      0.139849,
      0.150283,
      0.098937,
      -0.045467,
      -0.037479,
      -0.002635,
      0.044682,
      -0.020648,
      0.120188,
      -0.033676,
      0.127342,
      0.144523,
      -0.059548,
      -0.04974,
      0.012599,
      0.121417,
      0.111787,
      0.010177,
      0.064157,
      0.054445,
      0.080363,
      0.001648,
      0.043334,
      0.056094,
      0.085135,
      0.136453,
      -0.067