# Chunk number: 21 of 37

21,
      -0.005115,
      0.038625,
      -0.100269,
      0.031097,
      -0.130571,
      0.002002,
      0.02488,
      0.02389,
      0.10631,
      0.107274,
      -0.023086,
      0.074426,
      0.126561,
      0.062093,
      -0.15637,
      0.047555,
      0.077951,
      -0.062872,
      -0.100815,
      -0.143215,
      0.097865,
      -0.147813,
      0.04996,
      7e-05,
      -0.026384,
      -0.113858,
      -0.027685,
      0.018486,
      -0.076234,
      0.012673,
      -0.079508,
      0.004067,
      0.005087,
      -0.093914,
      0.01574,
      0.148183,
      0.006084,
      -0.06844,
      0.136151,
      0.09503,
      0.082964,
      0.119295,
      0.000559,
      0.016767,
      0.017357,
      0.053959,
      -0.067183,
      0.111197,
      0.070158,
      0.002307,
      -0.102531,
      0.089513,
      0.090237,
      0.128757,
      -0.05858,
      -0.019931,
      -0.107458,
      -0.045311,
      -0.003106,
      -0.007055,
      0.024002,
      0.072452,
      0.070389,
      -0.030144,
      0.020285,
      0.136981,
      -0.020972,
      0.093658,
      0.005232,
      -0.012322,
      0.096704,
      0.014362,
      0.074159,
      0.115091,
      -0.005167,
      -0.068082,
      -0.040413,
      0.016448,
      -0.136515,
      -0.056195,
      -0.101165,
      0.088635,
      -0.052267,
      0.133812,
      -0.129973,
      -0.119695,
      0.077838,
      0.098642,
      -0.102815,
      0.086938,
      0.032496,
      0.040953,
      -0.14711,
      -0.121037,
      0.069793,
      -0.064644,
      0.114051,
      0.125585,
      -0.107638,
      0.083211,
      0.110404,
      -0.037102,
      0.066063,
      0.135164,
      -0.024904,
      -0.013848,
      -0.062993,
      -0.034883,
      0.014713,
      0.006149,
      0.082741,
      0.057601,
      0.077696,
      0.067743,
      0.066727,
      0.092691,
      0.086114,
      -0.041483,
      -0.057199,
      -0.040485,
      0.019357,
      -0.072222,
      0.082736,
      0.117715,
      -0.116052,
      0.065007,
      -0.034006,
      -0.036123,
      0.009781,
      -2.9e-05,
      -0.135426,
      -0.080446,
      -0.031769,
      -0.052772,
      0.00048,
      0.169482,
      0.1018,
      -0.093546,
      0.093102,
      -0.068286,
      0.030046,
      0.018392,
      0.022101,
      0.09591,
      -0.005969,
      -0.072088,
      0.070334,
      -0.060992,
      0.004352,
      -0.013345,
      -0.045596,
      0.064621,
      -0.081107,
      0.001081,
      0.04449,
      0.085511,
      0.150188,
      0.01179,
      -0.115227,
      0.147973,
      0.064513,
      0.010554,
      -0.060113,
      -0.040819,
      0.137068,
      0.017532,
      -0.071058,
      0.025762,
      0.007518,
      0.055431,
      0.125945,
      -0.030422,
      0.156308,
      0.023597,
      -0.059665,
      0.057957,
      -0.03458,
      -0.016891,
      0.034663,
      0.148616,
      0.132855,
      -0.116261,
      0.020611,
      0.071655,
      -0.15842,
      0.024517,
      -0.072418,
      0.112133,
      -0.03599,
      -0.023195,
      -0.019624,
      0.054368,
      0.012535,
      0.12267,
      0.039732,
      -0.018385,
      0.003893,
      -0.05396,
      -0.14783,
      -0.080647,
      -0.053763,
      -0.096123,
      -0.075743,
      -0.080914,
      -0.043596,
      -0.081271,
      -0.02612,
      0.117841,
      0.050408,
      -0.027173,
      -0.153846,
      0.143349,
      -0.017922,
      -0.170295,
      -0.008664,
      -0.010472,
      0.026724,
      0.130743,
      0.031794,
      0.062824,
      -0.018327,
      -0.047388,
      0.086301,
      -0.069585,
      0.045765,
      0.05379,
      -0.044636,
      -0.048037,
      -0.077163,
      -0.0835,
      0.007849,
      -0.075578,
      0.01035,
      0.041222,
      -0.050007,
      -0.087178,
      -0.091739,
      0.131594,
      0.007545,
      -0.109114,
      0.054633,
      0.04708,
      -0.087651,
      -0.158515,
      0.098115,
      0.124944,
      0.052087,
      -0.001601,
      0.033402,
      -0.010073,
      -0.0466,
      -0.024317,
      -0.085477,
      0.113656,
      -0.031497,
      -0.0597,
      0.087552,
      0.049986,
      -0.011292,
      -0.077587,
      -0.11576,
      -0.064268,
      0.069999,
      -0.097004,
      -0.021674,
      0.027383,
      0.040364,
      0.047746,
      -0.051772,
      0.069193,
      -0.12782,
      0.070496,
      0.041533,
      -0.017721,
      -0.080502,
      0.021142,
      -0.063194,
      -0.043809,
      0.135297,
      0.099508,
      0.041076,
      -0.038796,
      -0.029899,
      -0.029805,
      -0.093644,
      -0.093039,
      0.043667,
      0.014824,
      -0.093261,
      -0.051916,
      0.043944,
      0.111706,
      0.030334,
      0.086859,
      0.073811,
      0.10224,
      0.139523,
      0.116435,
      0.101636,
      0.001036,
      0.044774,
      0.036904,
      0.138713,
      -0.029106,
      -0.149712,
      0.018834,
      0.022175,
      -0.037621,
      -0.11727,
      0.075561,
      -0.068027,
      0.052036,
      -0.000179,
      0.003457,
      -0.074546,
      -0.072132,
      -0.124491,
      0.135663,
      -0.137298,
      -0.043417,
      0.026281,
      -0.061409,
      0.118456,
      -0.022979,
      -0.106492,
      0.028964,
      0.154396,
      -0.061828,
      -0.062024,
      -0.039578,
      0.017196,
      0.063562,
      0.025983,
      -0.035665,
      0.00264,
      -0.033814,
      -0.024044,
      -0.087447,
      -0.024365,
      -0.041252,
      -0.027325,
      0.110451,
      0.133859,
      -0.011322,
      0.008194,
      0.014855,
      -0.052703,
      0.063705,
      0.001266,
      0.06121,
      0.125301,
      -0.138473,
      -0.077745,
      -0.019127,
      -0.096973,
      0.056824,
      -0.014544,
      0.041768,
      0.045032,
      -0.147986,
      0.043611,
      -0.03112,
      -0.037177,
      0.085696,
      -0.080481,
      0.098433,
      0.035854,
      -0.034197,
      -0.054058,
      -0.016787,
      0.007422,
      -0.080663,
      0.068394,
      -0.012947,
      0.052452,
      -0.001968,
      -0.077835,
      0.043192,
      -0.012396,
      0.007635,
      -0.012942,
      0.068269,
      0.103548,
      -0.03294,
      0.056445,
      -0.0719,
      -0.065617,
      -0.020314,
      -0.018067,
      0.05425,
      -0.039895,
      -0.118866,
      -0.004803,
      -0.085585,
      -0.005624,
      0.027526,
      0.027283,
      0.078732,
      -0.060102,
      -0.024613,
      -0.116415,
      0.049634,
      -0.011503,
      -0.001091,
      -0.132243,
      0.017814,
      0.049218,
      -0.007421,
      -0.029917,
      -0.00272,
      0.01478,
      0.102257,
      0.064032,
      -0.100626,
      0.053599,
      0.083345,
      -0.135843,
      -0.071143,
      0.105096,
      0.093773,
      -0.03941,
      0.01781,
      0.127646,
      0.063988,
      -0.019031,
      0.04951,
      0.05752,
      -0.115729,
      0.078389,
      0.054416,
      -0.053477,
      0.057508,
      -0.035101,
      -0.024878,
      -0.025014,
      -0.028178,
      -0.002936,
      0.09544,
      -0.024704,
      0.036486,
      -0.042674,
      -0.007626,
      -0.053485,
      0.120274,
      0.004727,
      -0.133484,
      -0.045983,
      -0.073118,
      0.004181,
      0.021591,
      0.057616,
      -0.066202,
      0.106319,
      0.044794,
      -0.070019,
      0.086517,
      0.077336,
      -0.101259,
      -0.057852,
      0.048032,
      -0.061941,
      -0.005569,
      0.124106,
      -0.067539,
      -0.129942,
      -0.141462,
      0.018751,
      0.050749,
      0.035666,
      -0.035139,
      -0.082913,
      0.079621,
      0.115579,
      -0.114414,
      0.062778,
      -0.057853,
      0.06651,
      0.14877,
      -0.061488,
      -0.051009,
      0.016902,
      -0.06392,
      0.004529,
      0.046226,
      -0.011433,
      -0.031271,
      0.139997,
      -0.039123,
      -0.012693,
      -0.018502,
      -0.039899,
      -0.029144,
      -0.072244,
      -0.075507,
      -0.166081,
      -0.05697,
      0.050907,
      0.104239,
      0.074768,
      0.130677,
      0.033447,
      -0.034197,
      0.053185,
      0.099025,
      0.152817,
      -0.111256,
      0.026866,
      0.014187,
      0.058932,
      0.020982,
      -0.069504,
      0.104287,
      -0.024829,
      0.152997,
      -0.048591,
      -0.013198,
      -0.020898,
      0.136124,
      -0.125284,
      0.019757,
      -0.039955,
      -0.071031,
      -0.044543,
      0.050002,
      -0.078906,
      0.088276,
      -0.073574,
      -0.117527,
      -0.022728,
      0.026427,
      -0.00085,
      -0.065533,
      -0.05095,
      -0.018798,
      -0.081943,
      -0.042503,
      -0.025426,
      0.068386,
      -0.046899,
      -0.013448,
      0.145174,
      0.059425,
      0.115389,
      -0.074941,
      -0.007395,
      -0.042567,
      -0.127576,
      0.07878,
      -0.008368,
      -0.029553,
      -0.14251,
      -0.022278,
      -0.14239,
      -0.105821,
      -0.064742,
      -0.004367,
      -0.0597,
      0.026563,
      -0.092203,
      0.053183,
      -0.014691,
      0.135228,
      0.002545,
      0.07051,
      0.130227,
      -0.141722,
      -0.117636,
      -0.01912,
      -0.029763,
      -0.053908,
      -0.032258,
      -0.053275,
      -0.152061,
      0.023109,
      -0.03953,
      -0.050329,
      -0.009913,
      -0.013011,
      0.048752,
      -0.056599,
      -0.063331,
      -0.107463,
      -0.04843,
      -0.058414,
      -0.050233,
      0.069814,
      -0.041446,
      -0.038055,
      0.065177,
      -0.027817,
      -0.045494,
      0.12002,
      -0.122837,
      -0.057384,
      0.007931,
      -0.083704,
      -0.043618,
      0.047404,
      -0.111745,
      0.097797,
      -0.01875,
      -0.051631,
      -0.023075,
      0.039148,
      0.075321,
      -0.073621,
      0.110313,
      0.023951,
      -0.056078,
      -0.028653,
      0.043871,
      -0.005572,
      -0.077267,
      0.023712,
      0.074644,
      -0.024002,
      0.021007,
      0.046198,
      0.022899,
      0.14318,
      0.039905,
      0.007582,
      -0.038168,
      -0.122148,
      0.056828,
      -0.15459,
      -0.021792,
      0.004754,
      0.059374,
      0.149863,
      0.075237,
      0.075002,
      0.096594,
      0.056118,
      0.070044,
      -0.007727,
      -0.04697,
      -0.145876,
      -0.109201,
      0.013607,
      -0.073397,
      0.058209,
      -0.003304,
      0.012335,
      0.095303,
      0.024795,
      0.023047,
      0.08266,
      -0.072048,
      -0.093923,
      -0.091376,
      0.021028,
      -0.049829,
      -0.1171,
      -0.014796,
      0.034764,
      -0.115256,
      0.105267,
      0.085632,
      -0.014898,
      0.038192,
      -0.114446,
      0.061459,
      0.112449,
      0.011077,
      -0.057096,
      0.022725,
      -0.099044,
      -0.010275,
      -0.076765,
      -0.007399,
      0.055444,
      0.086607,
      -0.105214,
      -0.084104,
      0.01151,
      0.042387,
      0.023425,
      0.022176,
      0.037811,
      0.032159,
      -0.11284,
      0.021546,
      -0.133765,
      0.06549,
      -0.018535,
      -0.085939,
      0.073542,
      -0.039989,
      -0.053563,
      0.010355,
      0.074129,
      -0.057664,
      0.029076,
      0.050849,
      -0.104548,
      0.104096,
      -0.051234,
      0.151485,
      -0.102997,
      0.061269,
      -0.133322,
      -0.06844,
      0.113578,
      -0.148116,
      -0.13702,
      -0.093795,
      0.024968,
      0.022274,
      -0.026611,
      0.110727,
      0.107743,
      0.007699,
      0.057081,
      0.094725,
      -0.142493,
      -0.072242,
      0.045426,
      0.067113,
      -0.077128,
      -0.114495,
      -0.078153,
      0.141392,
      0.0693,
      -0.006303,
      -0.073099,
      0.079199,
      0.090424,
      -0.014258,
      -0.012748,
      0.100941,
      -0.040327,
      -0.118905,
      0.002768,
      0.070005,
      -0.006677,
      0.061,
      -0.008339,
      -0.115713,
      -0.12211,
      0.021372,
      -0.059968,
      0.113584,
      -0.035197,
      0.112018,
      -0.021912,
      -0.070535,
      0.129269,
      -0.012738,
      0.123907,
      -0.020562,
      0.105162,
      -0.120747,
      -0.018359,
      -0.024312,
      -0.141818,
      0.032674,
      0.131595,
      -0.006467,
      -0.000588,
      -0.024033,
      -0.137138,
      -0.005543,
      -0.034206,
      -0.017398,
      -0.023095,
      0.047371,
      -0.014114,
      0.129995,
      0.094744,
      -0.059908,
      0.085307,
      -0.036372,
      0.033731,
      -0.125436,
      -0.135647,
      -0.097137,
      -0.096439,
      0.037032,
      0.053318,
      0.026364,
      0.020748,
      -0.126231,
      0.020559,
      0.14746,
      0.160576,
      0.009857,
      -0.147025,
      0.015751,
      -0.032728,
      0.055732,
      0.003943,
      -0.155918,
      0.113219,
      -0.065002,
      0.031295,
      -0.111977,
      0.086385,
      0.07667,
      0.004556,
      0.150095,
      0.051246,
      0.048146,
      -0.098439,
      -0.065257,
      0.110929,
      -0.038828,
      -0.017485,
      0.043991,
      0.111708,
      -0.060247,
      -0.051425,
      0.049868,
      -0.037461,
      -0.100183,
      -0.137217,
      -0.017442,
      0.060813,
      0.042229,
      -0.155216,
      0.117491,
      -0.10579,
      0.129192,
      2e-06,
      0.037453,
      -0.028986,
      -0.123557,
      -0.037145,
      0.024781,
      0.065488,
      -0.021864,
      -0.056216,
      -0.119025,
      0.066545,
      0.135304,
      -0.011261,
      -0.058259,
      -0.066811,
      0.154219,
      0.102843,
      0.083934,
      0.011632,
      0.005336,
      0.022784,
      -0.13879,
      0.07272,
      -0.054296,
      0.03782,
      0.101893,
      -0.003946,
      -0.078638,
      0.085217,
      -0.11716,
      0.00788,
      0.161403,
      -0.041462,
      -0.120954,
      0.145696,
      0.113946,
      -0.113804,
      0.153774,
      -0.036192,
      -0.036571,
      0.022502,
      0.104683,
      -0.054046,
      0.04969,
      0.086782,
      -0.01008,
      0.075759,
      -0.06318,
      0.007383,
      0.048108,
      -0.068922,
      0.057771,
      -0.046602,
      -0.027737,
      -0.026264,
      -0.128336,
      0.061095,
      -0.039039,
      0.155206,
      0.067695,
      -0.011792,
      0.08747,
      -0.035446,
      -0.068534,
      0.032117,
      -0.069085,
      0.025841,
      -0.078544,
      -0.074035,
      -0.016967,
      0.065022,
      0.14045,
      0.012016,
      0.025579,
      -0.008025,
      -0.10959,
      0.113489,
      0.089071,
      -0.038701,
      -0.073206,
      -0.096753,
      0.124866,
      0.016909,
      -0.048247,
      0.010848,
      -0.061325,
      0.085845,
      -0.105573,
      0.007951,
      -0.11606,
      -0.039013,
      0.127708,
      -0.140812,
      -0.097564,
      0.016184,
      -0.088998,
      0.038596,
      -0.055805,
      -0.003662,
      -0.080099,
      0.126535,
      -0.016028,
      -0.021509,
      -0.04864,
      -0.111926,
      0.006249,
      -0.000699,
      -0.004476,
      0.077733,
      0.127647,
      -0.011058,
      -0.01273,
      0.000512,
      0.093963,
      0.050439,
      -0.09848,
      0.061396,
      0.068585,
      0.090645,
      -0.063057,
      -0.000813,
      -0.066664,
      0.010332,
      0.075714,
      0.08741,
      0.052414,
      0.078454,
      -0.042209,
      -0.026487,
      -0.033081,
      -0.021243,
      0.042538,
      -0.083745,
      0.08905,
      -0.047196,
      -0.019538,
      0.107718,
      0.125127,
      -0.08142,
      0.066122,
      -0.063334,
      0.087749,
      -0.060825,
      0.081548,
      0.115175,
      -0.068354,
      -0.060888,
      0.048226,
      0.055966,
      0.069183,
      0.033287,
      -0.016322,
      0.129897,
      -0.041308,
      -0.04666,
      0.061894,
      -0.026414,
      -0.001575,
      0.040424,
      0.024138,
      0.011921,
      -0.087291,
      -0.079604,
      0.00046,
      0.116415,
      0.089292,
      -0.005823,
      -0.122502,
      0.012976,
      0.065655,
      0.072926,
      0.144346,
      0.055698,
      0.084796,
      0.024966,
      0.097076,
      -0.076274,
      0.050663,
      -0.047012,
      0.113516,
      0.120722,
      0.112258,
      -0.098995,
      -0.072805,
      -0.082659,
      0.143755,
      -0.122416,
      -0.033384,
      -0.076104,
      0.054456,
      0.061826,
      0.018801,
      0.083695,
      -0.000475,
      -0.04571,
      -0.049618,
      -0.050722,
      -0.046968,
      -0.006166,
      0.122852,
      0.025586,
      0.005271,
      0.010632,
      -0.030572,
      0.166824,
      -0.150777,
      0.036213,
      -0.102633,
      -0.001665,
      -0.082936,
      -0.037544,
      -0.089451,
      0.055167,
      -0.084653,
      -0.089147,
      0.04839,
      -0.071304,
      0.05658,
      0.116436,
      -0.027174,
      0.079852,
      0.00062,
      -0.070236,
      -0.041827,
      0.035068,
      -0.003995,
      -0.051205,
      -0.037452,
      -0.006495,
      -0.016803,
      -0.087198,
      0.109806,
      0.031668,
      0.049983,
      -0.003049,
      0.084353,
      -0.086517,
      -0.022763,
      -0.021247,
      -0.068592,
      0.066824,
      -0.018732,
      -0.08216,
      -0.038174,
      0.008697,
      -0.059519,
      -0.036864,
      -0.097016,
      0.023801,
      -0.010358,
      0.08216,
      -0.023912,
      -0.002595,
      0.035756,
      -0.091907,
      -0.092266,
      0.113204,
      0.012832,
      0.102223,
      0.119168,
      -0.021017,
      -0.060082,
      -0.08635,
      -0.059951,
      -0.111236,
      -0.039613,
      -0.128163,
      0.123013,
      0.066378,
      -0.069662,
      -0.068736,
      -0.061525,
      0.07385,
      0.145519,
      0.078889,
      0.04176,
      0.052927,
      0.098323,
      0.095117,
      -0.088184,
      -0.060569,
      -0.070884,
      -0.122013,
      -0.003159,
      0.035332,
      0.034372,
      -0.011754,
      0.058688,
      -0.072562,
      -0.017844,
      0.107161,
      0.123748,
      -0.002159,
      -0.010374,
      -0.011443,
      0.021595,
      0.022309,
      -0.012786,
      -0.102598,
      0.003059,
      -0.045127,
      -0.008446,
      0.022145,
      0.01956,
      0.000721,
      0.011035,
      0.144015,
      -0.051656,
      -0.08235,
      0.078455,
      0.088992,
      -0.104081,
      -0.117801,
      0.078552,
      0.026106,
      0.070684,
      0.140879,
      -0.04768,
      -0.001161,
      -0.023525,
      0.038562,
      0.107021,
      0.072119,
      -0.031628,
      0.006341,
      0.094182,
      0.114679,
      0.00695,
      -0.133737,
      0.127206,
      -0.009211,
      -0.039048,
      -0.089948,
      -0.030598,
      -0.073223,
      -0.049195,
      -0.065578,
      -0.05726,
      -0.056248,
      0.069765,
      -0.075694,
      0.106869,
      0.085944,
      0.112459,
      0.038479,
      0.056092,
      0.038246,
      0.073276,
      -0.032742,
      0.134398,
      -0.036391,
      -0.078042,
      0.032657,
      0.064212,
      -0.02139,
      -0.012147,
      0.061752,
      -0.079486,
      0.034177,
      -0.028928,
      0.120723,
      0.070518,
      -0.054642,
      -0.113989,
      -0.065595,
      0.082045,
      0.037764,
      0.079622,
      0.028857,
      0.069418,
      -0.05838,
      -0.069042,
      -0.128276,
      0.026453,
      0.006681,
      0.014503,
      0.15934,
      -0.133912,
      -0.135974,
      0.021965,
      -0.103253,
      -0.118001,
      0.101114,
      -0.12507,
      0.062224,
      -0.083464,
      -0.153158,
      0.134986,
      -0.133,
      -0.037332,
      0.147475,
      -0.008698,
      -0.054057,
      -0.053682,
      -0.097147,
      0.009118,
      0.01964,
      0.065261,
      -0.066298,
      -0.091226,
      -0.05629,
      0.113034,
      0.021643,
      -0.160523,
      0.087329,
      0.119321,
      0.012197,
      0.057907,
      -0.007327,
      -0.000819,
      -0.029378,
      0.031301,
      -0.14853,
      -0.002547,
      -0.168644,
      0.059544,
      -0.057827,
      0.081598,
      0.12548,
      0.085178,
      -0.074476,
      -0.063121,
      -0.087173,
      -0.107373,
      0.017732,
      -0.03579,
      -0.08271,
      0.059765,
      -0.051028,
      -0.117841,
      -0.002144,
      0.133538,
      0.073536,
      0.058097,
      -0.063926,
      -0.153623,
      0.010129,
      -0.082611,
      -0.080554,
      -0.051696,
      0.109178,
      -0.012844,
      0.03809,
      -0.07395,
      -0.048764,
      0.08749,
      -0.016107,
      -0.012317,
      -0.039333,
      -0.054603,
      0.117504,
      0.069641,
      0.117036,
      -0.008034,
      -0.123744,
      0.059494,
      -0.011392,
      0.074192,
      0.03047,
      0.06362,
      -0.039939,
      0.037536,
      -0.018307,
      0.028642,
      -0.017158,
      0.118007,
      0.046588,
      -0.012343,
      -0.042009,
      -0.030516,
      0.030157,
      -0.068869,
      -0.054965,
      -0.063614,
      0.008384,
      0.071618,
      0.046324,
      -0.045051,
      0.016868,
      -0.024694,
      -0.08077,
      0.004303,
      -0.080752,
      -0.128297,
      0.074071,
      0.062974,
      -0.086337,
      -0.012865,
      0.126593,
      -0.04049,
      0.044269,
      -0.054724,
      0.025685,
      -0.003136,
      -0.022673,
      -0.112303,
      0.009115,
      0.100302,
      0.029285,
      -0.083361,
      -0.110022,
      -0.052912,
      0.011272,
      -0.096146,
      0.082954,
      -0.10559,
      0.10147,
      0.072892,
      0.029096,
      -0.085472,
      0.090838,
      -0.083954,
      -0.108427,
      0.075264,
      -0.065406,
      0.051138,
      -0.055284,
      -0.091861,
      -0.049163,
      -0.085407,
      -0.064467,
      -0.086333,
      0.022355,
      -0.119225,
      0.038045,
      -0.051996,
      0.041288,
      0.134228,
      -0.009573,
      0.036309,
      -0.146711,
      -0.037182,
      -0.026362,
      -0.113998,
      -0.039507,
      0.055917,
      0.082095,
      -0.070281,
      0.11185,
      -0.029532,
      -0.013373,
      -0.100981,
      -0.116732,
      0.11607,
      -0.072419,
      -0.05375,
      0.089012,
      -0.131419,
      -0.019866,
      -0.056168,
      -0.020764,
      0.089831,
      0.042719,
      -0.003182,
      -0.03231,
      0.065491,
      0.039356,
      -0.013544,
      -0.102069,
      -0.057109,
      0.031455,
      0.103779,
      -0.11912,
      0.095753,
      -0.089343,
      -0.161591,
      -0.022584,
      0.059435,
      -0.08789,
      0.123521,
      -0.06579,
      0.14643,
      0.029876,
      0.058586,
      -0.02263,
      0.049388,
      0.037739,
      -0.121539,
      -0.026981,
      0.050424,
      -0.075782,
      -0.121248,
      -0.085275,
      -0.001934,
      0.06444,
      -0.033956,
      0.076942,
      0.002383,
      0.094178,
      0.043686,
      -0.157109,
      0.044134,
      -0.099064,
      0.048398,
      -0.059166,
      0.06754,
      -0.043836,
      -0.053434,
      -0.015759,
      0.012588,
      5.6e-05,
      0.069099,
      -0.033296,
      0.112586,
      0.148302,
      0.026133,
      0.04403,
      -0.048562,
      0.037673,
      -0.012334,
      -0.02299,
      0.06579,
      0.080194,
      -0.023054,
      0.096433,
      0.043324,
      -0.000439,
      0.050417,
      0.106185,
      -0.110096,
      0.146901,
      -0.073579,
      -0.035374,
      0.049613,
      0.048532,
      0.158827,
      0.015941,
      -0.097901,
      0.10768,
      -0.015298,
      -0.139817,
      -0.038571,
      0.022199,
      0.048186,
      0.083418,
      -0.05743,
      0.017319,
      0.05055,
      0.003618,
      -0.025568,
      0.086601,
      0.01736,
      -0.12791,
      -0.048859,
      -0.041629,
      -0.057968,
      0.021577,
      -0.093312,
      0.055079,
      -0.060778,
      0.055784,
      -0.037367,
      0.092308,
      -0.037661,
      0.051088,
      -0.033507,
      0.157079,
      0.066986,
      -0.10103,
      -0.025299,
      -0.111258,
      0.084751,
      0.010303,
      -0.080289,
      0.065693,
      -0.156807,
      0.047004,
      0.057597,
      0.01428,
      -0.03093,
      -0.063271,
      -0.114258,
      0.037161,
      -0.1,
      0.010186,
      -0.062118,
      -0.064307,
      -0.023006,
      0.018392,
      0.145308,
      0.007147,
      -0.02739,
      -0.025901,
      0.106658,
      0.005297,
      -0.030995,
      0.044746,
      -0.052073,
      0.008123,
      0.068922,
      -0.097199,
      0.020703,
      -0.005545,
      0.160405,
      0.084634,
      0.008612,
      -0.111126,
      0.050039,
      0.013109,
      -0.000161,
      0.073968,
      -0.021283,
      -0.127619,
      0.152259,
      0.051314,
      0.027961,
      0.027733,
      -0.05522,
      0.032952,
      0.054291,
      -0.054743,
      0.045629,
      0.069429,
      0.011205,
      0.113465,
      -0.041081,
      0.031024,
      -0.052276,
      -0.044941,
      -0.129634,
      0.004814,
      -0.073354,
      0.044756,
      0.001253,
      -0.129357,
      0.03148,
      -0.097491,
      0.083298,
      0.003115,
      0.052634,
      0.046148,
      -0.070477,
      -0.066328,
      -0.102135,
      0.08917,
      0.007833,
      0.091374,
      0.108896,
      -0.081735,
      0.023665,
      -0.043868,
      0.019526,
      -0.019756,
      -0.007158,
      0.096665,
      -0.028732,
      0.045332,
      0.03511,
      -0.025758,
      0.046135,
      -0.09407,
      0.010322,
      0.103126,
      0.009267,
      -0.107222,
      -0.022893,
      0.024186,
      0.056582,
      0.072194,
      -0.02286,
      -0.016471,
      0.026272,
      0.078023,
      0.069905,
      0.066898,
      -0.137154,
      -0.058308,
      -0.108209,
      -0.058046,
      0.03428,
      -0.027775,
      -0.071766,
      -0.000212,
      -0.003785,
      0.04207,
      0.087401,
      -0.057332,
      0.077104,
      -0.106933,
      -0.079695,
      -0.072304,
      0.000193,
      0.066093,
      0.054964,
      0.02566,
      0.079532,
      -0.063594,
      0.069913,
      0.014158,
      -0.142078,
      -0.102728,
      0.063542,
      0.044958,
      0.028781,
      0.006648,
      -0.125599,
      0.01839,
      -0.056791,
      -0.064866,
      -0.094702,
      0.112195,
      0.12513,
      0.007451,
      -0.10711,
      -0.023168,
      0.141189,
      -0.0301,
      0.027674,
      -0.020259,
      -0.024074,
      -0.116916,
      -0.099063,
      -0.058148,
      -0.121901,
      -0.0304,
      -0.024658,
      -0.093394,
      0.036771,
      0.082727,
      -0.114535,
      -0.036492,
      0.104571,
      -0.058088,
      0.115639,
      -0.073719,
      0.057359,
      -0.02128,
      -0.02596,
      -0.120734,
      -0.046933,
      -0.026174,
      0.080187,
      0.040206,
      0.104799,
      -0.028116,
      0.076205,
      0.01445,
      -0.101048,
      -0.108676,
      0.015141,
      0.046677,
      -0.07977,
      0.045829,
      0.058523,
      0.124913,
      0.000275,
      -0.057196,
      0.054883,
      0.164174,
      0.020022,
      -0.071328,
      -0.066947,
      -0.056766,
      -0.139342,
      0.022885,
      -0.002452,
      -0.014573,
      -0.133046,
      -0.096888,
      -0.052524,
      -0.009196,
      0.042929,
      0.145579,
      -0.04587,
      -0.034434,
      -0.01993,
      0.035347,
      -0.135663,
      0.077182,
      0.006689,
      -0.000181,
      0.014327,
      0.091145,
      -0.029958,
      -0.017511,
      0.027432,
      0.084536,
      -0.035717,
      0.012316,
      0.044818,
      0.058474,
      0.033716,
      0.035718,
      0.050196,
      -0.067089,
      0.039458,
      -0.07495,
      0.141199,
      -0.05209,
      -0.003489,
      0.061548,
      -0.091431,
      0.05415,
      -0.102404,
      0.040156,
      0.010002,
      0.04918,
      -0.073367,
      0.02279,
      0.082613,
      0.090338,
      0.069242,
      0.021801,
      -0.022127,
      -0.03081,
      -0.023096,
      -0.059851,
      -0.105032,
      0.042505,
      -0.008751,
      0.032032,
      0.123044,
      -0.072205,
      0.107811,
      -0.153889,
      -0.106407,
      -0.049492,
      -0.116519,
      0.006157,
      -0.018339,
      -0.070378,
      -0.069272,
      0.043861,
      -0.024875,
      0.011654,
      -0.019333,
      0.00168,
      0.120299,
      0.077374,
      -0.14473,
      -0.011951,
      -0.055767,
      0.031612,
      -0.003931,
      -0.066671,
      -0.001848,
      -0.008034,
      0.140398,
      0.074426,
      0.115079,
      0.003796,
      -0.101294,
      0.15014,
      0.054021,
      -0.039913,
      0.05264,
      -0.057128,
      -0.051822,
      0.015717,
      -0.032969,
      -0.110612,
      0.041609,
      -0.054823,
      0.16491,
      -0.056608,
      0.0123,
      0.126902,
      -0.124559,
      0.025857,
      0.039102,
      0.042219,
      -0.01396,
      0.091988,
      0.06962,
      -0.058905,
      -0.135054,
      -0.014161,
      0.064453,
      0.069606,
      0.042787,
      -0.010796,
      -0.078024,
      -0.037248,
      -0.097793,
      0.123765,
      0.060074,
      -0.083666,
      -0.014238,
      0.134334,
      0.081184,
      -0.047052,
      -0.042862,
      0.027686,
      -0.042152,
      0.090615,
      0.00432,
      -0.046102,
      0.071788,
      -0.006,
      -0.093401,
      0.091006,
      -0.010599,
      0.122226,
      -0.064255,
      0.095192,
      -0.100167,
      0.039544,
      0.107907,
      -0.063805,
      -0.100369,
      -0.068932,
      -0.013757,
      0.088296,
      0.014674,
      0.136786,
      0.017738,
      0.007595,
      0.103589,
      -0.063542,
      0.107192,
      -0.15927,
      -0.074199,
      0.073153,
      0.017179,
      0.031269,
      -0.089794,
      0.081415,
      -0.121873,
      -0.011325,
      0.068947,
      0.040598,
      0.068029,
      -0.00349,
      -0.022893,
      0.109255,
      0.112067,
      0.052057,
      -0.020728,
      0.05652,
      0.02431,
      0.01072,
      -0.021334,
      -0.144317,
      -0.033169,
      0.153783,
      0.012936,
      0.086377,
      0.062779,
      0.010714,
      0.049946,
      0.097831,
      0.091601,
      0.025775,
      0.020921,
      -0.054354,
      -0.08994,
      -0.091273,
      0.112076,
      0.106682,
      -0.099074,
      -0.090201,
      0.070719,
      0.063224,
      -0.086776,
      0.082434,
      -0.139225,
      -0.069825,
      0.010809,
      -0.024664,
      -0.112431,
      -0.054281,
      -0.044993,
      -0.007768,
      -0.059808,
      -0.01065,
      0.063261,
      -0.000935,
      0.006504,
      0.079715,
      0.076436,
      0.074211,
      -0.144261,
      0.01451,
      -0.039434,
      -0.024528,
      0.0208,
      0.055435,
      0.09796,
      0.089643,
      -0.060154,
      0.101876,
      -0.137063,
      -0.012362,
      -0.121267,
      -0.057767,
      -0.138509,
      0.071149,
      -0.005221,
      -0.092096,
      -0.003325,
      0.00487,
      -0.112994,
      -0.050289,
      -0.044543,
      -0.058985,
      -0.027989,
      -0.105202,
      -0.044286,
      0.045682,
      0.008775,
      -0.023864,
      0.013653,
      0.055212,
      -0.06377,
      -0.077415,
      0.041226,
      0.057958,
      0.041949,
      -0.027881,
      -0.058742,
      -0.150339,
      -0.06895,
      -0.091599,
      0.079298,
      -0.004188,
      0.05837,
      0.003111,
      -0.061068,
      0.009383,
      0.04671,
      -0.010484,
      0.026861,
      0.059524,
      -0.103514,
      0.017217,
      -0.117362,
      -0.049127,
      -0.078573,
      0.01733,
      0.108115,
      0.065439,
      0.036388,
      -0.027599,
      0.008272,
      0.063048,
      0.146507,
      0.092817,
      0.081678,
      -0.100271,
      0.097496,
      -0.065586,
      -0.084151,
      0.009187,
      0.120477,
      -0.027331,
      -0.126148,
      0.004989,
      -0.013384,
      -0.072156,
      0.041434,
      0.063585,
      0.103253,
      -0.027506,
      -0.015221,
      0.104487,
      -0.023563,
      0.076695,
      0.039234,
      -0.165564,
      -0.042994,
      0.03177,
      -0.019947,
      -0.024056,
      0.064434,
      0.027726,
      0.059776,
      0.017742,
      0.084494,
      0.099833,
      -0.010296,
      0.044496,
      0.042162,
      -0.053804,
      -0.080086,
      -0.05968,
      0.102,
      0.09725,
      -0.02404,
      -0.074649,
      0.037921,
      0.137491,
      0.018876,
      -0.07228,
      -0.053197,
      -0.000495,
      0.011509,
      -0.098376,
      -0.108341,
      0.070374,
      -0.067382,
      0.034666,
      0.145126,
      0.069599,
      -0.052422,
      -0.021256,
      0.039342,
      -0.014338,
      -0.015906,
      0.098562,
      -0.06103,
      0.034731,
      -0.142086,
      0.023705,
      -0.019424,
      -0.034345,
      -0.053882,
      -0.064411,
      -0.063187,
      0.021697,
      0.017046,
      0.108176,
      -0.00447,
      -0.046544,
      -0.063612,
      0.051043,
      -0.12111,
      -0.046088,
      0.069037,
      -0.053508,
      0.029054,
      0.021086,
      0.011767,
      -0.071098,
      -0.082417,
      -0.026242,
      0.115767,
      0.053548,
      -0.084765,
      -0.010859,
      -0.002787,
      -0.053277,
      -0.048563,
      0.083709,
      0.073036,
      -0.049391,
      0.119042,
      -0.011172,
      0.092665,
      -0.012918,
      0.075629,
      -0.053924,
      0.053819,
      -0.05397,
      -0.088842,
      -0.080635,
      -0.001424,
      -0.114983,
      -0.108986,
      0.084004,
      -0.031963,
      0.003902,
      -0.036578,
      -0.096576,
      -0.077287,
      -0.025847,
      -0.092451,
      -0.142365,
      -0.099107,
      -0.149739,
      0.013377,
      -0.118457,
      0.079336,
      -0.090389,
      0.074518,
      0.080126,
      0.043281,
      -0.132714,
      0.058632,
      0.004224,
      -0.030998,
      0.006614,
      -0.060204,
      0.020034,
      0.014593,
      0.082455,
      0.005635,
      0.0245,
      -0.095546,
      -0.002334,
      -0.033462,
      0.071157,
      -0.008211,
      -0.058991,
      -0.012275,
      0.06912,
      0.148929,
      -0.064308,
      0.069482,
      -0.048672,
      0.097664,
      -0.056593,
      0.008467,
      0.0152,
      0.042763,
      -0.053567,
      0.132497,
      -0.009875,
      -0.132712,
      0.045955,
      -0.010516,
      0.039843,
      -0.016086,
      -0.002176,
      0.030544,
      -0.056423,
      0.010068,
      0.022091,
      0.071686,
      0.025029,
      -0.069632,
      -0.075238,
      -0.003051,
      0.06873,
      0.08107,
      -0.124437,
      -0.082856,
      0.134209,
      -0.109153,
      -0.003335,
      -0.0107,
      -0.126532,
      0.057401,
      -0.076808,
      0.019159,
      -0.082563,
      0.057015,
      -0.0882,
      -0.012499,
      -0.059916,
      0.011226,
      0.109872,
      -0.020954,
      -0.103751,
      -0.103385,
      -0.062009,
      -0.015113,
      0.065041,
      -0.019463,
      -0.036463,
      -0.041748,
      -0.061143,
      -0.082949,
      0.032881,
      0.067454,
      -0.049435,
      0.002318,
      -0.003271,
      -0.004663,
      0.135617,
      0.022432,
      -0.10775,
      -0.031612,
      0.083262,
      -0.078301,
      -0.043116,
      0.090053,
      0.059313,
      0.082942,
      0.035421,
      0.087416,
      0.081118,
      -0.08069,
      0.045187,
      -0.01446,
      -0.149757,
      -0.003647,
      -0.030722,
      0.131008,
      -0.068383,
      -0.053652,
      -0.16342,
      0.021953,
      0.022886,
      0.050489,
      0.009258,
      -0.012632,
      -0.136183,
      0.016941,
      0.021288,
      -0.09058,
      0.101408,
      -0.033113,
      -0.10693,
      -0.108568,
      -0.015859,
      0.118987,
      0.093713,
      -0.118749,
      0.077285,
      0.047401,
      -0.069421,
      0.111395,
      -0.040851,
      0.111935,
      0.056606,
      0.021205,
      0.095657,
      -0.065548,
      -0.01557,
      0.071391,
      0.020489,
      0.073215,
      -0.045871,
      0.053827,
      0.143038,
      0.002038,
      0.041181,
      -0.09176,
      0.076011,
      0.083202,
      -0.010551,
      -0.041921,
      0.082996,
      -0.041453,
      -0.079655,
      0.040732,
      0.081701,
      0.026289,
      -0.055713,
      -0.064139,
      -0.030928,
      -0.054393,
      -0.03402,
      0.028686,
      -0.00999,
      0.089516,
      0.059408,
      -0.034032,
      -0.068288,
      0.069044,
      0.018526,
      -0.058752,
      0.044519,
      -0.036507,
      -0.092978,
      -0.127947,
      0.111962,
      -0.088826,
      0.082921,
      0.015388,
      -0.00226,
      -0.006147,
      0.034891,
      0.040993,
      -0.039259,
      0.047445,
      0.134524,
      -0.055112,
      -0.022412,
      -0.058033,
      0.103343,
      -0.038172,
      -0.029881,
      0.130507,
      -0.121438,
      0.011999,
      0.046004,
      0.060959,
      -0.034606,
      -0.038043,
      0.159725,
      -0.031978,
      0.014329,
      0.066984,
      -0.096512,
      0.036037,
      -0.06058,
      -0.052902,
      -0.039055,
      -0.071397,
      0.014049,
      0.057701,
      -0.071741,
      -0.013493,
      -0.147524,
      -0.125716,
      0.019419,
      0.038664,
      0.069838,
      -0.131875,
      -0.006308,
      -0.072805,
      0.047488,
      -0.054505,
      -0.06611,
      0.003888,
      0.007919,
      -0.071374,
      -0.03284,
      -0.03083,
      -0.075263,
      0.026454,
      0.108842,
      0.000869,
      0.115414,
      -0.093642,
      0.076393,
      -0.137413,
      -0.041851,
      -0.098376,
      0.153665,
      -0.096158,
      -0.033267,
      -0.040762,
      0.012687,
      -0.033511,
      -0.013941,
      0.068562,
      0.010155,
      -0.129982,
      0.075148,
      -0.10645,
      0.092843,
      0.083737,
      -0.017744,
      -0.101188,
      0.0674,
      -0.026274,
      -0.038456,
      -0.111832,
      0.108514,
      0.031924,
      -0.087291,
      -0.121218,
      -0.051383,
      0.061856,
      0.06852,
      0.011963,
      0.092953,
      -0.132791,
      0.06303,
      -0.127205,
      -0.049422,
      -0.049324,
      0.06506,
      -0.106297,
      0.001635,
      -0.012739,
      0.06769,
      -0.122861,
      -0.012388,
      0.002283,
      0.032262,
      -0.006317,
      -0.06597,
      -0.092896,
      0.049121,
      -0.021204,
      -0.097193,
      0.050779,
      0.058375,
      0.11307,
      0.110569,
      0.094203,
      0.135398,
      -0.0489,
      -0.060889,
      0.07502,
      -0.111977,
      0.095328,
      -0.091359,
      0.031745,
      -0.037198,
      0.028596,
      0.022739,
      -0.090091,
      0.007791,
      -0.127128,
      -0.001565,
      -0.01114,
      0.066806,
      -0.011691,
      0.102976,
      0.162337,
      0.028566,
      -0.022113,
      0.02483,
      -0.07379,
      -0.077859,
      -0.101448,
      -0.04932,
      0.020806,
      0.000839,
      -0.024737,
      -0.12741,
      0.081053,
      -0.098001,
      -0.065971,
      -0.010761,
      0.030335,
      -0.032741,
      0.047216,
      -0.008689,
      0.003045,
      -0.080556,
      -0.04284,
      -0.012872,
      -0.047795,
      -0.05548,
      0.067992,
      0.014027,
      -0.107203,
      0.154518,
      0.029322,
      0.041122,
      -0.035236,
      -0.002789,
      -0.036202,
      -0.128215,
      0.021929,
      -0.031994,
      0.006551,
      0.135318,
      0.117854,
      -0.034173,
      0.014084,
      0.074368,
      -0.043343,
      0.15453,
      -0.053745,
      -0.155455,
      -0.071929,
      -0.093495,
      -0.013474,
      -0.095395,
      -0.019404,
      0.070096,
      -0.05532,
      0.007997,
      0.027355,
      -0.039431,
      0.063358,
      -0.081458,
      -0.015259,
      0.061989,
      0.06098,
      -0.084205,
      -0.161549,
      -0.112369,
      -0.041011,
      0.01616,
      -0.164341,
      0.072182,
      0.044296,
      -0.110178,
      -0.039071,
      -0.071598,
      0.065181,
      -0.091915,
      0.086099,
      0.142511,
      0.002931,
      -0.147672,
      0.081713,
      0.018151,
      0.063411,
      0.084355,
      -0.040306,
      -0.086618,
      0.14056,
      0.084546,
      0.025884,
      -0.090657,
      -0.077577,
      -0.01889,
      0.01316,
      -0.022961,
      -0.006466,
      0.159465,
      0.033182,
      0.027334,
      0.101338,
      0.062591,
      -0.10128,
      0.083171,
      0.041289,
      0.029123,
      0.017557,
      -0.087873,
      -0.086392,
      0.048607,
      -0.074641,
      -0.019795,
      0.007242,
      0.026668,
      -0.090708,
      -0.032554,
      -0.062351,
      -0.122802,
      -0.041374,
      0.064907,
      0.080725,
      0.126008,
      -0.01225,
      0.100482,
      0.080122,
      -0.060602,
      -0.008496,
      0.061226,
      -0.101235,
      -0.04628,
      0.04628,
      0.13884,
      -0.072739,
      0.033095,
      0.126156,
      -0.004002,
      -0.141118,
      -0.039363,
      -0.062044,
      -0.047375,
      -0.053782,
      0.163477,
      0.131151,
      0.020681,
      -0.023692,
      0.012432,
      0.067202,
      0.015965,
      -0.075299,
      -0.009025,
      0.020765,
      -0.075692,
      0.017655,
      -0.069184,
      -0.089258,
      -0.069861,
      0.120989,
      0.032137,
      0.09638,
      0.060772,
      0.049689,
      -0.01657,
      0.078371,
      0.037211,
      0.042534,
      0.03595,
      0.068215,
      -0.037522,
      0.124648,
      -0.104547,
      -0.119399,
      0.03938,
      -0.118556,
      0.034639,
      0.024275,
      0.115525,
      -0.024719,
      0.060259,
      0.059281,
      0.162058,
      0.003021,
      -0.143683,
      0.020251,
      0.004906,
      0.02437,
      -0.057044,
      0.081923,
      0.001369,
      0.022315,
      0.003436,
      0.115326,
      -0.092058,
      0.041413,
      -0.071583,
      0.059031,
      0.000437,
      0.016292,
      -0.013675,
      0.063982,
      -0.125997,
      -0.054784,
      0.088806,
      -0.132597,
      0.073257,
      -0.048777,
      0.05165,
      0.140621,
      -0.085567,
      -0.083568,
      -0.0448,
      -0.042815,
      0.052448,
      -0.034681,
      0.126234,
      0.05084,
      -0.064732,
      0.123603,
      -0.079204,
      -0.011543,
      -0.12856,
      0.033307,
      -0.140906,
      0.016883,
      0.085239,
      0.006417,
      -0.136484,
      0.104085,
      0.028758,
      0.062863,
      -0.129068,
      0.001321,
      -0.060352,
      -0.029966,
      -0.086478,
      0.00984,
      -0.019695,
      -0.115952,
      0.049294,
      0.094836,
      -0.06718,
      -0.101359,
      0.073582,
      0.109526,
      0.121446,
      0.052385,
      0.030345,
      0.099284,
      0.092689,
      -0.09648,
      -0.162138,
      0.102893,
      0.004217,
      -0.094711,
      -0.040372,
      -0.078699,
      0.04499,
      -0.000168,
      -0.079189,
      -0.109247,
      0.073489,
      -0.028978,
      -0.108284,
      -0.090709,
      0.001662,
      -0.00701,
      0.07596,
      -0.071208,
      0.099092,
      -0.028188,
      0.025268,
      0.057419,
      -0.070309,
      -0.022764,
      -0.125632,
      -0.085978,
      -0.04952,
      -0.016884,
      0.036076,
      0.039788,
      -0.085783,
      -0.021374,
      0.05068,
      -0.06298,
      -0.008261,
      0.054202,
      0.13471,
      0.006789,
      -0.069889,
      0.131016,
      0.015479,
      0.070966,
      -0.001484,
      -0.074039,
      -0.038343,
      -0.050764,
      -0.052382,
      -0.043556,
      0.082074,
      -0.058565,
      0.073133,
      0.009718,
      0.054424,
      -0.018531,
      -0.119267,
      -0.058148,
      0.099957,
      -0.138998,
      0.019539,
      0.015796,
      0.054746,
      0.047335,
      -0.06655,
      -0.062446,
      -0.118899,
      0.067024,
      0.130366,
      0.048617,
      -0.067284,
      0.056152,
      -0.112103,
      0.034638,
      0.009446,
      0.022014,
      -0.069489,
      0.103902,
      0.015446,
      0.091084,
      0.097632,
      0.029363,
      0.019039,
      -0.117201,
      -0.032916,
      0.007859,
      0.024423,
      -0.042543,
      -0.065508,
      0.075033,
      0.032359,
      0.134842,
      0.042436,
      -0.061689,
      -0.025801,
      0.025463,
      -0.018711,
      -0.07771,
      0.090911,
      -0.108859,
      -0.028452,
      -0.025363,
      0.057258,
      0.061951,
      0.051197,
      0.101971,
      -0.045606,
      -0.104426,
      0.067276,
      0.002189,
      -0.094044,
      0.120003,
      0.06907,
      -0.054853,
      0.030539,
      0.057886,
      0.065267,
      0.060168,
      0.116738,
      -0.030281,
      -0.150314,
      0.03683,
      0.12379,
      0.081876,
      -0.031799,
      0.015382,
      -0.099119,
      -0.116324,
      -0.120312,
      -0.087914,
      0.046557,
      -0.067015,
      0.031563,
      -0.0167,
      0.009812,
      -0.032323,
      -0.033625,
      0.046531,
      0.045658,
      -0.070655,
      -0.045434,
      0.042552,
      -0.052386,
      -0.040433,
      -0.053974,
      0.022943,
      -0.01904,
      0.036702,
      0.088728,
      -0.007699,
      0.048812,
      0.084454,
      0.015176,
      0.146665,
      -0.085095,
      0.019161,
      0.000789,
      0.146928,
      -0.112961,
      -0.006352,
      -0.00204,
      0.045166,
      -0.133912,
      0.037451,
      0.110607,
      0.083131,
      0.145131,
      -0.038228,
      0.005981,
      -0.010543,
      0.002322,
      0.043435,
      0.063137,
      0.08727,
      -0.000126,
      0.12431,
      0.107086,
      -0.042848,
      -0.041664,
      0.064648,
      0.129705,
      0.082709,
      0.059782,
      -0.000117,
      -0.096594,
      0.056888,
      0.130392,
      -0.156064,
      0.016217,
      -0.137081,
      -0.068285,
      -0.031266,
      0.096098,
      0.037806,
      0.08866,
      0.088694,
      -0.029548,
      -0.064904,
      0.00342,
      0.001479,
      -0.040049,
      0.068167,
      0.128109,
      -0.065837,
      0.145111,
      -0.078168,
      -0.007645,
      0.045181,
      -0.076194,
      0.048236,
      -0.014523,
      0.140253,
      -0.099562,
      -0.028241,
      0.003231,
      0.054832,
      0.013275,
      0.127791,
      0.070349,
      0.057637,
      -0.064912,
      0.119591,
      0.040227,
      -0.080138,
      -0.055505,
      0.042637,
      0.050371,
      0.033217,
      0.000817,
      -0.0829,
      -0.011636,
      0.044889,
      0.005093,
      -0.08433,
      0.00186,
      0.040787,
      0.121826,
      -0.148688,
      -0.104293,
      -0.074187,
      0.07206,
      -0.029153,
      0.005283,
      -0.016204,
      -0.063375,
      0.119971,
      0.035617,
      -0.038529,
      -0.010089,
      0.067756,
      0.079682,
      0.008387,
      -0.042365,
      0.005932,
      0.000472,
      -0.0416,
      -0.046496,
      0.018124,
      0.138945,
      -0.04242,
      0.087172,
      -0.030289,
      0.066096,
      0.116683,
      -0.080786,
      0.096214,
      -0.041674,
      -0.109299,
      0.061934,
      -0.009205,
      0.098656,
      -0.00463,
      -0.072196,
      -0.088386,
      0.055727,
      -0.142155,
      0.119142,
      -0.05568,
      -0.013257,
      -0.02987,
      -0.055882,
      -0.043903,
      -0.053025,
      0.166553,
      0.160447,
      -0.083304,
      0.06348,
      -0.001656,
      -0.123467,
      -0.008579,
      -0.028859,
      -0.050402,
      -0.013348,
      0.094888,
      -0.075561,
      -0.086151,
      0.002043,
      -0.066132,
      0.075152,
      -0.033601,
      0.106467,
      0.118369,
      0.070832,
      0.063999,
      0.126299,
      -0.144918,
      0.0519,
      -0.026318,
      -0.005074,
      0.096322,
      -0.032701,
      -0.064581,
      0.041542,
      -0.029613,
      -0.087704,
      -0.042291,
      -0.09745,
      0.041565,
      0.042348,
      0.058592,
      -0.023075,
      -0.12877,
      -0.012822,
      -0.127196,
      0.126024,
      -0.099841,
      -0.049032,
      -0.072639,
      0.035748,
      -0.111474,
      -0.043182,
      -0.044701,
      0.138764,
      0.030471,
      -0.114497,
      0.010142,
      -0.015773,
      0.061033,
      -0.079047,
      -0.007638,
      -0.075557,
      -0.067459,
      0.00763,
      0.029862,
      -0.105318,
      0.056971,
      -0.025202,
      -0.047884,
      0.0784,
      -0.05749,
      -0.066741,
      0.01045,
      0.118589,
      0.082204,
      -0.034135,
      -0.04313,
      -0.007763,
      0.015916,
      0.062528,
      0.130583,
      0.047924,
      0.148865,
      -0.055091,
      0.131458,
      0.121945,
      0.035253,
      0.064235,
      -0.03641,
      0.00907,
      -0.077731,
      0.022159,
      0.02549,
      -0.010535,
      -0.156058,
      0.028263,
      -0.042468,
      -0.004181,
      -0.00194,
      -0.008073,
      0.098187,
      -0.039526,
      -0.12876,
      -0.040879,
      0.034741,
      0.057377,
      0.095102,
      0.011664,
      -0.066628,
      -0.072575,
      0.101471,
      -0.062962,
      0.029151,
      -0.10504,
      -0.044326,
      0.016452,
      0.027957,
      0.103959,
      -0.086349,
      0.098632,
      0.085459,
      0.111953,
      -0.126007,
      0.081818,
      -0.020253,
      0.06589,
      0.150798,
      -0.011508,
      -0.060143,
      0.004734,
      -0.030653,
      0.069551,
      0.068982,
      -0.083139,
      -0.055814,
      0.065684,
      0.044884,
      0.071246,
      -0.052163,
      0.111593,
      0.072801,
      0.154015,
      0.092082,
      0.013109,
      -0.034013,
      0.050549,
      -0.111801,
      -0.061354,
      0.067717,
      0.117583,
      0.104807,
      0.001988,
      0.024474,
      -0.128218,
      -0.086327,
      -0.013645,
      0.150102,
      0.094347,
      0.03808,
      -0.07646,
      0.071374,
      0.148825,
      0.137861,
      -0.10871,
      0.108895,
      0.00043,
      0.050919,
      0.086546,
      0.07932,
      0.012209,
      0.016958,
      0.001224,
      -0.034257,
      0.050225,
      -0.030565,
      0.09922,
      -0.050724,
      0.010109,
      0.077436,
      0.072546,
      0.058254,
      -0.161664,
      -0.086517,
      -0.047685,
      -0.084816,
      0.025085,
      0.091892,
      -0.123436,
      0.053369,
      0.045548,
      0.167538,
      0.071804,
      0.162798,
      0.063448,
      0.057838,
      -0.056754,
      -0.00183,
      -0.066463,
      -0.109698,
      0.042877,
      0.09329,
      -0.05853,
      -0.112243,
      0.130462,
      -0.063741,
      -0.039775,
      0.139623,
      0.00355,
      -0.071093,
      0.117115,
      0.076599,
      -0.061868,
      -0.061414,
      0.014083,
      -0.15021,
      0.125839,
      -0.047693,
      0.007515,
      -0.120886,
      -0.035326,
      0.082392,
      -0.019101,
      0.06878,
      -0.037942,
      0.045413,
      -0.024132,
      -0.026799,
      -0.048285,
      -0.044337,
      0.04622,
      -0.05211,
      0.007978,
      -0.050185,
      -0.025229,
      -0.054748,
      -0.004195,
      -0.102879,
      0.089285,
      -0.084051,
      0.06693,
      -0.037781,
      0.013711,
      -0.009228,
      -0.003441,
      0.011492,
      0.045927,
      -0.080273,
      0.077839,
      -0.08932,
      -0.003316,
      -0.074656,
      -0.057309,
      0.093647,
      -0.081258,
      -0.007082,
      0.032618,
      -0.070573,
      0.05212,
      0.104463,
      0.068936,
      0.04204,
      -0.079958,
      0.08211,
      -0.108089,
      0.042858,
      -0.138915,
      -0.023788,
      0.011989,
      -0.019772,
      -0.009049,
      -0.020649,
      -0.116751,
      0.092442,
      -0.113832,
      0.024616,
      -0.074652,
      0.158718,
      0.066988,
      -0.133581,
      -0.028836,
      -0.108944,
      -0.093974,
      -0.100642,
      -0.015101,
      -0.075331,
      -0.066421,
      -0.066447,
      0.034042,
      -0.004635,
      -0.102805,
      0.054832,
      -0.094614,
      0.071071,
      -0.045796,
      0.063186,
      -0.087968,
      0.070319,
      0.157935,
      0.097991,
      -0.068322,
      -0.017049,
      0.048549,
      -0.006866,
      0.019885,
      0.018041,
      0.065985,
      0.083979,
      -0.060851,
      -0.002089,
      -0.122549,
      0.143551,
      0.068973,
      -0.161756,
      0.01672,
      -0.141059,
      -0.050352,
      0.03125,
      -0.02189,
      0.008258,
      -0.049808,
      0.028634,
      0.095104,
      -0.055224,
      -0.009771,
      0.029152,
      -0.116066,
      0.059696,
      0.082332,
      -0.079575,
      0.140357,
      -0.096517,
      0.017116,
      -0.123032,
      0.040685,
      -0.081763,
      -0.004715,
      0.03968,
      -0.059139,
      0.056281,
      0.122716,
      0.028561,
      0.066502,
      -0.001838,
      0.037279,
      0.068283,
      0.020908,
      0.075206,
      0.034945,
      -0.101034,
      0.130502,
      -0.049363,
      0.04218,
      -0.02224,
      -0.007905,
      -0.053609,
      0.053221,
      -0.147046,
      0.053828,
      0.059738,
      0.159038,
      0.051524,
      -0.112864,
      -0.059412,
      0.115025,
      -0.032275,
      -0.027402,
      0.021116,
      -0.010484,
      0.009935,
      -0.090277,
      0.042254,
      0.075528,
      0.125829,
      0.104761,
      0.026337,
      0.003664,
      0.05485,
      0.01975,
      0.053096,
      -0.01818,
      0.007618,
      -0.146159,
      -0.029278,
      -0.021274,
      0.111869,
      -0.14178,
      -0.129006,
      -0.060111,
      0.060974,
      0.120945,
      -0.113581,
      -0.097825,
      -0.098458,
      0.019486,
      -0.094385,
      0.137753,
      0.013258,
      0.074226,
      0.002723,
      0.000955,
      0.054223,
      0.06634,
      0.052639,
      -0.007282,
      -0.028285,
      -0.096772,
      -0.04712,
      0.109337,
      -0.033591,
      -0.025484,
      -0.041923,
      -0.094676,
      0.058506,
      0.109639,
      0.126073,
      -0.018804,
      0.009187,
      -0.121766,
      0.071633,
      0.138573,
      -0.132355,
      -0.099364,
      -0.012975,
      -0.00766,
      0.0354,
      -0.051791,
      0.163008,
      -0.000801,
      -0.032706,
      0.062014,
      0.067268,
      -0.003979,
      -0.100885,
      -0.086786,
      0.045664,
      0.012346,
      0.054761,
      -0.122666,
      0.031734,
      0.132072,
      0.119156,
      -0.088956,
      0.014068,
      0.102673,
      -0.050107,
      -0.112103,
      -0.026031,
      0.060859,
      0.143471,
      -0.090821,
      0.109546,
      -0.027424,
      -0.111175,
      -0.041153,
      0.027753,
      0.09123,
      0.097337,
      0.000478,
      -0.036551,
      0.063233,
      -0.003031,
      0.055284,
      -0.065748,
      0.064733,
      0.037763,
      0.025986,
      0.059447,
      -0.111752,
      -0.078806,
      0.136749,
      0.100341,
      0.00908,
      0.029023,
      -0.077183,
      -0.042128,
      -0.059314,
      0.029619,
      -0.068172,
      0.061347,
      -0.066523,
      0.134367,
      -0.020236,
      -0.097225,
      0.066861,
      0.03557,
      -0.009646,
      -0.000698,
      0.075285,
      0.000396,
      0.06306,
      -0.083901,
      -0.099734,
      -0.091654,
      -0.02031,
      -0.004896,
      -0.082825,
      0.142388,
      0.05883,
      -0.026284,
      -0.072466,
      0.015471,
      -0.01665,
      0.066792,
      -0.049779,
      0.031823,
      -0.043327,
      -0.095174,
      -0.047198,
      -0.003551,
      0.029552,
      0.0396,
      0.098928,
      -0.008923,
      -0.084522,
      -0.065033,
      -0.037739,
      0.066667,
      0.055859,
      0.139927,
      -0.037303,
      -0.065801,
      -0.038108,
      -0.044161,
      0.062379,
      -0.097264,
      -0.011863,
      -0.02867,
      -0.102004,
      -0.024093,
      0.099054,
      -0.079198,
      0.153086,
      -0.125139,
      -0.084569,
      0.00624,
      -0.05976,
      0.109702,
      0.083397,
      0.13792,
      0.046474,
      -0.00262,
      -0.052234,
      -0.033964,
      -0.038456,
      -0.014824,
      0.030274,
      -0.051324,
      0.050654,
      -0.022662,
      -0.119489,
      0.023317,
      0.008139,
      -0.073549,
      -0.126521,
      -0.023563,
      0.123021,
      0.044423,
      0.118739,
      -0.032638,
      0.024669,
      0.065035,
      -0.029059,
      -0.008246,
      0.014343,
      -0.110272,
      -0.078409,
      -0.019201,
      -0.006528,
      0.109143,
      0.116752,
      0.103793,
      0.102673,
      0.084474,
      -0.092978,
      0.084206,
      0.074653,
      -0.067471,
      0.021461,
      -0.075887,
      -0.011942,
      0.008593,
      -0.088241,
      0.082405,
      -0.045483,
      -0.028254,
      -0.024086,
      -0.098585,
      0.148153,
      -0.045782,
      0.015442,
      -0.057308,
      -0.091331,
      0.046307,
      -0.092137,
      -0.07485,
      0.101227,
      -0.086024,
      0.006338,
      0.048284,
      -0.058352,
      -0.05504,
      -0.057281,
      -0.05235,
      0.017642,
      -0.027043,
      -0.137783,
      -0.080607,
      -0.022846,
      0.010499,
      -0.137802,
      0.002676,
      0.123658,
      -0.119136,
      0.001115,
      0.108376,
      0.03275,
      0.092831,
      0.043913,
      0.082474,
      -0.026186,
      0.099662,
      -0.141953,
      -0.043881,
      0.007313,
      -0.132995,
      0.033582,
      0.135431,
      -0.075897,
      0.005482,
      -0.018092,
      0.097716,
      -0.078014,
      0.118603,
      0.036288,
      -0.00893,
      -0.003468,
      -0.080555,
      -0.064449,
      0.050612,
      0.075547,
      0.124514,
      0.054318,
      -0.01697,
      -0.038453,
      0.01614,
      0.00778,
      -0.00831,
      0.015424,
      -0.09159,
      -0.057897,
      0.059574,
      0.055995,
      0.161716,
      0.124453,
      0.165653,
      -0.010812,
      -0.078356,
      0.069338,
      0.067403,
      0.140339,
      0.030795,
      0.0619,
      -0.126632,
      -0.110338,
      -0.095599,
      -0.052224,
      0.124353,
      0.100773,
      -0.048609,
      -0.091374,
      -0.067875,
      0.017976,
      0.129615,
      0.048544,
      -0.11435,
      0.00844,
      0.016856,
      -0.152921,
      0.135787,
      -7.1e-05,
      -0.043142,
      -0.024683,
      -0.081771,
      -0.046288,
      -0.12678,
      0.073795,
      0.076009,
      -0.109968,
      -0.089589,
      -0.021751,
      -0.026107,
      -0.063588,
      0.046915,
      0.0026,
      0.030828,
      -0.088142,
      0.032708,
      0.159629,
      -0.010158,
      0.015036,
      -0.010506,
      -0.004066,
      -0.035263,
      0.12837,
      0.120367,
      0.09555,
      0.15419,
      -0.100598,
      -0.053082,
      -0.120083,
      -0.003308,
      -0.001475,
      -0.015809,
      -0.038053,
      0.029219,
      -0.066575,
      0.006721,
      0.101049,
      -0.070335,
      0.019331,
      0.103635,
      -0.009862,
      0.075379,
      0.025439,
      0.043564,
      0.128976,
      0.023214,
      0.021483,
      0.112626,
      -0.032272,
      0.051411,
      0.001989,
      -0.024271,
      -0.086081,
      -0.071495,
      -0.139756,
      0.059971,
      0.088046,
      0.067244,
      -0.009173,
      0.032014,
      0.068227,
      -0.079756,
      0.032407,
      0.043024,
      -0.144006,
      0.03667,
      -0.03218,
      -0.006326,
      0.139236,
      -0.025925,
      -0.009827,
      0.100031,
      0.049825,
      -0.072692,
      0.034773,
      -0.033178,
      0.03006,
      -0.079181,
      -0.130119,
      0.047291,
      0.018606,
      -0.034124,
      0.033593,
      0.084099,
      0.06743,
      -0.047713,
      -0.037026,
      0.070606,
      -0.125917,
      -0.081149,
      0.017347,
      0.003769,
      -0.005175,
      -0.128537,
      -0.015593,
      -0.000409,
      0.013619,
      -0.097255,
      -0.026879,
      -0.042653,
      0.080389,
      -0.076719,
      0.14742,
      -0.042231,
      0.048074,
      -0.016151,
      -0.141405,
      -0.156586,
      -0.062545,
      -0.066046,
      0.040202,
      -0.070336,
      0.059819,
      -0.067474,
      0.084889,
      -0.076596,
      -0.142123,
      0.149824,
      0.079579,
      0.024015,
      -0.058169,
      -0.030084,
      -0.110667,
      0.058123,
      0.033934,
      0.076369,
      0.070826,
      0.136974,
      -0.022313,
      0.036519,
      0.047275,
      0.086578,
      -0.002729,
      0.048684,
      0.098912,
      -0.080383,
      -0.060165,
      -0.05651,
      0.035663,
      0.029559,
      -0.159292,
      -0.051143,
      0.121193,
      0.05809,
      0.098436,
      0.04463,
      -0.044875,
      -0.053022,
      0.086659,
      0.090823,
      0.015343,
      -0.008811,
      -0.090204,
      0.060757,
      0.049402,
      -0.025923,
      -0.104555,
      0.030235,
      -0.041911,
      -0.018457,
      -0.035844,
      -0.053816,
      0.014437,
      0.044035,
      0.092155,
      0.053099,
      -0.056895,
      -0.117779,
      -0.136864,
      -0.140297,
      0.00754,
      -0.058372,
      0.123781,
      -0.07832,
      0.017567,
      -0.113832,
      -0.018115,
      0.032774,
      0.102741,
      0.00592,
      -0.020249,
      0.047863,
      -0.116172,
      -0.14445,
      -0.012136,
      -0.00334,
      0.091095,
      -0.070405,
      -0.120607,
      -0.008509,
      0.040909,
      -0.093847,
      0.016033,
      -0.118735,
      -0.02623,
      0.01586,
      0.01878,
      0.028465,
      0.013779,
      -0.088728,
      0.072571,
      0.08261,
      0.035703,
      -0.079637,
      0.06492,
      -0.097645,
      0.118927,
      0.030241,
      -0.072066,
      -0.100887,
      -0.07173,
      -0.112662,
      -0.000931,
      0.096909,
      0.149446,
      -0.011946,
      -0.010761,
      -0.000559,
      0.060657,
      -0.050691,
      -0.13996,
      0.092238,
      0.099475,
      0.043779,
      -0.015932,
      0.110223,
      0.127755,
      -0.010878,
      -0.074844,
      0.030721,
      0.058287,
      -0.041372,
      0.009172,
      -0.035208,
      0.151785,
      0.042606,
      -0.019411,
      -0.092271,
      -0.046436,
      0.147004,
      0.081319,
      0.023415,
      0.021796,
      0.06856,
      -0.013767,
      0.069162,
      0.053762,
      0.001007,
      0.061916,
      -0.029076,
      -0.026574,
      -0.058035,
      -0.058796,
      -0.113155,
      0.159287,
      0.16583,
      -0.127424,
      0.0183,
      0.118241,
      -0.038366,
      0.120534,
      -0.125937,
      0.044536,
      -0.053441,
      -0.122415,
      -0.100945,
      0.02875,
      0.034009,
      0.115085,
      -0.09207,
      -0.079573,
      -0.046122,
      -0.032249,
      0.017231,
      -0.003185,
      0.031643,
      0.024674,
      0.020362,
      0.04917,
      0.039306,
      -0.072145,
      0.011677,
      -0.04907,
      -0.038718,
      0.142582,
      -0.010937,
      -0.054246,
      -0.066649,
      0.060915,
      0.130067,
      -0.060503,
      0.107472,
      0.028407,
      -0.12625,
      -0.003442,
      -0.124182,
      -0.057601,
      -0.096777,
      0.065783,
      0.013645,
      0.040154,
      0.06132,
      -0.007879,
      0.008138,
      -0.02801,
      0.052777,
      0.079897,
      0.020359,
      0.069234,
      0.036594,
      -0.033155,
      0.038455,
      0.016499,
      -0.001668,
      -0.013341,
      0.045803,
      -0.096017,
      -0.094034,
      -0.016393,
      0.013614,
      -0.11596,
      -0.048295,
      -0.114563,
      0.052604,
      0.136249,
      0.041108,
      -0.064795,
      0.008731,
      0.03609,
      0.018441,
      0.039911,
      0.04797,
      0.070655,
      -0.046509,
      -0.059375,
      0.092699,
      0.021811,
      -0.107714,
      -0.023668,
      0.054908,
      -0.028237,
      0.005799,
      0.074885,
      0.024153,
      0.006648,
      -0.096903,
      -0.045002,
      -0.05181,
      -0.019758,
      -0.065073,
      0.12169,
      -0.120563,
      0.024973,
      -0.08005,
      0.067243,
      0.076626,
      0.05546,
      -0.151446,
      0.031278,
      -0.030257,
      -0.147072,
      -0.142665,
      -0.095717,
      0.010567,
      0.069399,
      -0.030357,
      0.153585,
      -0.084836,
      -0.014638,
      -0.016048,
      -0.022224,
      0.056145,
      0.012796,
      0.096655,
      -0.061231,
      0.058462,
      0.002463,
      0.042297,
      -0.002554,
      0.08496,
      0.106572,
      -0.061909,
      -0.101256,
      0.111129,
      0.021293,
      0.029353,
      -0.078881,
      0.02599,
      -0.09698,
      0.151403,
      0.071884,
      -0.047998,
      -0.038086,
      -0.116427,
      -0.062915,
      0.135418,
      0.157046,
      -0.077352,
      -0.133451,
      -0.049532,
      -0.082347,
      -0.147298,
      0.044913,
      -0.027383,
      -0.037104,
      0.027615,
      -0.08494,
      0.13011,
      0.033952,
      0.014677,
      -0.067096,
      -0.009143,
      0.12575,
      0.030529,
      -0.034251,
      -0.027631,
      0.050251,
      -0.111924,
      -0.141442,
      0.127886,
      0.028298,
      0.015958,
      0.085635,
      -0.047712,
      0.006141,
      0.070252,
      0.159725,
      0.038299,
      0.121456,
      -0.061703,
      0.150169,
      -0.108713,
      0.027329,
      0.03826,
      -0.042132,
      0.071818,
      0.012128,
      -0.016436,
      -0.023049,
      0.060142,
      0.023307,
      0.102911,
      -0.023909,
      -0.042117,
      0.023991,
      0.052905,
      -0.074932,
      0.038986,
      0.137334,
      0.086204,
      0.062755,
      -0.039427,
      -0.042599,
      0.056503,
      0.031538,
      -0.131528,
      -0.021336,
      -0.06192,
      -0.034611,
      0.136992,
      0.083497,
      -0.082523,
      -0.076199,
      -0.026271,
      0.043034,
      -0.076125,
      0.003416,
      0.002864,
      -0.029514,
      0.043466,
      -0.029968,
      -0.054643,
      -0.040652,
      0.103708,
      0.064396,
      0.011038,
      -0.06252,
      -0.128653,
      0.133467,
      0.002809,
      -0.034855,
      -0.107608,
      0.088693,
      -0.128142,
      0.025016,
      -0.130739,
      0.028714,
      0.069205,
      -0.01745,
      -0.108013,
      0.036638,
      -0.014394,
      -0.007421,
      0.045991,
      0.022146,
      -0.029892,
      -0.032837,
      0.135939,
      -0.074802,
      0.056337,
      -0.015565,
      0.007295,
      -0.142408,
      -0.158107,
      0.000246,
      0.118133,
      -0.117886,
      -0.068837,
      0.05929,
      0.051535,
      -0.089302,
      -0.038513,
      0.076749,
      0.160631,
      -0.15942,
      -0.008918,
      -0.052814,
      0.131946,
      -0.004608,
      0.03146,
      0.037081,
      -0.086767,
      -0.018091,
      -0.073453,
      0.005752,
      -0.009695,
      0.008299,
      0.090645,
      0.036414,
      0.019982,
      0.028351,
      -0.020336,
      -0.069478,
      0.069142,
      0.135631,
      0.017804,
      -0.127101,
      -0.057492,
      0.035218,
      -0.089052,
      0.012583,
      0.084225,
      0.157882,
      0.032672,
      0.104666,
      -0.058105,
      -0.005265,
      -0.089243,
      0.023221,
      -0.067556,
      -0.017713,
      0.061057,
      -0.101793,
      -0.096216,
      -0.047275,
      -0.15622,
      0.063381,
      -0.02007,
      0.030085,
      0.096297,
      0.094543,
      -0.027543,
      0.012243,
      0.080059,
      0.14395,
      -0.039596,
      0.167732,
      -0.108936,
      0.032445,
      -0.047162,
      0.035608,
      -0.168028,
      -0.136655,
      -0.101528,
      0.023479,
      -0.041232,
      0.121578,
      -0.097786,
      -0.015258,
      -0.040167,
      0.008538,
      -0.116544,
      0.078739,
      -0.114461,
      0.123713,
      0.068988,
      0.034327,
      0.011867,
      -0.066678,
      0.014615,
      0.121572,
      -0.093853,
      0.102092,
      -0.065245,
      -0.016157,
      -0.125166,
      -0.072399,
      0.047545,
      -0.041186,
      -0.044184,
      -0.092394,
      0.054007,
      -0.023675,
      0.02357,
      -0.010363,
      0.142093,
      -0.030069,
      0.079493,
      -0.002519,
      0.091788,
      0.062682,
      -0.12055,
      0.042227,
      0.084544,
      -0.092716,
      0.046276,
      -0.003465,
      0.012424,
      0.013797,
      -0.0031,
      -0.050173,
      -0.058012,
      0.065818,
      -0.030058,
      0.004909,
      0.019059,
      0.006848,
      -0.059827,
      -0.049948,
      -0.07349,
      0.030509,
      0.076289,
      0.053502,
      -0.113035,
      0.068424,
      0.038093,
      -0.053171,
      -0.019164,
      -0.109226,
      -0.030687,
      -0.01576,
      0.000448,
      0.005133,
      -0.011042,
      0.034,
      -0.032918,
      -0.049509,
      0.027286,
      -0.086353,
      -0.020596,
      -0.000289,
      -0.059464,
      0.14165,
      0.069795,
      -0.119365,
      0.126736,
      -0.044493,
      -0.012911,
      -0.117421,
      -0.082832,
      0.037417,
      -0.112466,
      -0.032756,
      -0.009972,
      0.005773,
      0.057492,
      -0.039205,
      0.130617,
      -0.03917,
      -0.092867,
      0.037294,
      0.049239,
      -0.003029,
      -0.01077,
      -0.152947,
      -0.053125,
      -0.036342,
      0.046542,
      -0.04225,
      0.122578,
      -0.092019,
      0.001435,
      -0.077033,
      0.048122,
      0.025531,
      0.0487,
      0.066306,
      0.102663,
      -0.004881,
      -0.046889,
      0.058234,
      -0.128775,
      -0.045471,
      0.061094,
      -0.113451,
      0.014392,
      -0.096535,
      0.053605,
      0.117723,
      -0.08259,
      0.059463,
      -0.091479,
      -0.13465,
      -0.097397,
      -0.135747,
      0.074636,
      0.08176,
      0.14564,
      0.074978,
      0.069838,
      0.005713,
      -0.061398,
      0.123455,
      0.068852,
      0.052203,
      0.060509,
      0.014652,
      0.000622,
      0.017682,
      -0.069917,
      0.149422,
      0.034147,
      0.122754,
      0.086763,
      0.038581,
      0.105586,
      -0.006648,
      0.079005,
      0.030904,
      -0.060397,
      -0.04895,
      -0.019983,
      -0.089188,
      -0.041845,
      0.055948,
      -0.146326,
      0.119001,
      -0.041485,
      -0.081342,
      0.016455,
      0.137408,
      -0.081062,
      -0.042327,
      0.067965,
      -0.042868,
      -0.004911,
      0.125677,
      -0.005643,
      0.017451,
      0.048856,
      0.078194,
      -0.110105,
      -0.053962,
      0.091778,
      0.078684,
      -0.081529,
      -0.102036,
      -0.034438,
      0.056246,
      -0.078477,
      0.103084,
      0.069537,
      0.042349,
      -0.057219,
      -0.025251,
      0.051465,
      -0.045948,
      -0.038007,
      0.034258,
      0.095263,
      0.115312,
      0.060586,
      -0.056982,
      0.065815,
      -0.034108,
      0.022215,
      0.139365,
      0.050291,
      0.034639,
      0.01278,
      0.047967,
      -0.034686,
      -0.026279,
      0.034813,
      -0.083531,
      0.137426,
      -0.032172,
      -0.019366,
      -0.067969,
      0.137576,
      0.06065,
      -0.160392,
      -0.08446,
      0.016677,
      -0.095714,
      0.022393,
      0.056097,
      0.068887,
      0.071376,
      -0.015179,
      0.069375,
      0.001068,
      -0.065343,
      0.062058,
      -0.075819,
      0.01123,
      0.070961,
      0.053259,
      0.044452,
      0.006607,
      0.062063,
      0.092396,
      0.016639,
      -0.022632,
      -0.039642,
      0.110313,
      0.045103,
      -0.116428,
      0.03425,
      0.100311,
      0.049815,
      0.005408,
      0.031711,
      0.020984,
      -0.054061,
      -0.075569,
      -0.036146,
      0.035228,
      -0.081625,
      0.026496,
      -0.059986,
      0.043545,
      0.07687,
      -0.119882,
      0.107355,
      -0.074668,
      0.108925,
      -0.028863,
      0.042582,
      -0.128598,
      0.071562,
      -0.01016,
      -0.001102,
      -0.010514,
      -0.0368,
      -0.05142,
      0.02378,
      0.062243,
      0.057637,
      -0.010865,
      0.068152,
      0.158155,
      -0.119601,
      -0.020462,
      -0.053729,
      0.084549,
      0.007423,
      0.0712,
      -0.068016,
      0.05084,
      -0.009695,
      -0.02942,
      -0.121572,
      -0.009819,
      0.011521,
      -0.056076,
      0.111603,
      -0.015324,
      0.160312,
      -0.008786,
      -0.0069,
      0.069806,
      0.020327,
      -0.041221,
      -0.01888,
      0.053523,
      0.035661,
      0.001625,
      0.063913,
      0.125185,
      0.018504,
      0.01054,
      0.099619,
      0.003776,
      0.002953,
      0.097108,
      0.009211,
      -0.013348,
      0.020469,
      0.059933,
      -0.106163,
      0.139978,
      0.002595,
      0.002115,
      0.076745,
      -0.012028,
      0.105304,
      -0.020838,
      -0.156717,
      -0.066014,
      -0.062008,
      -0.006661,
      -0.04908,
      -0.075751,
      0.015696,
      -0.087416,
      -0.05931,
      0.019108,
      0.046206,
      0.123101,
      -0.01079,
      -0.016198,
      0.082599,
      0.01444,
      -0.029416,
      0.081407,
      -0.07945,
      -0.065197,
      -0.089432,
      -0.010187,
      -0.039935,
      0.106058,
      -0.09047,
      -0.050823,
      -0.053393,
      0.052414,
      0.10075,
      -0.070466,
      0.027676,
      -0.092589,
      -0.023004,
      0.114775,
      0.066967,
      -0.069452,
      -0.083596,
      0.14413,
      -0.039049,
      0.026939,
      -0.008367,
      -0.121873,
      -0.058161,
      0.072333,
      0.014732,
      -0.013199,
      -0.051262,
      0.067444,
      0.066278,
      -0.022646,
      -0.016612,
      0.03184,
      0.039707,
      0.055184,
      0.047225,
      0.081766,
      -0.011198,
      0.00325,
      -0.02801,
      -0.037684,
      -0.003803,
      0.028416,
      0.052754,
      -0.051078,
      0.075208,
      0.040256,
      0.038447,
      0.057779,
      0.059614,
      -0.067615,
      -0.033231,
      0.028577,
     